"","gene","sgRNA","class","L1","L2","L3","L4","H1","H2","H3","H4"
"1","G0001","G0001_01","inactive",6,29,10,6,12,21,13,7
"2","G0001","G0001_02","inactive",9,14,12,2,16,11,14,9
"3","G0001","G0001_03","inactive",5,10,7,0,8,5,7,1
"4","G0001","G0001_04","inactive",27,41,30,21,30,44,27,29
"5","G0001","G0001_05","inactive",18,26,26,8,20,21,19,14
"6","G0001","G0001_06","inactive",6,15,13,10,17,12,12,12
"7","G0001","G0001_07","inactive",12,9,13,12,12,5,4,7
"8","G0001","G0001_08","inactive",0,20,14,10,7,8,13,3
"9","G0001","G0001_09","inactive",3,11,3,6,5,4,2,7
"10","G0001","G0001_10","inactive",4,17,12,4,12,21,15,5
"11","G0002","G0002_01","inactive",7,10,5,1,5,7,14,3
"12","G0002","G0002_02","inactive",4,22,6,4,13,18,19,9
"13","G0002","G0002_03","inactive",2,19,10,12,19,9,14,11
"14","G0002","G0002_04","inactive",8,13,2,7,5,6,7,1
"15","G0002","G0002_05","inactive",20,33,26,16,22,19,24,7
"16","G0002","G0002_06","inactive",3,20,7,5,7,5,9,13
"17","G0002","G0002_07","inactive",5,8,4,1,0,6,8,7
"18","G0002","G0002_08","inactive",15,32,27,17,21,18,20,19
"19","G0002","G0002_09","inactive",7,10,7,8,8,18,10,7
"20","G0002","G0002_10","inactive",1,4,3,1,3,2,4,0
"21","G0003","G0003_01","inactive",6,10,5,7,15,4,4,4
"22","G0003","G0003_02","inactive",6,2,7,0,1,4,1,5
"23","G0003","G0003_03","inactive",6,2,0,1,9,2,1,1
"24","G0003","G0003_04","inactive",2,4,3,5,4,1,3,1
"25","G0003","G0003_05","inactive",13,6,1,4,7,6,8,2
"26","G0003","G0003_06","inactive",7,11,2,1,4,9,10,2
"27","G0003","G0003_07","inactive",1,9,8,12,4,14,5,8
"28","G0003","G0003_08","inactive",5,17,14,4,7,13,14,9
"29","G0003","G0003_09","inactive",3,18,4,7,10,16,6,8
"30","G0003","G0003_10","inactive",1,5,4,5,9,6,5,4
"31","G0004","G0004_01","inactive",6,18,15,5,16,15,4,5
"32","G0004","G0004_02","inactive",2,11,6,11,3,4,8,10
"33","G0004","G0004_03","inactive",12,20,14,3,15,10,18,3
"34","G0004","G0004_04","inactive",10,16,13,10,10,9,15,6
"35","G0004","G0004_05","inactive",14,29,15,11,31,33,25,24
"36","G0004","G0004_06","inactive",6,21,13,11,12,12,11,16
"37","G0004","G0004_07","inactive",3,13,3,3,3,12,5,12
"38","G0004","G0004_08","inactive",4,17,4,5,6,15,10,4
"39","G0004","G0004_09","inactive",3,10,7,4,2,13,5,7
"40","G0004","G0004_10","inactive",3,13,4,1,9,11,5,3
"41","G0005","G0005_01","inactive",3,2,4,2,3,2,2,1
"42","G0005","G0005_02","inactive",14,14,15,16,27,14,18,6
"43","G0005","G0005_03","inactive",28,48,19,24,42,26,32,23
"44","G0005","G0005_04","inactive",28,37,22,23,49,36,38,22
"45","G0005","G0005_05","inactive",10,19,9,24,18,10,11,12
"46","G0005","G0005_06","inactive",0,0,0,0,2,0,3,0
"47","G0005","G0005_07","inactive",12,22,12,12,23,22,17,10
"48","G0005","G0005_08","inactive",2,17,9,3,10,14,9,21
"49","G0005","G0005_09","inactive",4,3,6,3,6,0,5,2
"50","G0005","G0005_10","inactive",1,4,1,2,5,1,2,0
"51","G0006","G0006_01","inactive",1,1,0,1,2,5,3,0
"52","G0006","G0006_02","inactive",9,20,23,7,10,23,17,9
"53","G0006","G0006_03","inactive",7,15,10,4,4,17,14,11
"54","G0006","G0006_04","inactive",5,10,5,4,11,6,5,7
"55","G0006","G0006_05","inactive",3,16,1,7,5,10,9,8
"56","G0006","G0006_06","inactive",4,15,2,2,3,5,4,5
"57","G0006","G0006_07","inactive",7,11,11,5,8,3,10,3
"58","G0006","G0006_08","inactive",10,30,17,6,15,21,27,7
"59","G0006","G0006_09","inactive",6,29,14,11,13,18,16,10
"60","G0006","G0006_10","inactive",4,13,8,11,10,16,11,7
"61","G0007","G0007_01","inactive",2,6,7,7,8,6,8,4
"62","G0007","G0007_02","inactive",3,13,7,15,9,8,6,16
"63","G0007","G0007_03","inactive",3,4,3,4,6,4,3,2
"64","G0007","G0007_04","inactive",10,25,22,8,23,17,21,7
"65","G0007","G0007_05","inactive",4,17,5,14,2,7,7,7
"66","G0007","G0007_06","inactive",14,15,16,9,13,14,11,7
"67","G0007","G0007_07","inactive",23,36,31,21,50,35,43,39
"68","G0007","G0007_08","inactive",4,8,8,4,5,12,3,4
"69","G0007","G0007_09","inactive",6,15,13,6,4,10,14,3
"70","G0007","G0007_10","inactive",0,20,8,7,2,10,8,8
"71","G0008","G0008_01","inactive",4,3,3,6,6,6,4,6
"72","G0008","G0008_02","inactive",6,4,3,5,10,5,2,4
"73","G0008","G0008_03","inactive",0,1,1,0,4,0,0,0
"74","G0008","G0008_04","inactive",8,16,3,8,17,12,13,8
"75","G0008","G0008_05","inactive",3,5,4,2,3,4,10,5
"76","G0008","G0008_06","inactive",21,52,15,22,37,29,16,19
"77","G0008","G0008_07","inactive",5,29,17,14,25,30,19,13
"78","G0008","G0008_08","inactive",2,5,0,5,9,3,3,5
"79","G0008","G0008_09","inactive",13,19,11,11,10,15,6,12
"80","G0008","G0008_10","inactive",2,1,1,0,1,1,0,1
"81","G0009","G0009_01","inactive",6,21,16,7,17,21,18,13
"82","G0009","G0009_02","inactive",7,18,9,8,12,9,6,9
"83","G0009","G0009_03","inactive",11,16,17,17,14,18,17,16
"84","G0009","G0009_04","inactive",2,9,1,2,1,1,6,3
"85","G0009","G0009_05","inactive",1,6,10,8,6,4,11,4
"86","G0009","G0009_06","inactive",9,12,1,12,9,18,8,3
"87","G0009","G0009_07","inactive",10,12,6,5,15,9,7,4
"88","G0009","G0009_08","inactive",21,34,18,12,34,19,31,11
"89","G0009","G0009_09","inactive",2,3,1,0,1,3,1,0
"90","G0009","G0009_10","inactive",12,22,9,10,8,21,12,7
"91","G0010","G0010_01","decreasing",14,21,10,12,10,13,11,6
"92","G0010","G0010_02","decreasing",5,15,4,9,7,6,7,1
"93","G0010","G0010_03","decreasing",13,51,21,24,11,21,10,19
"94","G0010","G0010_04","decreasing",15,18,9,9,11,16,10,14
"95","G0010","G0010_05","decreasing",15,32,23,8,11,7,3,7
"96","G0010","G0010_06","decreasing",7,8,5,0,8,8,1,1
"97","G0010","G0010_07","decreasing",6,13,7,6,1,5,8,3
"98","G0010","G0010_08","decreasing",5,10,6,6,13,4,5,0
"99","G0010","G0010_09","decreasing",4,14,10,4,1,7,9,5
"100","G0010","G0010_10","decreasing",10,12,19,4,13,8,8,2
"101","G0011","G0011_01","inactive",14,5,13,5,20,9,12,11
"102","G0011","G0011_02","inactive",3,5,3,4,1,2,3,4
"103","G0011","G0011_03","inactive",3,6,4,3,5,14,0,1
"104","G0011","G0011_04","inactive",0,2,1,2,5,6,2,1
"105","G0011","G0011_05","inactive",12,17,2,11,15,16,5,12
"106","G0011","G0011_06","inactive",15,36,29,11,34,28,20,10
"107","G0011","G0011_07","inactive",10,26,13,15,18,18,19,14
"108","G0011","G0011_08","inactive",24,60,25,34,37,37,26,32
"109","G0011","G0011_09","inactive",20,33,21,18,28,22,22,16
"110","G0011","G0011_10","inactive",0,0,7,3,2,4,9,6
"111","G0012","G0012_01","inactive",0,3,2,7,1,6,4,8
"112","G0012","G0012_02","inactive",4,3,12,11,3,3,6,4
"113","G0012","G0012_03","inactive",3,5,4,0,7,5,2,2
"114","G0012","G0012_04","inactive",16,28,16,26,20,22,23,18
"115","G0012","G0012_05","inactive",26,72,43,29,46,45,52,50
"116","G0012","G0012_06","inactive",4,16,17,6,13,8,9,4
"117","G0012","G0012_07","inactive",9,15,9,8,15,13,13,7
"118","G0012","G0012_08","inactive",3,4,3,4,2,6,0,2
"119","G0012","G0012_09","inactive",0,5,5,7,1,3,4,8
"120","G0012","G0012_10","inactive",2,13,4,0,2,9,8,9
"121","G0013","G0013_01","inactive",26,44,43,26,60,46,64,26
"122","G0013","G0013_02","inactive",8,17,7,12,17,14,6,9
"123","G0013","G0013_03","inactive",7,20,7,16,14,12,8,9
"124","G0013","G0013_04","inactive",2,1,2,2,3,2,2,2
"125","G0013","G0013_05","inactive",1,13,16,1,2,11,9,4
"126","G0013","G0013_06","inactive",0,3,0,2,1,3,1,1
"127","G0013","G0013_07","inactive",10,7,14,8,12,9,9,8
"128","G0013","G0013_08","inactive",11,31,36,22,20,15,35,27
"129","G0013","G0013_09","inactive",17,63,35,20,38,42,57,28
"130","G0013","G0013_10","inactive",4,7,7,2,5,6,12,2
"131","G0014","G0014_01","inactive",8,9,7,7,12,18,7,7
"132","G0014","G0014_02","inactive",23,67,32,22,42,56,43,30
"133","G0014","G0014_03","inactive",5,20,23,4,26,20,27,10
"134","G0014","G0014_04","inactive",8,18,10,8,9,11,19,8
"135","G0014","G0014_05","inactive",16,37,19,20,46,28,26,24
"136","G0014","G0014_06","inactive",14,15,21,7,25,28,16,8
"137","G0014","G0014_07","inactive",2,14,6,1,4,12,5,10
"138","G0014","G0014_08","inactive",2,8,2,3,3,8,4,3
"139","G0014","G0014_09","inactive",1,9,5,0,3,4,1,1
"140","G0014","G0014_10","inactive",0,18,13,8,9,15,13,8
"141","G0015","G0015_01","inactive",12,11,3,1,10,10,3,5
"142","G0015","G0015_02","inactive",15,22,22,10,15,15,9,14
"143","G0015","G0015_03","inactive",9,27,13,13,24,38,13,9
"144","G0015","G0015_04","inactive",6,1,5,4,10,7,12,4
"145","G0015","G0015_05","inactive",4,5,2,4,3,4,4,5
"146","G0015","G0015_06","inactive",4,5,5,5,5,8,7,2
"147","G0015","G0015_07","inactive",2,0,4,5,1,1,4,3
"148","G0015","G0015_08","inactive",2,9,5,3,4,4,11,1
"149","G0015","G0015_09","inactive",5,2,7,7,10,2,11,7
"150","G0015","G0015_10","inactive",5,8,20,6,11,4,15,8
"151","G0016","G0016_01","inactive",1,6,5,1,10,6,10,1
"152","G0016","G0016_02","inactive",7,20,7,6,8,7,6,7
"153","G0016","G0016_03","inactive",8,21,9,10,18,26,13,14
"154","G0016","G0016_04","inactive",5,8,13,6,5,13,10,10
"155","G0016","G0016_05","inactive",5,0,9,6,7,2,11,3
"156","G0016","G0016_06","inactive",3,15,3,2,13,16,3,1
"157","G0016","G0016_07","inactive",22,45,15,35,37,31,23,28
"158","G0016","G0016_08","inactive",7,22,15,8,12,17,13,4
"159","G0016","G0016_09","inactive",1,4,6,8,10,1,7,3
"160","G0016","G0016_10","inactive",11,14,10,7,12,15,7,3
"161","G0017","G0017_01","increasing",10,17,18,8,19,37,26,11
"162","G0017","G0017_02","increasing",3,11,12,6,25,14,23,10
"163","G0017","G0017_03","increasing",3,8,5,0,12,6,12,2
"164","G0017","G0017_04","increasing",5,9,8,11,13,16,23,22
"165","G0017","G0017_05","increasing",9,22,13,11,30,43,28,17
"166","G0017","G0017_06","increasing",1,4,6,5,12,9,12,2
"167","G0017","G0017_07","increasing",4,8,4,4,7,20,11,16
"168","G0017","G0017_08","increasing",2,10,5,1,4,5,4,1
"169","G0017","G0017_09","increasing",2,11,5,2,14,16,5,5
"170","G0017","G0017_10","increasing",10,19,7,9,38,25,23,14
"171","G0018","G0018_01","inactive",2,3,14,5,7,9,5,8
"172","G0018","G0018_02","inactive",18,42,20,17,29,35,31,31
"173","G0018","G0018_03","inactive",3,15,11,15,13,21,15,12
"174","G0018","G0018_04","inactive",11,26,10,6,12,17,10,5
"175","G0018","G0018_05","inactive",4,17,4,11,6,6,5,6
"176","G0018","G0018_06","inactive",0,5,1,3,3,4,1,4
"177","G0018","G0018_07","inactive",4,10,10,6,10,10,21,11
"178","G0018","G0018_08","inactive",1,7,2,1,2,4,4,2
"179","G0018","G0018_09","inactive",11,16,6,7,10,5,5,4
"180","G0018","G0018_10","inactive",1,3,2,1,1,4,6,2
"181","G0019","G0019_01","inactive",15,21,27,10,14,17,25,21
"182","G0019","G0019_02","inactive",4,12,18,5,14,8,8,13
"183","G0019","G0019_03","inactive",15,17,3,7,19,9,5,8
"184","G0019","G0019_04","inactive",3,46,22,22,15,35,32,24
"185","G0019","G0019_05","inactive",9,17,9,11,6,20,11,11
"186","G0019","G0019_06","inactive",14,42,30,37,43,42,34,38
"187","G0019","G0019_07","inactive",5,25,15,11,20,16,16,8
"188","G0019","G0019_08","inactive",12,13,6,5,15,5,7,7
"189","G0019","G0019_09","inactive",10,15,8,11,11,7,12,9
"190","G0019","G0019_10","inactive",12,2,10,8,14,2,18,15
"191","G0020","G0020_01","negcontrol",2,3,4,3,0,5,5,5
"192","G0020","G0020_02","negcontrol",4,8,5,4,10,7,4,2
"193","G0020","G0020_03","negcontrol",2,4,8,2,10,10,21,6
"194","G0020","G0020_04","negcontrol",6,4,12,3,10,4,4,2
"195","G0020","G0020_05","negcontrol",4,17,6,2,8,7,5,6
"196","G0020","G0020_06","negcontrol",5,12,9,3,20,6,17,2
"197","G0020","G0020_07","negcontrol",3,0,2,1,3,1,6,0
"198","G0020","G0020_08","negcontrol",6,4,4,11,1,5,4,8
"199","G0020","G0020_09","negcontrol",2,8,3,0,11,5,3,1
"200","G0020","G0020_10","negcontrol",0,7,5,0,3,3,4,0
"201","G0021","G0021_01","inactive",12,13,10,1,9,13,7,6
"202","G0021","G0021_02","inactive",2,5,6,6,3,9,15,6
"203","G0021","G0021_03","inactive",5,11,5,6,6,13,8,6
"204","G0021","G0021_04","inactive",5,3,2,6,7,6,4,9
"205","G0021","G0021_05","inactive",2,4,0,4,2,4,2,8
"206","G0021","G0021_06","inactive",8,17,6,7,10,15,13,12
"207","G0021","G0021_07","inactive",4,16,11,8,20,19,12,14
"208","G0021","G0021_08","inactive",16,36,17,29,37,20,15,22
"209","G0021","G0021_09","inactive",4,1,4,4,5,3,6,4
"210","G0021","G0021_10","inactive",15,29,20,22,18,31,17,16
"211","G0022","G0022_01","inactive",7,12,14,12,10,10,18,4
"212","G0022","G0022_02","inactive",26,68,25,22,34,52,47,22
"213","G0022","G0022_03","inactive",9,21,4,7,11,15,7,6
"214","G0022","G0022_04","inactive",3,12,6,7,10,6,12,8
"215","G0022","G0022_05","inactive",12,20,15,7,25,11,23,12
"216","G0022","G0022_06","inactive",7,22,5,11,11,10,6,10
"217","G0022","G0022_07","inactive",6,18,7,3,9,12,9,7
"218","G0022","G0022_08","inactive",6,25,4,7,5,16,8,5
"219","G0022","G0022_09","inactive",4,10,7,9,15,11,5,10
"220","G0022","G0022_10","inactive",1,13,9,13,12,15,11,9
"221","G0023","G0023_01","inactive",7,20,27,2,14,11,26,9
"222","G0023","G0023_02","inactive",11,29,17,27,29,22,28,25
"223","G0023","G0023_03","inactive",11,13,17,6,17,12,15,6
"224","G0023","G0023_04","inactive",1,1,1,2,0,2,4,3
"225","G0023","G0023_05","inactive",8,12,11,8,4,8,7,1
"226","G0023","G0023_06","inactive",6,10,6,13,11,8,8,10
"227","G0023","G0023_07","inactive",21,17,30,18,19,21,30,25
"228","G0023","G0023_08","inactive",15,23,21,7,21,16,23,17
"229","G0023","G0023_09","inactive",8,23,10,9,14,17,13,23
"230","G0023","G0023_10","inactive",14,6,7,9,9,8,10,9
"231","G0024","G0024_01","inactive",3,3,6,4,5,2,2,4
"232","G0024","G0024_02","inactive",0,1,5,5,4,2,7,4
"233","G0024","G0024_03","inactive",5,6,6,6,14,5,9,2
"234","G0024","G0024_04","inactive",5,26,17,21,20,26,17,22
"235","G0024","G0024_05","inactive",11,33,31,19,22,18,21,29
"236","G0024","G0024_06","inactive",1,3,0,4,5,4,5,3
"237","G0024","G0024_07","inactive",5,10,7,3,2,3,8,6
"238","G0024","G0024_08","inactive",5,10,2,3,2,3,6,2
"239","G0024","G0024_09","inactive",9,15,10,9,16,21,6,7
"240","G0024","G0024_10","inactive",8,14,11,14,18,15,6,9
"241","G0025","G0025_01","inactive",1,9,5,7,14,7,10,5
"242","G0025","G0025_02","inactive",21,33,18,18,28,30,20,21
"243","G0025","G0025_03","inactive",5,19,7,20,9,18,15,15
"244","G0025","G0025_04","inactive",8,16,9,10,15,18,18,12
"245","G0025","G0025_05","inactive",1,1,1,2,7,4,0,1
"246","G0025","G0025_06","inactive",8,5,2,0,8,3,5,2
"247","G0025","G0025_07","inactive",6,20,10,9,14,11,17,10
"248","G0025","G0025_08","inactive",7,13,5,7,8,15,4,8
"249","G0025","G0025_09","inactive",10,10,6,10,15,6,3,9
"250","G0025","G0025_10","inactive",8,26,4,5,8,6,5,8
"251","G0026","G0026_01","inactive",2,9,3,7,0,5,3,3
"252","G0026","G0026_02","inactive",24,32,28,17,50,24,18,21
"253","G0026","G0026_03","inactive",49,69,40,67,67,51,52,60
"254","G0026","G0026_04","inactive",13,31,24,14,17,30,23,24
"255","G0026","G0026_05","inactive",1,2,7,2,1,4,7,3
"256","G0026","G0026_06","inactive",10,10,6,7,17,11,7,4
"257","G0026","G0026_07","inactive",3,12,10,8,3,16,14,10
"258","G0026","G0026_08","inactive",6,16,16,8,9,13,12,18
"259","G0026","G0026_09","inactive",6,12,11,3,9,5,7,7
"260","G0026","G0026_10","inactive",10,7,11,10,13,4,12,6
"261","G0027","G0027_01","inactive",5,11,4,2,7,2,2,6
"262","G0027","G0027_02","inactive",9,24,5,7,16,17,17,16
"263","G0027","G0027_03","inactive",8,15,28,12,7,15,21,18
"264","G0027","G0027_04","inactive",4,17,15,6,11,12,14,15
"265","G0027","G0027_05","inactive",16,14,15,9,23,11,14,9
"266","G0027","G0027_06","inactive",2,3,4,10,2,2,6,6
"267","G0027","G0027_07","inactive",18,64,28,30,46,54,49,31
"268","G0027","G0027_08","inactive",6,28,10,8,12,13,22,10
"269","G0027","G0027_09","inactive",0,8,4,2,7,17,6,2
"270","G0027","G0027_10","inactive",14,14,16,13,4,25,13,16
"271","G0028","G0028_01","inactive",4,6,3,2,5,2,3,5
"272","G0028","G0028_02","inactive",5,5,1,4,1,6,4,7
"273","G0028","G0028_03","inactive",2,10,3,5,7,8,8,8
"274","G0028","G0028_04","inactive",13,39,13,11,23,18,19,11
"275","G0028","G0028_05","inactive",3,6,10,14,10,4,9,6
"276","G0028","G0028_06","inactive",9,29,6,5,12,22,8,9
"277","G0028","G0028_07","inactive",10,5,14,7,9,4,12,10
"278","G0028","G0028_08","inactive",40,82,53,46,62,54,65,44
"279","G0028","G0028_09","inactive",12,13,12,7,19,18,13,6
"280","G0028","G0028_10","inactive",10,3,5,4,8,2,9,10
"281","G0029","G0029_01","inactive",5,13,10,3,6,10,11,6
"282","G0029","G0029_02","inactive",2,14,12,3,7,9,3,4
"283","G0029","G0029_03","inactive",2,11,5,3,4,5,6,5
"284","G0029","G0029_04","inactive",2,11,1,2,6,10,2,7
"285","G0029","G0029_05","inactive",6,7,6,2,7,4,15,2
"286","G0029","G0029_06","inactive",4,14,8,7,12,9,12,6
"287","G0029","G0029_07","inactive",8,22,3,7,16,5,4,13
"288","G0029","G0029_08","inactive",9,9,15,14,20,21,13,13
"289","G0029","G0029_09","inactive",13,10,13,3,23,9,9,6
"290","G0029","G0029_10","inactive",17,19,13,14,13,26,22,12
"291","G0030","G0030_01","inactive",12,33,20,12,24,44,23,11
"292","G0030","G0030_02","inactive",6,25,18,14,22,14,14,10
"293","G0030","G0030_03","inactive",11,12,12,7,19,14,17,7
"294","G0030","G0030_04","inactive",14,20,10,6,23,10,14,10
"295","G0030","G0030_05","inactive",9,20,26,15,14,27,26,12
"296","G0030","G0030_06","inactive",7,5,11,4,3,10,8,8
"297","G0030","G0030_07","inactive",4,37,23,13,7,16,21,23
"298","G0030","G0030_08","inactive",2,2,3,5,2,3,2,3
"299","G0030","G0030_09","inactive",7,32,9,6,4,20,17,14
"300","G0030","G0030_10","inactive",7,34,15,8,19,30,10,7
"301","G0031","G0031_01","inactive",9,10,7,7,11,9,4,9
"302","G0031","G0031_02","inactive",8,10,6,5,7,8,6,7
"303","G0031","G0031_03","inactive",9,14,8,3,6,17,21,5
"304","G0031","G0031_04","inactive",14,24,19,22,14,18,22,20
"305","G0031","G0031_05","inactive",5,22,11,5,4,13,5,6
"306","G0031","G0031_06","inactive",12,18,14,5,15,16,15,7
"307","G0031","G0031_07","inactive",10,20,9,10,15,10,14,21
"308","G0031","G0031_08","inactive",9,27,17,4,17,18,12,9
"309","G0031","G0031_09","inactive",9,19,10,5,20,13,18,17
"310","G0031","G0031_10","inactive",3,8,6,3,5,4,1,6
"311","G0032","G0032_01","inactive",10,17,15,21,13,7,26,15
"312","G0032","G0032_02","inactive",3,11,11,8,9,5,10,7
"313","G0032","G0032_03","inactive",10,29,22,12,19,13,21,11
"314","G0032","G0032_04","inactive",2,29,16,15,8,21,22,16
"315","G0032","G0032_05","inactive",13,19,17,13,12,20,14,18
"316","G0032","G0032_06","inactive",2,5,3,3,0,4,2,0
"317","G0032","G0032_07","inactive",5,5,9,11,9,4,9,8
"318","G0032","G0032_08","inactive",7,5,6,2,9,6,7,4
"319","G0032","G0032_09","inactive",1,5,3,0,0,1,4,0
"320","G0032","G0032_10","inactive",11,26,22,4,11,20,18,2
"321","G0033","G0033_01","inactive",13,21,14,8,11,28,15,11
"322","G0033","G0033_02","inactive",1,5,6,3,5,4,5,0
"323","G0033","G0033_03","inactive",17,45,32,18,27,34,47,29
"324","G0033","G0033_04","inactive",9,3,5,1,6,6,7,2
"325","G0033","G0033_05","inactive",4,5,5,4,5,8,3,2
"326","G0033","G0033_06","inactive",11,37,36,31,30,32,34,21
"327","G0033","G0033_07","inactive",8,11,4,10,7,8,4,14
"328","G0033","G0033_08","inactive",9,16,20,13,15,14,20,8
"329","G0033","G0033_09","inactive",7,7,7,4,11,5,4,3
"330","G0033","G0033_10","inactive",7,11,1,6,10,10,7,10
"331","G0034","G0034_01","inactive",4,15,2,5,5,10,12,7
"332","G0034","G0034_02","inactive",8,18,20,19,20,16,18,20
"333","G0034","G0034_03","inactive",4,19,5,5,11,11,4,12
"334","G0034","G0034_04","inactive",7,25,13,10,19,17,10,4
"335","G0034","G0034_05","inactive",9,11,10,17,15,21,17,16
"336","G0034","G0034_06","inactive",28,58,41,21,51,42,48,29
"337","G0034","G0034_07","inactive",9,25,10,15,14,24,16,27
"338","G0034","G0034_08","inactive",8,16,17,16,21,25,14,16
"339","G0034","G0034_09","inactive",0,2,1,1,3,1,3,1
"340","G0034","G0034_10","inactive",6,8,4,5,6,5,2,7
"341","G0035","G0035_01","inactive",14,23,10,12,7,18,16,13
"342","G0035","G0035_02","inactive",8,13,11,7,7,9,13,3
"343","G0035","G0035_03","inactive",22,38,27,34,27,36,27,20
"344","G0035","G0035_04","inactive",5,13,6,2,12,10,4,1
"345","G0035","G0035_05","inactive",2,5,8,5,2,3,2,3
"346","G0035","G0035_06","inactive",6,15,6,17,12,6,14,11
"347","G0035","G0035_07","inactive",6,5,10,2,16,13,9,8
"348","G0035","G0035_08","inactive",6,4,9,4,14,10,10,11
"349","G0035","G0035_09","inactive",3,13,1,4,5,4,0,5
"350","G0035","G0035_10","inactive",7,19,5,6,6,19,13,15
"351","G0036","G0036_01","inactive",5,9,0,4,7,5,0,4
"352","G0036","G0036_02","inactive",5,9,9,9,9,9,12,7
"353","G0036","G0036_03","inactive",7,28,20,23,14,21,18,18
"354","G0036","G0036_04","inactive",5,27,10,7,13,12,8,12
"355","G0036","G0036_05","inactive",16,31,15,12,27,31,15,17
"356","G0036","G0036_06","inactive",22,49,32,20,30,30,23,31
"357","G0036","G0036_07","inactive",1,14,1,2,0,4,2,1
"358","G0036","G0036_08","inactive",6,7,14,3,9,11,9,10
"359","G0036","G0036_09","inactive",8,40,22,16,16,18,17,12
"360","G0036","G0036_10","inactive",11,11,16,14,17,11,12,10
"361","G0037","G0037_01","inactive",10,14,12,6,20,17,13,13
"362","G0037","G0037_02","inactive",10,25,11,12,18,20,9,10
"363","G0037","G0037_03","inactive",0,8,3,4,1,6,2,2
"364","G0037","G0037_04","inactive",4,2,1,2,8,0,1,3
"365","G0037","G0037_05","inactive",10,12,10,10,21,6,17,12
"366","G0037","G0037_06","inactive",14,19,17,8,15,15,26,5
"367","G0037","G0037_07","inactive",1,5,2,3,7,3,0,6
"368","G0037","G0037_08","inactive",7,6,2,9,13,5,3,8
"369","G0037","G0037_09","inactive",6,13,12,12,8,11,12,9
"370","G0037","G0037_10","inactive",11,21,9,9,15,18,14,3
"371","G0038","G0038_01","inactive",8,7,5,12,9,10,8,8
"372","G0038","G0038_02","inactive",10,27,10,9,21,10,14,14
"373","G0038","G0038_03","inactive",7,9,6,6,10,5,3,3
"374","G0038","G0038_04","inactive",3,9,5,10,5,19,4,8
"375","G0038","G0038_05","inactive",10,16,11,12,17,13,13,11
"376","G0038","G0038_06","inactive",8,7,14,7,11,9,11,9
"377","G0038","G0038_07","inactive",0,5,2,0,1,0,5,1
"378","G0038","G0038_08","inactive",2,4,3,5,6,2,3,5
"379","G0038","G0038_09","inactive",13,30,26,17,22,26,33,10
"380","G0038","G0038_10","inactive",1,6,4,3,6,11,8,6
"381","G0039","G0039_01","inactive",9,16,10,9,15,7,21,11
"382","G0039","G0039_02","inactive",3,8,7,12,2,6,7,5
"383","G0039","G0039_03","inactive",4,8,7,9,9,6,6,17
"384","G0039","G0039_04","inactive",15,18,20,18,29,20,16,14
"385","G0039","G0039_05","inactive",9,19,3,7,13,9,7,9
"386","G0039","G0039_06","inactive",8,13,8,13,9,13,9,15
"387","G0039","G0039_07","inactive",17,44,24,14,26,22,33,17
"388","G0039","G0039_08","inactive",5,7,14,8,8,16,16,6
"389","G0039","G0039_09","inactive",2,9,12,9,8,12,6,1
"390","G0039","G0039_10","inactive",9,15,12,15,14,17,19,3
"391","G0040","G0040_01","inactive",3,16,16,13,9,14,8,11
"392","G0040","G0040_02","inactive",2,20,8,7,6,8,4,9
"393","G0040","G0040_03","inactive",4,8,7,4,5,6,7,9
"394","G0040","G0040_04","inactive",5,7,9,2,10,11,7,5
"395","G0040","G0040_05","inactive",10,19,4,9,14,15,15,7
"396","G0040","G0040_06","inactive",14,24,12,10,16,17,20,7
"397","G0040","G0040_07","inactive",37,53,47,47,44,36,36,43
"398","G0040","G0040_08","inactive",7,12,6,8,13,20,10,20
"399","G0040","G0040_09","inactive",23,27,21,10,19,32,15,22
"400","G0040","G0040_10","inactive",15,14,13,11,9,11,11,7
"401","G0041","G0041_01","inactive",2,9,4,5,3,6,1,6
"402","G0041","G0041_02","inactive",1,0,2,0,0,1,1,2
"403","G0041","G0041_03","inactive",1,5,5,0,2,3,1,2
"404","G0041","G0041_04","inactive",17,46,33,27,21,38,34,29
"405","G0041","G0041_05","inactive",13,35,11,5,15,37,13,3
"406","G0041","G0041_06","inactive",15,30,31,18,19,24,30,21
"407","G0041","G0041_07","inactive",3,7,7,6,2,5,6,5
"408","G0041","G0041_08","inactive",0,3,4,4,1,4,3,1
"409","G0041","G0041_09","inactive",15,40,19,7,23,19,21,11
"410","G0041","G0041_10","inactive",7,14,5,2,9,18,6,8
"411","G0042","G0042_01","inactive",4,19,9,4,6,15,10,3
"412","G0042","G0042_02","inactive",4,1,5,2,3,2,5,4
"413","G0042","G0042_03","inactive",2,3,2,7,6,4,8,4
"414","G0042","G0042_04","inactive",6,18,16,16,7,13,18,5
"415","G0042","G0042_05","inactive",4,4,2,11,13,4,6,10
"416","G0042","G0042_06","inactive",26,41,29,18,39,39,29,30
"417","G0042","G0042_07","inactive",17,40,26,21,20,24,29,30
"418","G0042","G0042_08","inactive",7,10,1,10,15,4,5,6
"419","G0042","G0042_09","inactive",8,19,9,9,10,13,12,8
"420","G0042","G0042_10","inactive",3,11,3,2,4,6,3,3
"421","G0043","G0043_01","inactive",14,52,32,12,34,24,31,22
"422","G0043","G0043_02","inactive",9,35,14,13,14,31,15,11
"423","G0043","G0043_03","inactive",0,11,2,0,3,8,2,0
"424","G0043","G0043_04","inactive",9,15,8,8,16,13,18,11
"425","G0043","G0043_05","inactive",2,4,1,5,12,5,1,2
"426","G0043","G0043_06","inactive",0,4,1,1,0,3,0,0
"427","G0043","G0043_07","inactive",9,18,7,12,14,20,14,10
"428","G0043","G0043_08","inactive",9,26,23,27,21,26,29,17
"429","G0043","G0043_09","inactive",10,14,10,7,15,9,14,13
"430","G0043","G0043_10","inactive",13,8,7,13,13,4,10,14
"431","G0044","G0044_01","increasing",2,3,4,3,3,9,9,2
"432","G0044","G0044_02","increasing",1,8,10,9,12,23,18,5
"433","G0044","G0044_03","increasing",5,9,9,9,14,8,17,14
"434","G0044","G0044_04","increasing",9,27,9,20,31,33,16,35
"435","G0044","G0044_05","increasing",10,16,10,9,41,23,26,25
"436","G0044","G0044_06","increasing",2,6,9,7,14,13,17,8
"437","G0044","G0044_07","increasing",4,6,6,0,2,4,6,1
"438","G0044","G0044_08","increasing",6,5,3,8,17,10,16,4
"439","G0044","G0044_09","increasing",7,10,9,4,22,4,14,5
"440","G0044","G0044_10","increasing",2,2,3,0,0,9,5,1
"441","G0045","G0045_01","inactive",21,46,29,24,39,38,25,19
"442","G0045","G0045_02","inactive",6,13,11,7,2,5,5,5
"443","G0045","G0045_03","inactive",14,14,10,2,20,18,6,6
"444","G0045","G0045_04","inactive",4,10,4,6,8,6,6,5
"445","G0045","G0045_05","inactive",9,27,17,14,19,21,12,11
"446","G0045","G0045_06","inactive",11,43,16,10,24,35,17,12
"447","G0045","G0045_07","inactive",12,27,21,21,27,32,26,26
"448","G0045","G0045_08","inactive",4,19,15,10,5,22,19,17
"449","G0045","G0045_09","inactive",9,7,15,3,13,10,11,5
"450","G0045","G0045_10","inactive",4,2,4,4,3,8,6,6
"451","G0046","G0046_01","inactive",0,6,6,2,3,5,8,0
"452","G0046","G0046_02","inactive",6,7,1,2,8,0,0,6
"453","G0046","G0046_03","inactive",6,6,6,3,12,7,1,4
"454","G0046","G0046_04","inactive",7,5,5,4,6,8,11,2
"455","G0046","G0046_05","inactive",15,35,23,12,25,34,30,20
"456","G0046","G0046_06","inactive",6,10,12,7,9,14,12,9
"457","G0046","G0046_07","inactive",4,5,4,5,15,7,6,8
"458","G0046","G0046_08","inactive",6,10,5,3,10,7,4,11
"459","G0046","G0046_09","inactive",0,4,3,5,0,3,6,4
"460","G0046","G0046_10","inactive",5,15,5,6,13,9,18,6
"461","G0047","G0047_01","increasing",3,3,5,4,4,2,2,4
"462","G0047","G0047_02","increasing",3,16,5,11,11,26,18,11
"463","G0047","G0047_03","increasing",3,16,4,2,16,13,8,9
"464","G0047","G0047_04","increasing",5,14,12,2,16,11,15,10
"465","G0047","G0047_05","increasing",10,10,11,10,20,11,15,22
"466","G0047","G0047_06","increasing",5,7,3,2,6,15,8,9
"467","G0047","G0047_07","increasing",4,5,2,7,5,7,5,9
"468","G0047","G0047_08","increasing",12,25,9,8,32,26,37,26
"469","G0047","G0047_09","increasing",5,2,1,6,4,1,0,2
"470","G0047","G0047_10","increasing",3,28,9,8,12,29,18,15
"471","G0048","G0048_01","increasing",1,3,5,3,2,8,7,0
"472","G0048","G0048_02","increasing",2,14,2,5,9,8,3,7
"473","G0048","G0048_03","increasing",8,13,8,2,22,18,19,11
"474","G0048","G0048_04","increasing",4,5,2,2,9,6,8,9
"475","G0048","G0048_05","increasing",8,36,10,15,35,42,28,27
"476","G0048","G0048_06","increasing",20,40,32,21,70,58,53,39
"477","G0048","G0048_07","increasing",1,6,4,6,14,11,4,9
"478","G0048","G0048_08","increasing",6,1,0,1,3,2,2,1
"479","G0048","G0048_09","increasing",3,10,4,9,5,10,3,6
"480","G0048","G0048_10","increasing",5,17,9,9,32,19,23,13
"481","G0049","G0049_01","inactive",10,35,29,26,36,12,34,17
"482","G0049","G0049_02","inactive",8,20,8,10,14,15,15,13
"483","G0049","G0049_03","inactive",4,18,7,9,8,7,4,11
"484","G0049","G0049_04","inactive",13,16,10,5,15,10,10,3
"485","G0049","G0049_05","inactive",5,7,0,5,5,3,2,2
"486","G0049","G0049_06","inactive",25,69,23,21,31,47,28,21
"487","G0049","G0049_07","inactive",21,32,22,12,40,24,25,11
"488","G0049","G0049_08","inactive",28,44,42,26,30,35,43,22
"489","G0049","G0049_09","inactive",12,14,6,7,20,11,9,8
"490","G0049","G0049_10","inactive",1,4,2,5,0,4,6,7
"491","G0050","G0050_01","inactive",10,26,10,19,18,12,11,21
"492","G0050","G0050_02","inactive",8,19,1,12,11,10,5,12
"493","G0050","G0050_03","inactive",7,9,11,13,15,3,16,5
"494","G0050","G0050_04","inactive",2,5,6,7,7,10,5,6
"495","G0050","G0050_05","inactive",2,6,10,5,4,15,10,1
"496","G0050","G0050_06","inactive",20,63,48,38,39,30,40,39
"497","G0050","G0050_07","inactive",1,4,2,4,5,7,6,4
"498","G0050","G0050_08","inactive",1,3,7,6,1,6,15,5
"499","G0050","G0050_09","inactive",2,6,1,3,3,5,1,4
"500","G0050","G0050_10","inactive",12,17,23,15,35,18,30,18
"501","G0051","G0051_01","inactive",10,15,18,6,17,14,22,5
"502","G0051","G0051_02","inactive",18,33,16,13,26,22,17,12
"503","G0051","G0051_03","inactive",2,7,6,6,8,3,6,5
"504","G0051","G0051_04","inactive",2,3,3,9,2,3,3,5
"505","G0051","G0051_05","inactive",9,42,28,22,24,37,39,25
"506","G0051","G0051_06","inactive",1,6,3,3,4,10,1,4
"507","G0051","G0051_07","inactive",15,18,13,10,16,21,11,15
"508","G0051","G0051_08","inactive",3,8,1,4,3,3,4,3
"509","G0051","G0051_09","inactive",15,35,42,12,39,25,31,9
"510","G0051","G0051_10","inactive",0,9,2,8,4,6,3,3
"511","G0052","G0052_01","decreasing",29,55,36,28,27,39,23,17
"512","G0052","G0052_02","decreasing",8,20,18,10,8,8,5,6
"513","G0052","G0052_03","decreasing",18,30,24,43,17,25,30,20
"514","G0052","G0052_04","decreasing",3,2,4,5,3,1,4,2
"515","G0052","G0052_05","decreasing",5,10,6,4,7,6,4,7
"516","G0052","G0052_06","decreasing",2,10,10,10,9,9,7,6
"517","G0052","G0052_07","decreasing",14,14,5,12,1,9,8,3
"518","G0052","G0052_08","decreasing",11,21,16,7,21,8,16,1
"519","G0052","G0052_09","decreasing",6,5,10,2,6,6,9,2
"520","G0052","G0052_10","decreasing",0,0,0,1,0,0,0,0
"521","G0053","G0053_01","increasing",7,11,18,7,11,14,7,9
"522","G0053","G0053_02","increasing",8,16,6,6,14,6,8,16
"523","G0053","G0053_03","increasing",6,9,3,6,14,4,10,8
"524","G0053","G0053_04","increasing",12,21,21,10,27,17,12,12
"525","G0053","G0053_05","increasing",8,13,8,8,14,9,7,9
"526","G0053","G0053_06","increasing",7,12,10,10,16,8,12,14
"527","G0053","G0053_07","increasing",5,12,11,4,9,11,13,5
"528","G0053","G0053_08","increasing",5,15,7,10,7,16,3,16
"529","G0053","G0053_09","increasing",7,4,5,6,10,4,9,12
"530","G0053","G0053_10","increasing",10,5,5,3,7,3,4,8
"531","G0054","G0054_01","increasing",3,8,7,8,7,10,19,7
"532","G0054","G0054_02","increasing",5,11,3,0,12,8,6,4
"533","G0054","G0054_03","increasing",7,21,6,7,28,34,14,11
"534","G0054","G0054_04","increasing",16,28,27,7,34,34,35,29
"535","G0054","G0054_05","increasing",6,1,6,1,16,6,2,3
"536","G0054","G0054_06","increasing",3,15,7,7,13,26,27,12
"537","G0054","G0054_07","increasing",3,13,11,5,11,17,21,12
"538","G0054","G0054_08","increasing",9,9,5,1,18,5,6,3
"539","G0054","G0054_09","increasing",12,14,5,11,21,14,9,10
"540","G0054","G0054_10","increasing",7,29,12,14,32,43,32,29
"541","G0055","G0055_01","inactive",17,20,21,4,25,17,25,7
"542","G0055","G0055_02","inactive",4,8,6,3,9,6,6,1
"543","G0055","G0055_03","inactive",3,6,6,0,3,6,1,1
"544","G0055","G0055_04","inactive",4,16,3,7,12,13,4,5
"545","G0055","G0055_05","inactive",11,36,19,14,28,31,34,24
"546","G0055","G0055_06","inactive",5,18,26,13,13,20,16,14
"547","G0055","G0055_07","inactive",5,20,8,2,13,7,10,6
"548","G0055","G0055_08","inactive",8,6,16,14,14,19,18,15
"549","G0055","G0055_09","inactive",4,14,4,2,6,4,3,3
"550","G0055","G0055_10","inactive",8,10,10,5,5,5,7,5
"551","G0056","G0056_01","inactive",3,1,7,1,9,4,8,8
"552","G0056","G0056_02","inactive",11,21,10,5,13,10,11,5
"553","G0056","G0056_03","inactive",2,1,3,0,3,0,5,3
"554","G0056","G0056_04","inactive",12,19,16,7,14,14,24,15
"555","G0056","G0056_05","inactive",2,4,2,4,8,4,4,7
"556","G0056","G0056_06","inactive",6,13,7,7,9,8,8,4
"557","G0056","G0056_07","inactive",3,3,4,4,2,3,2,6
"558","G0056","G0056_08","inactive",3,14,11,4,9,13,8,13
"559","G0056","G0056_09","inactive",2,17,10,6,14,6,10,11
"560","G0056","G0056_10","inactive",3,4,4,3,3,4,3,6
"561","G0057","G0057_01","inactive",8,6,4,5,15,10,1,3
"562","G0057","G0057_02","inactive",13,29,29,6,24,31,24,7
"563","G0057","G0057_03","inactive",11,18,18,11,23,7,19,13
"564","G0057","G0057_04","inactive",5,11,5,8,10,5,6,4
"565","G0057","G0057_05","inactive",28,31,40,30,32,28,33,30
"566","G0057","G0057_06","inactive",2,11,13,9,5,5,5,9
"567","G0057","G0057_07","inactive",4,4,6,0,3,8,3,0
"568","G0057","G0057_08","inactive",12,22,18,17,18,20,20,9
"569","G0057","G0057_09","inactive",8,17,15,11,16,11,7,9
"570","G0057","G0057_10","inactive",4,5,9,6,7,6,9,6
"571","G0058","G0058_01","inactive",5,12,3,2,3,15,8,2
"572","G0058","G0058_02","inactive",2,0,2,2,2,1,5,2
"573","G0058","G0058_03","inactive",6,11,9,5,6,8,10,7
"574","G0058","G0058_04","inactive",4,15,8,6,8,13,8,2
"575","G0058","G0058_05","inactive",2,8,2,9,7,4,3,5
"576","G0058","G0058_06","inactive",2,10,5,6,10,5,8,13
"577","G0058","G0058_07","inactive",12,30,15,12,27,35,19,13
"578","G0058","G0058_08","inactive",6,14,9,5,13,11,5,5
"579","G0058","G0058_09","inactive",9,23,15,14,12,16,24,15
"580","G0058","G0058_10","inactive",7,27,15,17,13,26,18,19
"581","G0059","G0059_01","inactive",17,41,20,15,26,21,25,26
"582","G0059","G0059_02","inactive",7,14,12,14,11,10,10,12
"583","G0059","G0059_03","inactive",6,7,4,4,8,4,6,3
"584","G0059","G0059_04","inactive",12,24,20,10,14,17,11,12
"585","G0059","G0059_05","inactive",0,0,1,1,0,0,0,2
"586","G0059","G0059_06","inactive",9,7,7,2,11,5,4,6
"587","G0059","G0059_07","inactive",20,26,10,14,14,15,9,9
"588","G0059","G0059_08","inactive",6,5,3,3,5,6,3,1
"589","G0059","G0059_09","inactive",2,14,4,4,7,17,7,1
"590","G0059","G0059_10","inactive",9,26,14,7,17,17,8,3
"591","G0060","G0060_01","inactive",8,24,12,2,14,13,12,7
"592","G0060","G0060_02","inactive",16,11,16,7,13,11,12,2
"593","G0060","G0060_03","inactive",4,1,0,0,8,4,1,1
"594","G0060","G0060_04","inactive",23,36,32,18,30,30,38,27
"595","G0060","G0060_05","inactive",7,10,3,3,6,7,5,7
"596","G0060","G0060_06","inactive",6,10,8,9,12,7,15,6
"597","G0060","G0060_07","inactive",2,7,2,4,4,9,4,5
"598","G0060","G0060_08","inactive",28,74,37,34,41,66,31,29
"599","G0060","G0060_09","inactive",11,10,8,2,6,11,4,9
"600","G0060","G0060_10","inactive",0,8,3,8,3,6,6,5
"601","G0061","G0061_01","inactive",3,10,7,7,10,8,11,12
"602","G0061","G0061_02","inactive",1,0,8,2,6,1,6,4
"603","G0061","G0061_03","inactive",2,9,6,2,10,7,18,7
"604","G0061","G0061_04","inactive",6,4,2,9,2,7,6,9
"605","G0061","G0061_05","inactive",3,8,0,1,3,4,1,2
"606","G0061","G0061_06","inactive",4,15,12,7,9,11,19,9
"607","G0061","G0061_07","inactive",4,12,8,7,10,9,6,4
"608","G0061","G0061_08","inactive",6,5,8,7,10,5,6,5
"609","G0061","G0061_09","inactive",5,5,2,5,6,8,1,3
"610","G0061","G0061_10","inactive",7,30,16,18,12,34,9,9
"611","G0062","G0062_01","inactive",6,4,9,10,7,5,17,9
"612","G0062","G0062_02","inactive",7,16,3,9,7,8,2,10
"613","G0062","G0062_03","inactive",14,35,19,21,17,33,29,33
"614","G0062","G0062_04","inactive",3,5,5,2,5,3,8,2
"615","G0062","G0062_05","inactive",6,11,21,7,15,15,22,7
"616","G0062","G0062_06","inactive",17,38,18,17,27,26,25,22
"617","G0062","G0062_07","inactive",20,35,29,22,34,27,33,36
"618","G0062","G0062_08","inactive",3,8,4,2,8,4,4,1
"619","G0062","G0062_09","inactive",3,3,9,3,11,4,11,2
"620","G0062","G0062_10","inactive",9,21,7,5,10,11,8,9
"621","G0063","G0063_01","inactive",13,20,7,8,15,8,7,11
"622","G0063","G0063_02","inactive",10,29,11,10,17,14,17,7
"623","G0063","G0063_03","inactive",17,14,9,11,13,9,8,11
"624","G0063","G0063_04","inactive",5,23,20,16,14,19,8,12
"625","G0063","G0063_05","inactive",13,18,11,11,17,13,11,13
"626","G0063","G0063_06","inactive",49,79,47,50,73,63,61,48
"627","G0063","G0063_07","inactive",1,17,2,4,7,7,2,1
"628","G0063","G0063_08","inactive",9,11,4,9,5,6,10,12
"629","G0063","G0063_09","inactive",3,14,2,4,3,6,3,5
"630","G0063","G0063_10","inactive",5,13,6,10,5,7,12,5
"631","G0064","G0064_01","inactive",13,31,6,10,18,17,10,3
"632","G0064","G0064_02","inactive",6,7,4,7,6,8,7,8
"633","G0064","G0064_03","inactive",2,5,6,9,5,6,4,3
"634","G0064","G0064_04","inactive",2,7,8,10,4,10,4,8
"635","G0064","G0064_05","inactive",1,7,0,2,3,10,3,3
"636","G0064","G0064_06","inactive",9,18,20,14,14,15,12,6
"637","G0064","G0064_07","inactive",9,11,4,9,16,7,6,12
"638","G0064","G0064_08","inactive",14,22,10,10,17,19,9,14
"639","G0064","G0064_09","inactive",2,9,7,8,8,1,13,10
"640","G0064","G0064_10","inactive",20,44,28,11,24,33,24,16
"641","G0065","G0065_01","inactive",4,12,4,3,2,12,13,7
"642","G0065","G0065_02","inactive",13,35,19,18,17,23,32,24
"643","G0065","G0065_03","inactive",2,5,4,5,4,1,6,1
"644","G0065","G0065_04","inactive",7,15,13,13,5,8,13,18
"645","G0065","G0065_05","inactive",17,15,19,20,15,23,24,14
"646","G0065","G0065_06","inactive",6,4,8,4,6,4,8,4
"647","G0065","G0065_07","inactive",4,4,4,2,7,6,4,2
"648","G0065","G0065_08","inactive",4,11,11,1,7,12,9,4
"649","G0065","G0065_09","inactive",10,6,11,6,11,6,12,11
"650","G0065","G0065_10","inactive",4,7,3,9,9,10,2,4
"651","G0066","G0066_01","negcontrol",2,3,5,8,5,3,2,5
"652","G0066","G0066_02","negcontrol",5,11,12,3,8,4,22,4
"653","G0066","G0066_03","negcontrol",5,10,8,10,14,12,11,9
"654","G0066","G0066_04","negcontrol",7,12,4,3,15,8,5,5
"655","G0066","G0066_05","negcontrol",4,9,3,4,5,2,6,9
"656","G0066","G0066_06","negcontrol",15,16,16,8,17,12,23,10
"657","G0066","G0066_07","negcontrol",0,6,3,2,1,4,7,0
"658","G0066","G0066_08","negcontrol",12,14,16,15,21,22,17,18
"659","G0066","G0066_09","negcontrol",21,51,19,24,37,38,27,25
"660","G0066","G0066_10","negcontrol",9,4,4,4,4,3,9,6
"661","G0067","G0067_01","inactive",9,24,27,11,18,17,36,19
"662","G0067","G0067_02","inactive",4,11,6,0,8,14,11,6
"663","G0067","G0067_03","inactive",16,53,38,23,41,33,40,29
"664","G0067","G0067_04","inactive",1,2,5,4,3,10,5,4
"665","G0067","G0067_05","inactive",14,25,23,18,18,17,28,20
"666","G0067","G0067_06","inactive",7,9,3,0,12,2,1,3
"667","G0067","G0067_07","inactive",4,11,4,5,6,9,10,3
"668","G0067","G0067_08","inactive",2,22,9,1,5,15,8,8
"669","G0067","G0067_09","inactive",12,22,20,21,8,21,29,14
"670","G0067","G0067_10","inactive",10,0,4,2,11,1,9,9
"671","G0068","G0068_01","inactive",12,26,29,22,26,23,29,22
"672","G0068","G0068_02","inactive",5,3,6,3,5,1,9,4
"673","G0068","G0068_03","inactive",5,12,8,14,13,10,7,13
"674","G0068","G0068_04","inactive",2,13,13,5,11,12,8,3
"675","G0068","G0068_05","inactive",10,28,18,17,10,14,17,15
"676","G0068","G0068_06","inactive",29,51,50,18,51,44,43,32
"677","G0068","G0068_07","inactive",3,4,4,1,3,3,1,0
"678","G0068","G0068_08","inactive",2,2,4,2,3,3,2,9
"679","G0068","G0068_09","inactive",6,11,6,3,4,8,6,4
"680","G0068","G0068_10","inactive",4,8,11,6,7,9,11,4
"681","G0069","G0069_01","inactive",0,4,7,3,2,3,7,4
"682","G0069","G0069_02","inactive",16,7,20,18,27,11,21,14
"683","G0069","G0069_03","inactive",11,37,23,9,22,27,27,17
"684","G0069","G0069_04","inactive",6,7,7,9,7,3,14,13
"685","G0069","G0069_05","inactive",3,24,11,2,7,21,13,8
"686","G0069","G0069_06","inactive",5,1,2,5,4,3,5,9
"687","G0069","G0069_07","inactive",3,4,9,1,2,6,7,4
"688","G0069","G0069_08","inactive",0,7,5,1,6,12,10,7
"689","G0069","G0069_09","inactive",15,53,29,24,40,49,38,18
"690","G0069","G0069_10","inactive",4,13,19,6,5,18,12,11
"691","G0070","G0070_01","inactive",10,13,5,5,8,14,2,7
"692","G0070","G0070_02","inactive",0,13,2,0,3,3,3,4
"693","G0070","G0070_03","inactive",15,12,11,3,18,15,12,14
"694","G0070","G0070_04","inactive",21,25,23,9,24,23,9,17
"695","G0070","G0070_05","inactive",4,7,1,2,13,5,1,5
"696","G0070","G0070_06","inactive",3,9,6,6,1,5,5,5
"697","G0070","G0070_07","inactive",5,8,4,9,16,9,7,9
"698","G0070","G0070_08","inactive",24,40,30,28,30,37,24,27
"699","G0070","G0070_09","inactive",7,10,15,8,13,7,10,6
"700","G0070","G0070_10","inactive",5,11,3,3,6,7,4,8
"701","G0071","G0071_01","inactive",9,10,2,1,12,5,3,7
"702","G0071","G0071_02","inactive",1,19,16,7,8,16,19,15
"703","G0071","G0071_03","inactive",42,58,42,37,66,62,77,34
"704","G0071","G0071_04","inactive",10,12,9,2,19,9,8,12
"705","G0071","G0071_05","inactive",9,16,5,7,8,5,9,7
"706","G0071","G0071_06","inactive",9,13,4,5,8,4,6,3
"707","G0071","G0071_07","inactive",8,43,25,17,18,28,19,22
"708","G0071","G0071_08","inactive",26,60,45,34,44,47,51,35
"709","G0071","G0071_09","inactive",6,17,9,4,8,11,8,6
"710","G0071","G0071_10","inactive",3,1,2,3,2,1,10,4
"711","G0072","G0072_01","inactive",10,14,8,3,12,10,8,12
"712","G0072","G0072_02","inactive",8,19,10,10,13,21,14,22
"713","G0072","G0072_03","inactive",7,20,18,8,20,7,23,11
"714","G0072","G0072_04","inactive",23,19,12,11,19,15,12,10
"715","G0072","G0072_05","inactive",7,14,5,12,13,4,9,13
"716","G0072","G0072_06","inactive",1,2,9,2,6,4,5,3
"717","G0072","G0072_07","inactive",7,32,5,6,11,19,10,9
"718","G0072","G0072_08","inactive",2,10,0,1,12,4,1,1
"719","G0072","G0072_09","inactive",13,28,22,8,19,22,23,16
"720","G0072","G0072_10","inactive",0,10,5,8,4,8,2,5
"721","G0073","G0073_01","inactive",2,13,8,6,6,10,5,7
"722","G0073","G0073_02","inactive",3,28,11,4,8,19,17,10
"723","G0073","G0073_03","inactive",1,0,1,1,0,2,0,0
"724","G0073","G0073_04","inactive",6,5,4,1,3,7,3,4
"725","G0073","G0073_05","inactive",5,2,4,1,9,4,1,2
"726","G0073","G0073_06","inactive",3,6,2,4,5,7,2,1
"727","G0073","G0073_07","inactive",2,6,0,4,5,2,5,6
"728","G0073","G0073_08","inactive",3,13,7,5,11,8,12,7
"729","G0073","G0073_09","inactive",3,3,5,3,3,6,4,4
"730","G0073","G0073_10","inactive",5,26,9,10,15,15,20,10
"731","G0074","G0074_01","inactive",8,14,9,14,13,12,13,4
"732","G0074","G0074_02","inactive",1,4,2,3,7,3,6,5
"733","G0074","G0074_03","inactive",4,27,11,3,9,16,9,8
"734","G0074","G0074_04","inactive",3,3,1,0,6,2,5,2
"735","G0074","G0074_05","inactive",6,17,16,5,12,22,14,3
"736","G0074","G0074_06","inactive",7,14,16,9,19,7,8,14
"737","G0074","G0074_07","inactive",4,19,13,5,10,20,4,5
"738","G0074","G0074_08","inactive",3,15,15,6,19,12,19,13
"739","G0074","G0074_09","inactive",0,6,3,4,2,2,3,6
"740","G0074","G0074_10","inactive",5,8,12,4,5,11,10,6
"741","G0075","G0075_01","negcontrol",5,15,3,2,6,7,4,6
"742","G0075","G0075_02","negcontrol",5,8,5,6,3,8,3,8
"743","G0075","G0075_03","negcontrol",3,6,6,5,4,12,2,3
"744","G0075","G0075_04","negcontrol",3,1,4,2,4,1,6,2
"745","G0075","G0075_05","negcontrol",14,31,19,9,11,26,20,23
"746","G0075","G0075_06","negcontrol",39,76,61,39,60,43,45,47
"747","G0075","G0075_07","negcontrol",20,21,13,10,23,15,24,16
"748","G0075","G0075_08","negcontrol",1,2,5,2,9,3,2,1
"749","G0075","G0075_09","negcontrol",12,17,5,8,17,8,7,9
"750","G0075","G0075_10","negcontrol",36,47,55,38,56,27,30,44
"751","G0076","G0076_01","inactive",7,9,6,7,8,9,3,3
"752","G0076","G0076_02","inactive",12,16,18,11,24,13,22,15
"753","G0076","G0076_03","inactive",5,22,19,16,15,12,16,13
"754","G0076","G0076_04","inactive",3,3,6,5,4,4,4,3
"755","G0076","G0076_05","inactive",1,5,1,4,7,3,2,7
"756","G0076","G0076_06","inactive",5,14,11,9,6,20,13,5
"757","G0076","G0076_07","inactive",9,37,12,11,11,23,14,15
"758","G0076","G0076_08","inactive",6,12,11,5,5,13,11,10
"759","G0076","G0076_09","inactive",15,27,19,16,34,18,27,9
"760","G0076","G0076_10","inactive",1,5,5,3,6,1,2,3
"761","G0077","G0077_01","inactive",4,3,5,1,6,10,8,1
"762","G0077","G0077_02","inactive",59,93,67,53,63,73,60,47
"763","G0077","G0077_03","inactive",9,25,8,8,13,19,3,13
"764","G0077","G0077_04","inactive",3,5,5,4,6,3,3,5
"765","G0077","G0077_05","inactive",16,35,26,31,43,24,22,23
"766","G0077","G0077_06","inactive",12,38,18,19,22,32,30,21
"767","G0077","G0077_07","inactive",0,3,1,7,4,4,0,3
"768","G0077","G0077_08","inactive",5,13,19,12,12,2,15,13
"769","G0077","G0077_09","inactive",3,10,9,6,3,9,4,8
"770","G0077","G0077_10","inactive",15,21,9,12,29,18,18,8
"771","G0078","G0078_01","inactive",8,20,19,10,9,15,14,11
"772","G0078","G0078_02","inactive",3,0,6,8,2,2,4,11
"773","G0078","G0078_03","inactive",39,33,39,30,56,33,51,24
"774","G0078","G0078_04","inactive",3,9,6,2,7,8,4,6
"775","G0078","G0078_05","inactive",10,11,18,13,13,11,12,11
"776","G0078","G0078_06","inactive",0,5,4,1,0,2,4,6
"777","G0078","G0078_07","inactive",6,7,9,2,8,8,11,5
"778","G0078","G0078_08","inactive",6,15,18,16,18,21,9,13
"779","G0078","G0078_09","inactive",4,8,1,2,8,7,3,7
"780","G0078","G0078_10","inactive",3,18,10,11,14,15,12,10
"781","G0079","G0079_01","increasing",30,35,39,26,83,94,85,57
"782","G0079","G0079_02","increasing",6,12,3,3,11,7,9,6
"783","G0079","G0079_03","increasing",7,11,3,5,10,17,11,26
"784","G0079","G0079_04","increasing",3,3,6,1,15,10,9,4
"785","G0079","G0079_05","increasing",2,4,2,4,9,7,4,10
"786","G0079","G0079_06","increasing",7,17,6,5,13,31,13,9
"787","G0079","G0079_07","increasing",0,2,5,0,1,3,5,0
"788","G0079","G0079_08","increasing",7,18,11,20,43,41,42,47
"789","G0079","G0079_09","increasing",0,1,0,1,1,6,4,0
"790","G0079","G0079_10","increasing",5,14,9,1,16,16,25,5
"791","G0080","G0080_01","inactive",8,22,20,9,25,25,10,9
"792","G0080","G0080_02","inactive",6,8,5,8,6,6,7,10
"793","G0080","G0080_03","inactive",4,6,9,3,13,7,8,8
"794","G0080","G0080_04","inactive",4,6,4,9,9,9,8,17
"795","G0080","G0080_05","inactive",16,52,27,33,48,45,40,40
"796","G0080","G0080_06","inactive",1,4,2,4,3,3,3,1
"797","G0080","G0080_07","inactive",11,8,15,12,28,12,20,25
"798","G0080","G0080_08","inactive",14,17,13,18,9,21,10,13
"799","G0080","G0080_09","inactive",10,31,17,4,16,18,11,11
"800","G0080","G0080_10","inactive",9,15,9,8,14,12,15,10
"801","G0081","G0081_01","inactive",1,5,4,0,11,3,3,4
"802","G0081","G0081_02","inactive",17,16,21,16,30,9,18,20
"803","G0081","G0081_03","inactive",7,10,11,10,16,10,7,9
"804","G0081","G0081_04","inactive",9,15,6,10,8,7,6,5
"805","G0081","G0081_05","inactive",8,6,5,2,5,4,5,8
"806","G0081","G0081_06","inactive",2,7,8,3,2,4,9,1
"807","G0081","G0081_07","inactive",21,20,10,17,26,35,17,19
"808","G0081","G0081_08","inactive",12,24,19,23,33,27,28,15
"809","G0081","G0081_09","inactive",6,6,4,1,9,5,2,0
"810","G0081","G0081_10","inactive",0,3,7,4,7,4,5,2
"811","G0082","G0082_01","inactive",4,20,8,12,11,11,5,11
"812","G0082","G0082_02","inactive",14,42,36,15,42,30,31,26
"813","G0082","G0082_03","inactive",13,17,7,9,22,15,6,18
"814","G0082","G0082_04","inactive",3,2,7,3,6,5,7,6
"815","G0082","G0082_05","inactive",3,21,6,2,6,12,9,3
"816","G0082","G0082_06","inactive",5,29,5,16,13,11,10,8
"817","G0082","G0082_07","inactive",11,28,16,6,30,17,15,17
"818","G0082","G0082_08","inactive",14,16,15,8,13,7,13,5
"819","G0082","G0082_09","inactive",12,46,29,17,25,27,20,18
"820","G0082","G0082_10","inactive",1,4,4,4,4,2,5,3
"821","G0083","G0083_01","decreasing",12,12,3,10,13,4,5,6
"822","G0083","G0083_02","decreasing",1,10,1,2,8,2,4,3
"823","G0083","G0083_03","decreasing",0,1,1,0,0,1,3,2
"824","G0083","G0083_04","decreasing",13,36,21,21,23,23,20,16
"825","G0083","G0083_05","decreasing",0,3,2,1,3,2,0,5
"826","G0083","G0083_06","decreasing",7,16,11,2,10,8,8,5
"827","G0083","G0083_07","decreasing",13,40,17,16,22,35,17,11
"828","G0083","G0083_08","decreasing",5,11,6,5,11,7,4,6
"829","G0083","G0083_09","decreasing",8,21,16,11,6,13,14,11
"830","G0083","G0083_10","decreasing",9,34,13,6,12,7,12,1
"831","G0084","G0084_01","inactive",1,9,2,6,0,5,2,4
"832","G0084","G0084_02","inactive",14,23,20,8,16,20,26,20
"833","G0084","G0084_03","inactive",5,19,4,1,9,14,4,8
"834","G0084","G0084_04","inactive",0,9,8,0,7,5,3,4
"835","G0084","G0084_05","inactive",27,29,33,20,37,17,17,24
"836","G0084","G0084_06","inactive",4,13,6,7,12,9,16,13
"837","G0084","G0084_07","inactive",18,42,34,10,35,35,30,17
"838","G0084","G0084_08","inactive",3,6,4,7,9,13,4,6
"839","G0084","G0084_09","inactive",3,8,7,4,0,3,4,3
"840","G0084","G0084_10","inactive",13,21,19,6,13,18,11,7
"841","G0085","G0085_01","inactive",1,14,14,4,14,20,10,5
"842","G0085","G0085_02","inactive",5,8,3,4,2,8,3,4
"843","G0085","G0085_03","inactive",12,29,34,11,19,16,30,17
"844","G0085","G0085_04","inactive",7,26,15,9,10,16,5,13
"845","G0085","G0085_05","inactive",16,32,29,15,23,29,27,21
"846","G0085","G0085_06","inactive",6,7,10,2,12,8,11,5
"847","G0085","G0085_07","inactive",1,8,4,1,4,6,9,5
"848","G0085","G0085_08","inactive",3,3,1,3,1,2,4,5
"849","G0085","G0085_09","inactive",7,10,5,11,4,16,5,10
"850","G0085","G0085_10","inactive",1,1,3,3,1,1,3,3
"851","G0086","G0086_01","inactive",9,14,12,3,8,8,8,4
"852","G0086","G0086_02","inactive",2,13,12,2,11,6,5,6
"853","G0086","G0086_03","inactive",4,7,6,6,8,7,16,9
"854","G0086","G0086_04","inactive",7,15,3,6,6,7,8,5
"855","G0086","G0086_05","inactive",2,8,5,2,3,6,7,8
"856","G0086","G0086_06","inactive",4,13,5,11,9,12,7,12
"857","G0086","G0086_07","inactive",4,12,8,13,16,10,26,8
"858","G0086","G0086_08","inactive",9,9,6,9,23,5,3,2
"859","G0086","G0086_09","inactive",17,30,10,19,29,30,15,13
"860","G0086","G0086_10","inactive",2,14,3,9,4,8,3,11
"861","G0087","G0087_01","inactive",10,15,14,6,18,15,9,7
"862","G0087","G0087_02","inactive",3,10,6,9,7,9,3,9
"863","G0087","G0087_03","inactive",2,9,0,4,3,1,3,3
"864","G0087","G0087_04","inactive",2,16,5,6,9,10,5,3
"865","G0087","G0087_05","inactive",8,26,8,7,15,20,5,16
"866","G0087","G0087_06","inactive",7,17,12,7,14,16,10,4
"867","G0087","G0087_07","inactive",21,16,12,7,17,18,16,22
"868","G0087","G0087_08","inactive",8,12,8,10,10,11,17,11
"869","G0087","G0087_09","inactive",10,20,22,18,18,13,14,18
"870","G0087","G0087_10","inactive",5,17,13,4,10,10,12,9
"871","G0088","G0088_01","inactive",4,11,7,7,8,9,6,13
"872","G0088","G0088_02","inactive",8,11,11,8,3,12,11,1
"873","G0088","G0088_03","inactive",20,28,17,14,12,20,11,10
"874","G0088","G0088_04","inactive",3,4,5,7,5,2,7,8
"875","G0088","G0088_05","inactive",5,28,16,13,24,21,24,23
"876","G0088","G0088_06","inactive",33,44,39,32,49,35,44,33
"877","G0088","G0088_07","inactive",9,21,16,11,17,15,17,22
"878","G0088","G0088_08","inactive",2,27,23,4,7,13,22,6
"879","G0088","G0088_09","inactive",9,13,4,10,14,14,7,7
"880","G0088","G0088_10","inactive",7,26,16,16,22,24,16,15
"881","G0089","G0089_01","decreasing",13,16,12,3,9,4,10,4
"882","G0089","G0089_02","decreasing",4,6,6,3,7,6,3,10
"883","G0089","G0089_03","decreasing",9,17,3,10,5,7,4,6
"884","G0089","G0089_04","decreasing",4,11,6,2,2,6,2,4
"885","G0089","G0089_05","decreasing",32,47,27,31,18,21,20,18
"886","G0089","G0089_06","decreasing",16,38,24,7,20,8,12,4
"887","G0089","G0089_07","decreasing",11,22,23,16,8,8,12,13
"888","G0089","G0089_08","decreasing",4,9,2,4,0,4,6,2
"889","G0089","G0089_09","decreasing",6,16,12,15,4,4,5,7
"890","G0089","G0089_10","decreasing",50,99,71,54,34,32,45,18
"891","G0090","G0090_01","inactive",8,5,13,12,13,7,9,10
"892","G0090","G0090_02","inactive",13,15,8,9,19,9,11,14
"893","G0090","G0090_03","inactive",4,11,5,5,11,4,5,1
"894","G0090","G0090_04","inactive",2,12,3,6,7,10,1,12
"895","G0090","G0090_05","inactive",14,29,18,9,24,15,11,17
"896","G0090","G0090_06","inactive",1,4,5,0,0,6,3,2
"897","G0090","G0090_07","inactive",27,63,43,25,38,46,45,42
"898","G0090","G0090_08","inactive",8,13,15,9,9,7,24,6
"899","G0090","G0090_09","inactive",4,4,6,5,2,6,14,6
"900","G0090","G0090_10","inactive",4,6,12,3,11,15,15,8
"901","G0091","G0091_01","inactive",4,1,3,5,6,0,4,6
"902","G0091","G0091_02","inactive",6,16,19,13,8,13,8,15
"903","G0091","G0091_03","inactive",6,8,0,1,8,7,4,3
"904","G0091","G0091_04","inactive",8,15,4,6,12,11,9,3
"905","G0091","G0091_05","inactive",14,23,18,14,23,20,19,21
"906","G0091","G0091_06","inactive",22,46,51,31,43,43,48,28
"907","G0091","G0091_07","inactive",6,13,2,9,4,4,4,11
"908","G0091","G0091_08","inactive",9,7,15,6,15,2,9,5
"909","G0091","G0091_09","inactive",1,2,5,1,1,2,10,1
"910","G0091","G0091_10","inactive",19,42,46,45,36,39,31,39
"911","G0092","G0092_01","inactive",4,5,2,5,3,8,6,2
"912","G0092","G0092_02","inactive",2,5,7,3,4,1,5,2
"913","G0092","G0092_03","inactive",4,5,3,2,2,4,0,4
"914","G0092","G0092_04","inactive",4,10,4,9,5,2,3,3
"915","G0092","G0092_05","inactive",7,13,11,7,7,5,7,5
"916","G0092","G0092_06","inactive",13,30,25,7,11,19,16,14
"917","G0092","G0092_07","inactive",10,10,9,9,15,5,12,10
"918","G0092","G0092_08","inactive",0,15,8,9,9,18,8,3
"919","G0092","G0092_09","inactive",4,9,8,4,8,4,3,14
"920","G0092","G0092_10","inactive",12,12,13,6,12,18,12,11
"921","G0093","G0093_01","decreasing",2,4,0,9,3,1,0,0
"922","G0093","G0093_02","decreasing",14,24,19,20,9,15,9,9
"923","G0093","G0093_03","decreasing",13,22,26,18,13,8,15,6
"924","G0093","G0093_04","decreasing",4,10,7,7,2,2,6,5
"925","G0093","G0093_05","decreasing",15,15,19,12,5,8,12,8
"926","G0093","G0093_06","decreasing",7,10,5,9,9,1,3,2
"927","G0093","G0093_07","decreasing",6,20,17,12,15,11,7,2
"928","G0093","G0093_08","decreasing",3,4,14,0,1,3,6,1
"929","G0093","G0093_09","decreasing",2,4,1,2,3,0,1,1
"930","G0093","G0093_10","decreasing",9,26,7,15,13,15,5,12
"931","G0094","G0094_01","negcontrol",3,7,6,2,8,10,4,7
"932","G0094","G0094_02","negcontrol",5,11,15,7,11,5,13,7
"933","G0094","G0094_03","negcontrol",12,27,24,15,18,30,28,11
"934","G0094","G0094_04","negcontrol",14,35,9,30,18,19,18,16
"935","G0094","G0094_05","negcontrol",14,18,18,9,20,14,9,9
"936","G0094","G0094_06","negcontrol",18,29,15,11,14,11,13,7
"937","G0094","G0094_07","negcontrol",4,11,7,15,9,13,7,12
"938","G0094","G0094_08","negcontrol",2,6,8,8,8,9,2,14
"939","G0094","G0094_09","negcontrol",4,19,3,12,6,10,11,19
"940","G0094","G0094_10","negcontrol",0,16,14,4,0,15,13,3
"941","G0095","G0095_01","inactive",31,40,30,22,32,38,30,26
"942","G0095","G0095_02","inactive",2,0,3,2,1,5,7,2
"943","G0095","G0095_03","inactive",1,12,11,10,2,9,4,9
"944","G0095","G0095_04","inactive",0,4,2,2,6,9,4,4
"945","G0095","G0095_05","inactive",2,0,4,3,2,4,4,2
"946","G0095","G0095_06","inactive",9,16,11,17,7,7,14,13
"947","G0095","G0095_07","inactive",2,7,7,3,3,3,4,4
"948","G0095","G0095_08","inactive",1,7,6,7,8,8,7,2
"949","G0095","G0095_09","inactive",9,26,17,16,28,22,27,15
"950","G0095","G0095_10","inactive",3,20,19,5,8,14,21,11
"951","G0096","G0096_01","inactive",5,12,2,3,2,7,6,8
"952","G0096","G0096_02","inactive",12,28,12,7,19,13,6,6
"953","G0096","G0096_03","inactive",10,18,12,8,31,13,21,18
"954","G0096","G0096_04","inactive",5,20,13,7,2,21,6,7
"955","G0096","G0096_05","inactive",13,8,9,9,6,5,9,6
"956","G0096","G0096_06","inactive",6,11,8,6,6,5,9,12
"957","G0096","G0096_07","inactive",4,13,4,1,6,4,4,1
"958","G0096","G0096_08","inactive",11,7,12,15,15,17,16,17
"959","G0096","G0096_09","inactive",6,5,2,3,5,3,9,1
"960","G0096","G0096_10","inactive",0,5,4,1,6,8,2,2
"961","G0097","G0097_01","inactive",6,9,4,13,5,7,7,15
"962","G0097","G0097_02","inactive",2,11,11,12,13,9,23,12
"963","G0097","G0097_03","inactive",20,53,22,29,22,46,26,39
"964","G0097","G0097_04","inactive",10,25,12,8,17,14,14,14
"965","G0097","G0097_05","inactive",7,15,8,3,5,5,9,3
"966","G0097","G0097_06","inactive",16,27,22,8,19,12,21,12
"967","G0097","G0097_07","inactive",9,5,6,6,4,5,10,5
"968","G0097","G0097_08","inactive",4,5,4,5,4,11,3,6
"969","G0097","G0097_09","inactive",9,12,5,8,1,4,3,7
"970","G0097","G0097_10","inactive",9,26,7,17,10,20,3,16
"971","G0098","G0098_01","inactive",0,8,5,4,1,7,2,5
"972","G0098","G0098_02","inactive",2,4,6,3,4,2,2,1
"973","G0098","G0098_03","inactive",34,50,42,27,51,39,48,33
"974","G0098","G0098_04","inactive",7,10,16,12,7,7,22,7
"975","G0098","G0098_05","inactive",4,8,3,3,1,7,9,2
"976","G0098","G0098_06","inactive",5,22,9,3,11,9,9,5
"977","G0098","G0098_07","inactive",1,5,4,2,4,3,2,3
"978","G0098","G0098_08","inactive",24,34,28,23,45,24,45,23
"979","G0098","G0098_09","inactive",3,14,3,4,1,6,4,3
"980","G0098","G0098_10","inactive",16,31,11,7,17,14,16,14
"981","G0099","G0099_01","inactive",1,10,7,5,8,4,9,8
"982","G0099","G0099_02","inactive",2,3,2,1,3,2,3,3
"983","G0099","G0099_03","inactive",1,5,2,11,5,4,5,4
"984","G0099","G0099_04","inactive",5,10,9,15,15,13,12,17
"985","G0099","G0099_05","inactive",24,32,22,12,29,28,17,15
"986","G0099","G0099_06","inactive",4,8,10,5,10,3,9,4
"987","G0099","G0099_07","inactive",0,3,5,0,2,4,5,1
"988","G0099","G0099_08","inactive",14,16,20,13,19,12,22,15
"989","G0099","G0099_09","inactive",8,10,12,6,15,13,12,17
"990","G0099","G0099_10","inactive",6,10,2,3,4,7,6,2
"991","G0100","G0100_01","increasing",1,4,11,14,11,5,11,4
"992","G0100","G0100_02","increasing",4,11,2,6,9,14,5,8
"993","G0100","G0100_03","increasing",9,23,17,20,39,39,38,24
"994","G0100","G0100_04","increasing",22,23,17,10,45,44,31,16
"995","G0100","G0100_05","increasing",5,4,3,3,12,10,9,11
"996","G0100","G0100_06","increasing",5,3,6,3,9,12,5,7
"997","G0100","G0100_07","increasing",0,1,6,1,0,4,8,2
"998","G0100","G0100_08","increasing",2,6,4,1,6,3,16,3
"999","G0100","G0100_09","increasing",12,55,31,33,74,61,76,63
"1000","G0100","G0100_10","increasing",4,2,4,1,10,4,9,6
"1001","G0101","G0101_01","inactive",6,21,14,11,5,13,15,12
"1002","G0101","G0101_02","inactive",30,52,32,40,33,44,51,40
"1003","G0101","G0101_03","inactive",7,31,20,21,17,33,19,17
"1004","G0101","G0101_04","inactive",3,13,7,2,4,6,5,4
"1005","G0101","G0101_05","inactive",0,1,0,1,1,3,0,1
"1006","G0101","G0101_06","inactive",9,13,2,5,9,7,2,2
"1007","G0101","G0101_07","inactive",3,11,3,8,9,7,3,5
"1008","G0101","G0101_08","inactive",10,16,16,13,16,15,12,14
"1009","G0101","G0101_09","inactive",5,12,2,2,5,6,2,3
"1010","G0101","G0101_10","inactive",5,5,9,9,7,14,8,9
"1011","G0102","G0102_01","inactive",2,4,1,2,6,4,2,2
"1012","G0102","G0102_02","inactive",1,7,3,6,1,6,7,11
"1013","G0102","G0102_03","inactive",2,3,6,5,3,3,3,2
"1014","G0102","G0102_04","inactive",16,30,20,14,28,14,27,16
"1015","G0102","G0102_05","inactive",2,9,9,3,8,7,5,10
"1016","G0102","G0102_06","inactive",18,34,19,21,28,18,23,24
"1017","G0102","G0102_07","inactive",24,19,29,22,31,38,34,30
"1018","G0102","G0102_08","inactive",17,32,19,19,16,26,30,18
"1019","G0102","G0102_09","inactive",0,1,4,0,1,2,2,2
"1020","G0102","G0102_10","inactive",8,16,9,7,6,15,5,0
"1021","G0103","G0103_01","inactive",23,36,35,32,25,34,34,39
"1022","G0103","G0103_02","inactive",1,25,17,20,14,26,24,11
"1023","G0103","G0103_03","inactive",3,19,7,7,6,8,10,8
"1024","G0103","G0103_04","inactive",9,10,14,6,9,5,15,14
"1025","G0103","G0103_05","inactive",2,4,4,1,1,1,5,0
"1026","G0103","G0103_06","inactive",3,17,7,8,13,8,21,9
"1027","G0103","G0103_07","inactive",12,19,14,17,30,14,21,14
"1028","G0103","G0103_08","inactive",7,6,3,4,7,5,2,9
"1029","G0103","G0103_09","inactive",1,5,5,4,0,2,10,3
"1030","G0103","G0103_10","inactive",3,7,4,6,10,4,7,17
"1031","G0104","G0104_01","inactive",5,14,6,2,9,6,5,1
"1032","G0104","G0104_02","inactive",3,5,11,3,5,6,6,3
"1033","G0104","G0104_03","inactive",3,7,6,6,15,11,10,1
"1034","G0104","G0104_04","inactive",20,45,28,28,41,50,37,23
"1035","G0104","G0104_05","inactive",4,15,10,5,16,8,4,6
"1036","G0104","G0104_06","inactive",4,11,9,8,4,15,8,8
"1037","G0104","G0104_07","inactive",1,1,0,2,1,4,0,0
"1038","G0104","G0104_08","inactive",20,27,28,29,49,28,22,25
"1039","G0104","G0104_09","inactive",11,17,15,12,21,7,18,11
"1040","G0104","G0104_10","inactive",3,4,6,9,8,4,3,0
"1041","G0105","G0105_01","increasing",1,6,3,4,9,15,15,6
"1042","G0105","G0105_02","increasing",0,1,3,3,15,4,10,5
"1043","G0105","G0105_03","increasing",3,2,3,3,2,2,6,3
"1044","G0105","G0105_04","increasing",16,32,24,6,48,47,46,44
"1045","G0105","G0105_05","increasing",3,15,11,2,27,17,12,3
"1046","G0105","G0105_06","increasing",9,11,7,4,15,13,11,6
"1047","G0105","G0105_07","increasing",5,10,9,8,20,11,12,16
"1048","G0105","G0105_08","increasing",6,13,6,14,19,9,7,22
"1049","G0105","G0105_09","increasing",13,23,17,12,41,38,39,31
"1050","G0105","G0105_10","increasing",0,2,4,0,7,5,6,0
"1051","G0106","G0106_01","inactive",10,8,2,5,13,14,2,7
"1052","G0106","G0106_02","inactive",17,20,13,17,21,13,20,13
"1053","G0106","G0106_03","inactive",9,8,1,8,6,3,4,9
"1054","G0106","G0106_04","inactive",2,11,6,8,11,12,4,9
"1055","G0106","G0106_05","inactive",1,5,5,4,5,6,10,4
"1056","G0106","G0106_06","inactive",5,2,1,6,1,5,5,8
"1057","G0106","G0106_07","inactive",15,19,8,14,16,11,13,3
"1058","G0106","G0106_08","inactive",8,16,7,11,10,13,8,7
"1059","G0106","G0106_09","inactive",1,14,9,3,3,4,1,7
"1060","G0106","G0106_10","inactive",5,7,6,2,11,12,9,6
"1061","G0107","G0107_01","inactive",5,26,10,8,7,18,14,4
"1062","G0107","G0107_02","inactive",3,16,10,12,8,12,8,4
"1063","G0107","G0107_03","inactive",13,29,19,13,8,17,15,16
"1064","G0107","G0107_04","inactive",7,20,10,3,6,20,21,12
"1065","G0107","G0107_05","inactive",4,4,7,5,8,11,4,6
"1066","G0107","G0107_06","inactive",3,15,6,2,6,9,9,4
"1067","G0107","G0107_07","inactive",3,22,16,9,10,12,10,14
"1068","G0107","G0107_08","inactive",4,15,6,8,10,14,10,9
"1069","G0107","G0107_09","inactive",7,18,5,10,17,15,10,8
"1070","G0107","G0107_10","inactive",6,10,5,11,9,14,7,12
"1071","G0108","G0108_01","increasing",3,2,4,0,2,2,4,7
"1072","G0108","G0108_02","increasing",0,0,3,0,0,0,2,0
"1073","G0108","G0108_03","increasing",7,14,12,5,13,9,16,17
"1074","G0108","G0108_04","increasing",11,14,13,7,22,14,17,16
"1075","G0108","G0108_05","increasing",17,23,14,7,31,35,33,10
"1076","G0108","G0108_06","increasing",6,11,14,18,25,22,24,18
"1077","G0108","G0108_07","increasing",10,28,16,10,18,26,8,8
"1078","G0108","G0108_08","increasing",3,9,2,8,20,9,10,12
"1079","G0108","G0108_09","increasing",6,19,13,10,15,23,18,29
"1080","G0108","G0108_10","increasing",22,35,22,17,49,42,30,24
"1081","G0109","G0109_01","inactive",4,12,3,5,10,12,4,2
"1082","G0109","G0109_02","inactive",19,28,22,20,30,14,19,14
"1083","G0109","G0109_03","inactive",1,5,3,3,6,4,9,4
"1084","G0109","G0109_04","inactive",7,23,11,6,9,7,8,16
"1085","G0109","G0109_05","inactive",2,4,3,2,4,2,3,5
"1086","G0109","G0109_06","inactive",25,43,36,22,41,26,36,34
"1087","G0109","G0109_07","inactive",6,20,9,8,12,13,10,5
"1088","G0109","G0109_08","inactive",6,0,2,3,10,2,2,1
"1089","G0109","G0109_09","inactive",12,20,7,8,13,10,16,7
"1090","G0109","G0109_10","inactive",2,11,7,8,16,12,13,6
"1091","G0110","G0110_01","inactive",18,51,30,26,27,41,29,28
"1092","G0110","G0110_02","inactive",6,10,3,7,10,13,9,11
"1093","G0110","G0110_03","inactive",5,15,10,1,8,8,4,4
"1094","G0110","G0110_04","inactive",7,8,4,3,8,10,4,13
"1095","G0110","G0110_05","inactive",1,10,2,7,3,2,2,8
"1096","G0110","G0110_06","inactive",4,5,12,2,8,4,11,1
"1097","G0110","G0110_07","inactive",7,11,13,11,8,8,17,2
"1098","G0110","G0110_08","inactive",7,19,16,14,24,15,24,12
"1099","G0110","G0110_09","inactive",1,6,10,4,8,8,14,0
"1100","G0110","G0110_10","inactive",18,32,15,24,32,25,23,18
"1101","G0111","G0111_01","negcontrol",5,14,8,5,2,8,8,5
"1102","G0111","G0111_02","negcontrol",3,8,7,7,4,6,5,7
"1103","G0111","G0111_03","negcontrol",1,8,6,2,5,11,2,5
"1104","G0111","G0111_04","negcontrol",11,28,10,9,10,15,8,8
"1105","G0111","G0111_05","negcontrol",3,4,3,4,6,3,5,5
"1106","G0111","G0111_06","negcontrol",3,8,10,4,6,11,6,0
"1107","G0111","G0111_07","negcontrol",17,22,17,16,23,17,22,9
"1108","G0111","G0111_08","negcontrol",6,5,2,7,4,8,9,6
"1109","G0111","G0111_09","negcontrol",3,11,4,1,6,8,5,6
"1110","G0111","G0111_10","negcontrol",6,5,6,3,11,8,4,5
"1111","G0112","G0112_01","inactive",7,12,10,4,9,9,4,10
"1112","G0112","G0112_02","inactive",4,8,8,2,15,10,17,5
"1113","G0112","G0112_03","inactive",12,26,14,14,25,13,8,9
"1114","G0112","G0112_04","inactive",7,17,10,5,8,11,11,3
"1115","G0112","G0112_05","inactive",8,23,17,11,27,25,26,22
"1116","G0112","G0112_06","inactive",5,9,8,9,4,9,17,10
"1117","G0112","G0112_07","inactive",13,20,10,15,21,14,12,8
"1118","G0112","G0112_08","inactive",6,11,6,3,4,5,6,1
"1119","G0112","G0112_09","inactive",6,9,9,3,7,9,3,7
"1120","G0112","G0112_10","inactive",1,8,7,7,3,11,8,7
"1121","G0113","G0113_01","inactive",5,21,10,12,21,17,13,8
"1122","G0113","G0113_02","inactive",5,4,6,2,5,3,9,5
"1123","G0113","G0113_03","inactive",0,8,4,1,0,4,7,0
"1124","G0113","G0113_04","inactive",13,38,25,22,26,27,26,14
"1125","G0113","G0113_05","inactive",5,9,8,3,3,3,13,1
"1126","G0113","G0113_06","inactive",16,27,28,20,26,31,21,25
"1127","G0113","G0113_07","inactive",8,25,20,20,8,24,24,10
"1128","G0113","G0113_08","inactive",8,6,15,9,5,4,5,6
"1129","G0113","G0113_09","inactive",16,30,6,20,21,10,8,18
"1130","G0113","G0113_10","inactive",8,17,13,8,12,21,25,9
"1131","G0114","G0114_01","inactive",16,47,17,16,22,47,18,15
"1132","G0114","G0114_02","inactive",8,7,4,9,10,10,13,7
"1133","G0114","G0114_03","inactive",6,8,7,2,10,8,8,1
"1134","G0114","G0114_04","inactive",8,30,22,16,14,18,14,14
"1135","G0114","G0114_05","inactive",19,53,27,26,42,40,43,19
"1136","G0114","G0114_06","inactive",20,20,18,14,34,17,17,21
"1137","G0114","G0114_07","inactive",6,13,2,8,8,10,12,8
"1138","G0114","G0114_08","inactive",2,0,6,1,7,2,8,5
"1139","G0114","G0114_09","inactive",13,10,7,2,9,10,13,3
"1140","G0114","G0114_10","inactive",5,23,21,12,13,18,16,17
"1141","G0115","G0115_01","inactive",9,10,6,7,15,8,4,11
"1142","G0115","G0115_02","inactive",4,2,2,1,5,3,4,0
"1143","G0115","G0115_03","inactive",9,22,15,9,17,23,17,6
"1144","G0115","G0115_04","inactive",9,5,5,2,15,4,6,2
"1145","G0115","G0115_05","inactive",9,21,5,2,17,8,4,8
"1146","G0115","G0115_06","inactive",5,1,4,2,8,3,5,1
"1147","G0115","G0115_07","inactive",3,6,5,4,6,5,13,3
"1148","G0115","G0115_08","inactive",27,38,23,14,27,19,30,14
"1149","G0115","G0115_09","inactive",16,33,28,12,34,24,32,12
"1150","G0115","G0115_10","inactive",20,24,9,20,15,23,28,16
"1151","G0116","G0116_01","inactive",5,17,15,13,11,10,18,10
"1152","G0116","G0116_02","inactive",44,70,45,38,64,68,59,49
"1153","G0116","G0116_03","inactive",3,10,8,13,3,4,8,11
"1154","G0116","G0116_04","inactive",0,13,1,7,1,14,9,3
"1155","G0116","G0116_05","inactive",34,60,60,26,49,44,52,32
"1156","G0116","G0116_06","inactive",3,5,2,4,3,4,2,4
"1157","G0116","G0116_07","inactive",8,7,14,6,12,9,5,3
"1158","G0116","G0116_08","inactive",7,11,4,3,8,11,8,10
"1159","G0116","G0116_09","inactive",10,38,9,18,22,21,25,18
"1160","G0116","G0116_10","inactive",3,14,8,5,8,5,7,5
"1161","G0117","G0117_01","inactive",3,21,6,13,4,12,11,8
"1162","G0117","G0117_02","inactive",4,10,7,14,5,9,4,9
"1163","G0117","G0117_03","inactive",11,22,16,5,14,19,10,9
"1164","G0117","G0117_04","inactive",3,11,3,2,9,6,6,3
"1165","G0117","G0117_05","inactive",4,15,6,7,2,15,4,5
"1166","G0117","G0117_06","inactive",2,16,7,1,2,9,12,5
"1167","G0117","G0117_07","inactive",0,3,3,0,2,4,4,2
"1168","G0117","G0117_08","inactive",5,8,10,2,11,15,9,5
"1169","G0117","G0117_09","inactive",9,13,4,15,15,19,14,11
"1170","G0117","G0117_10","inactive",28,38,27,26,52,29,48,32
"1171","G0118","G0118_01","inactive",21,41,25,22,43,36,20,17
"1172","G0118","G0118_02","inactive",8,10,10,6,10,11,11,7
"1173","G0118","G0118_03","inactive",7,22,8,4,9,10,7,5
"1174","G0118","G0118_04","inactive",6,22,15,4,13,14,12,8
"1175","G0118","G0118_05","inactive",22,39,32,43,45,35,49,28
"1176","G0118","G0118_06","inactive",5,13,4,8,8,10,8,8
"1177","G0118","G0118_07","inactive",3,15,18,7,9,17,6,9
"1178","G0118","G0118_08","inactive",20,31,18,18,34,26,20,19
"1179","G0118","G0118_09","inactive",48,89,44,38,76,60,55,49
"1180","G0118","G0118_10","inactive",7,6,8,7,7,10,12,6
"1181","G0119","G0119_01","inactive",17,28,30,15,15,33,28,20
"1182","G0119","G0119_02","inactive",2,7,2,8,9,5,1,2
"1183","G0119","G0119_03","inactive",3,6,1,2,2,5,3,2
"1184","G0119","G0119_04","inactive",11,13,9,5,12,9,14,3
"1185","G0119","G0119_05","inactive",0,7,6,5,4,9,6,5
"1186","G0119","G0119_06","inactive",3,7,6,4,3,2,13,1
"1187","G0119","G0119_07","inactive",6,25,4,8,16,23,6,20
"1188","G0119","G0119_08","inactive",4,2,6,0,4,2,5,1
"1189","G0119","G0119_09","inactive",16,35,26,25,32,35,20,33
"1190","G0119","G0119_10","inactive",6,15,7,4,6,8,11,6
"1191","G0120","G0120_01","inactive",5,5,3,0,6,7,3,3
"1192","G0120","G0120_02","inactive",5,8,4,2,1,9,3,2
"1193","G0120","G0120_03","inactive",8,15,3,7,8,9,10,15
"1194","G0120","G0120_04","inactive",13,12,10,8,16,12,10,13
"1195","G0120","G0120_05","inactive",6,5,1,5,7,5,8,7
"1196","G0120","G0120_06","inactive",5,6,1,7,11,5,5,9
"1197","G0120","G0120_07","inactive",2,1,4,3,3,2,3,7
"1198","G0120","G0120_08","inactive",2,2,3,2,2,2,3,5
"1199","G0120","G0120_09","inactive",1,4,1,2,5,0,3,3
"1200","G0120","G0120_10","inactive",0,5,1,1,0,1,1,1
"1201","G0121","G0121_01","inactive",15,17,18,11,16,14,24,19
"1202","G0121","G0121_02","inactive",4,16,14,12,10,11,19,7
"1203","G0121","G0121_03","inactive",2,12,6,3,1,3,3,3
"1204","G0121","G0121_04","inactive",4,13,16,10,4,10,15,7
"1205","G0121","G0121_05","inactive",5,9,7,5,6,7,7,4
"1206","G0121","G0121_06","inactive",9,19,16,6,12,16,9,10
"1207","G0121","G0121_07","inactive",5,21,6,8,10,6,13,7
"1208","G0121","G0121_08","inactive",2,11,12,12,6,8,16,9
"1209","G0121","G0121_09","inactive",3,7,2,5,4,1,8,8
"1210","G0121","G0121_10","inactive",1,0,2,1,1,1,0,1
"1211","G0122","G0122_01","inactive",2,14,7,4,9,3,4,5
"1212","G0122","G0122_02","inactive",3,9,11,3,12,14,16,1
"1213","G0122","G0122_03","inactive",4,1,3,4,4,4,2,2
"1214","G0122","G0122_04","inactive",5,3,9,5,5,1,11,4
"1215","G0122","G0122_05","inactive",2,2,0,0,9,0,0,0
"1216","G0122","G0122_06","inactive",3,10,3,3,6,3,3,10
"1217","G0122","G0122_07","inactive",3,11,4,2,12,6,8,5
"1218","G0122","G0122_08","inactive",9,12,13,4,13,11,10,12
"1219","G0122","G0122_09","inactive",5,7,3,5,3,5,5,7
"1220","G0122","G0122_10","inactive",13,40,14,15,26,25,19,22
"1221","G0123","G0123_01","increasing",7,10,4,6,21,34,15,13
"1222","G0123","G0123_02","increasing",0,4,4,8,5,13,7,11
"1223","G0123","G0123_03","increasing",13,29,18,17,20,41,26,32
"1224","G0123","G0123_04","increasing",6,19,9,13,19,17,6,16
"1225","G0123","G0123_05","increasing",10,22,11,4,10,15,17,6
"1226","G0123","G0123_06","increasing",11,12,8,7,10,27,8,15
"1227","G0123","G0123_07","increasing",0,2,4,3,12,3,6,4
"1228","G0123","G0123_08","increasing",2,6,2,2,14,5,7,7
"1229","G0123","G0123_09","increasing",5,1,4,2,5,7,11,1
"1230","G0123","G0123_10","increasing",8,6,11,11,9,13,15,10
"1231","G0124","G0124_01","inactive",2,24,9,8,13,9,12,8
"1232","G0124","G0124_02","inactive",4,2,9,3,4,3,3,4
"1233","G0124","G0124_03","inactive",8,28,20,8,13,24,15,16
"1234","G0124","G0124_04","inactive",32,96,67,40,79,63,80,54
"1235","G0124","G0124_05","inactive",7,5,4,3,5,2,5,4
"1236","G0124","G0124_06","inactive",7,26,16,16,16,21,11,17
"1237","G0124","G0124_07","inactive",3,4,3,0,5,4,3,4
"1238","G0124","G0124_08","inactive",14,39,23,15,25,20,16,22
"1239","G0124","G0124_09","inactive",17,22,15,14,16,14,15,17
"1240","G0124","G0124_10","inactive",4,18,6,7,5,14,7,8
"1241","G0125","G0125_01","inactive",6,31,10,8,22,24,11,14
"1242","G0125","G0125_02","inactive",0,9,1,2,0,5,3,2
"1243","G0125","G0125_03","inactive",3,6,6,12,12,6,6,15
"1244","G0125","G0125_04","inactive",13,18,15,11,18,22,26,4
"1245","G0125","G0125_05","inactive",6,16,15,11,6,19,14,8
"1246","G0125","G0125_06","inactive",9,21,7,6,10,14,10,4
"1247","G0125","G0125_07","inactive",0,2,4,2,2,4,0,3
"1248","G0125","G0125_08","inactive",2,12,4,4,9,22,6,2
"1249","G0125","G0125_09","inactive",8,19,21,6,22,24,8,5
"1250","G0125","G0125_10","inactive",1,7,6,8,7,9,5,6
"1251","G0126","G0126_01","inactive",18,42,31,20,21,27,20,23
"1252","G0126","G0126_02","inactive",37,71,51,27,57,41,38,45
"1253","G0126","G0126_03","inactive",11,23,15,10,15,13,9,14
"1254","G0126","G0126_04","inactive",8,8,7,6,7,6,7,7
"1255","G0126","G0126_05","inactive",3,4,5,3,3,6,4,6
"1256","G0126","G0126_06","inactive",2,6,2,0,0,2,0,4
"1257","G0126","G0126_07","inactive",7,8,6,0,4,11,4,2
"1258","G0126","G0126_08","inactive",6,14,13,11,11,10,13,5
"1259","G0126","G0126_09","inactive",1,5,5,1,6,2,5,3
"1260","G0126","G0126_10","inactive",1,9,2,2,0,10,1,3
"1261","G0127","G0127_01","inactive",3,8,6,4,6,10,8,4
"1262","G0127","G0127_02","inactive",6,16,12,9,7,8,11,6
"1263","G0127","G0127_03","inactive",3,8,7,3,10,7,6,4
"1264","G0127","G0127_04","inactive",10,21,20,19,19,24,18,14
"1265","G0127","G0127_05","inactive",14,24,24,17,32,18,20,18
"1266","G0127","G0127_06","inactive",5,18,9,11,10,12,14,15
"1267","G0127","G0127_07","inactive",6,14,16,6,6,5,9,8
"1268","G0127","G0127_08","inactive",2,3,1,5,6,5,7,6
"1269","G0127","G0127_09","inactive",7,6,0,1,7,5,4,4
"1270","G0127","G0127_10","inactive",2,12,2,5,0,11,3,4
"1271","G0128","G0128_01","inactive",15,43,33,16,27,35,39,15
"1272","G0128","G0128_02","inactive",2,4,3,4,3,0,5,5
"1273","G0128","G0128_03","inactive",7,16,11,4,9,13,15,11
"1274","G0128","G0128_04","inactive",11,10,13,17,7,13,19,11
"1275","G0128","G0128_05","inactive",10,17,8,4,7,12,8,7
"1276","G0128","G0128_06","inactive",3,13,5,4,3,7,7,4
"1277","G0128","G0128_07","inactive",1,7,2,3,3,1,3,2
"1278","G0128","G0128_08","inactive",17,25,21,10,29,18,12,11
"1279","G0128","G0128_09","inactive",0,1,2,0,1,0,4,0
"1280","G0128","G0128_10","inactive",2,3,4,2,3,1,5,2
"1281","G0129","G0129_01","inactive",0,2,0,1,5,3,1,3
"1282","G0129","G0129_02","inactive",5,5,3,3,8,3,5,3
"1283","G0129","G0129_03","inactive",9,20,15,4,8,10,13,6
"1284","G0129","G0129_04","inactive",7,10,5,10,13,9,9,3
"1285","G0129","G0129_05","inactive",11,9,19,8,12,8,15,6
"1286","G0129","G0129_06","inactive",6,13,11,7,9,23,10,13
"1287","G0129","G0129_07","inactive",9,24,12,24,23,15,19,19
"1288","G0129","G0129_08","inactive",1,9,1,3,1,3,0,3
"1289","G0129","G0129_09","inactive",1,4,11,5,5,6,6,2
"1290","G0129","G0129_10","inactive",5,7,6,5,5,17,3,4
"1291","G0130","G0130_01","inactive",2,10,2,5,10,8,3,5
"1292","G0130","G0130_02","inactive",5,13,12,9,20,14,16,17
"1293","G0130","G0130_03","inactive",5,7,11,7,10,8,7,12
"1294","G0130","G0130_04","inactive",11,17,4,12,12,13,10,10
"1295","G0130","G0130_05","inactive",11,15,5,8,19,21,10,9
"1296","G0130","G0130_06","inactive",4,8,4,4,5,5,10,1
"1297","G0130","G0130_07","inactive",13,31,22,12,19,28,22,8
"1298","G0130","G0130_08","inactive",6,7,6,2,7,7,4,2
"1299","G0130","G0130_09","inactive",1,4,2,5,9,8,11,3
"1300","G0130","G0130_10","inactive",9,19,9,10,21,12,11,3
"1301","G0131","G0131_01","inactive",1,11,7,4,2,7,6,2
"1302","G0131","G0131_02","inactive",3,9,1,4,11,8,3,1
"1303","G0131","G0131_03","inactive",9,9,18,14,19,5,5,9
"1304","G0131","G0131_04","inactive",4,9,12,1,6,6,17,5
"1305","G0131","G0131_05","inactive",13,36,15,22,28,28,14,12
"1306","G0131","G0131_06","inactive",9,6,15,3,10,7,14,3
"1307","G0131","G0131_07","inactive",4,15,7,8,4,6,8,7
"1308","G0131","G0131_08","inactive",12,23,15,13,24,18,13,17
"1309","G0131","G0131_09","inactive",5,30,9,11,8,20,12,11
"1310","G0131","G0131_10","inactive",3,8,5,6,9,7,5,10
"1311","G0132","G0132_01","inactive",9,27,7,8,21,7,7,6
"1312","G0132","G0132_02","inactive",17,25,16,16,27,13,19,5
"1313","G0132","G0132_03","inactive",2,1,0,8,6,2,3,5
"1314","G0132","G0132_04","inactive",8,11,11,2,8,8,17,4
"1315","G0132","G0132_05","inactive",11,25,8,14,20,24,15,12
"1316","G0132","G0132_06","inactive",7,27,9,8,15,20,12,4
"1317","G0132","G0132_07","inactive",4,5,9,4,7,3,11,3
"1318","G0132","G0132_08","inactive",4,3,8,10,14,1,12,8
"1319","G0132","G0132_09","inactive",9,12,12,11,23,9,9,7
"1320","G0132","G0132_10","inactive",4,26,11,6,11,19,14,9
"1321","G0133","G0133_01","decreasing",7,23,21,13,8,7,16,9
"1322","G0133","G0133_02","decreasing",9,27,9,7,6,7,12,7
"1323","G0133","G0133_03","decreasing",10,54,40,25,16,28,15,15
"1324","G0133","G0133_04","decreasing",13,28,20,14,7,8,10,6
"1325","G0133","G0133_05","decreasing",28,77,42,44,35,17,26,24
"1326","G0133","G0133_06","decreasing",4,10,9,8,10,3,5,8
"1327","G0133","G0133_07","decreasing",10,15,8,8,9,9,4,5
"1328","G0133","G0133_08","decreasing",6,15,7,6,4,1,3,2
"1329","G0133","G0133_09","decreasing",6,12,9,8,3,11,4,0
"1330","G0133","G0133_10","decreasing",19,38,29,9,18,26,13,4
"1331","G0134","G0134_01","inactive",11,12,7,1,6,3,8,2
"1332","G0134","G0134_02","inactive",6,5,9,1,13,7,15,9
"1333","G0134","G0134_03","inactive",9,11,4,2,15,13,7,7
"1334","G0134","G0134_04","inactive",10,20,7,6,3,8,4,5
"1335","G0134","G0134_05","inactive",25,45,42,26,34,41,32,17
"1336","G0134","G0134_06","inactive",14,39,23,17,30,39,14,16
"1337","G0134","G0134_07","inactive",0,4,0,4,2,0,2,2
"1338","G0134","G0134_08","inactive",0,6,2,1,0,0,3,4
"1339","G0134","G0134_09","inactive",26,63,54,42,51,51,49,44
"1340","G0134","G0134_10","inactive",4,11,11,5,13,8,9,8
"1341","G0135","G0135_01","inactive",21,27,33,11,16,26,14,13
"1342","G0135","G0135_02","inactive",8,9,10,9,7,10,6,9
"1343","G0135","G0135_03","inactive",6,9,4,4,9,10,9,9
"1344","G0135","G0135_04","inactive",6,15,13,12,14,13,15,13
"1345","G0135","G0135_05","inactive",1,7,2,4,4,10,2,2
"1346","G0135","G0135_06","inactive",17,23,20,10,25,14,21,12
"1347","G0135","G0135_07","inactive",10,15,4,6,6,4,4,5
"1348","G0135","G0135_08","inactive",12,21,17,9,13,16,26,9
"1349","G0135","G0135_09","inactive",18,38,35,18,25,33,36,27
"1350","G0135","G0135_10","inactive",4,6,3,2,6,7,5,7
"1351","G0136","G0136_01","inactive",7,9,14,9,11,11,8,4
"1352","G0136","G0136_02","inactive",5,7,4,2,8,4,3,4
"1353","G0136","G0136_03","inactive",3,2,2,4,6,0,2,2
"1354","G0136","G0136_04","inactive",18,24,34,14,35,22,22,22
"1355","G0136","G0136_05","inactive",4,0,11,2,9,1,5,10
"1356","G0136","G0136_06","inactive",2,9,2,3,3,7,8,3
"1357","G0136","G0136_07","inactive",20,43,32,29,35,32,30,33
"1358","G0136","G0136_08","inactive",26,39,17,19,38,28,19,19
"1359","G0136","G0136_09","inactive",17,25,11,18,15,18,11,14
"1360","G0136","G0136_10","inactive",0,12,6,2,6,5,2,2
"1361","G0137","G0137_01","inactive",6,7,2,3,4,4,3,1
"1362","G0137","G0137_02","inactive",1,17,5,2,2,10,10,5
"1363","G0137","G0137_03","inactive",10,45,33,19,26,36,33,17
"1364","G0137","G0137_04","inactive",2,14,3,8,7,6,5,5
"1365","G0137","G0137_05","inactive",4,13,4,3,10,5,11,4
"1366","G0137","G0137_06","inactive",8,31,21,14,23,19,20,9
"1367","G0137","G0137_07","inactive",9,29,7,27,22,22,10,18
"1368","G0137","G0137_08","inactive",9,10,4,9,13,7,8,4
"1369","G0137","G0137_09","inactive",13,24,10,19,15,17,16,14
"1370","G0137","G0137_10","inactive",8,9,10,4,7,12,7,5
"1371","G0138","G0138_01","inactive",8,16,10,5,12,14,6,6
"1372","G0138","G0138_02","inactive",7,6,3,4,3,2,4,0
"1373","G0138","G0138_03","inactive",9,18,10,8,10,25,12,3
"1374","G0138","G0138_04","inactive",1,17,16,7,9,8,13,6
"1375","G0138","G0138_05","inactive",12,27,18,11,21,26,19,12
"1376","G0138","G0138_06","inactive",3,8,9,7,12,10,11,7
"1377","G0138","G0138_07","inactive",8,19,10,11,15,20,7,8
"1378","G0138","G0138_08","inactive",13,22,11,11,16,15,12,14
"1379","G0138","G0138_09","inactive",8,12,11,3,13,10,8,10
"1380","G0138","G0138_10","inactive",23,19,18,11,25,33,27,13
"1381","G0139","G0139_01","inactive",3,30,18,8,8,14,28,6
"1382","G0139","G0139_02","inactive",6,20,11,11,7,17,7,11
"1383","G0139","G0139_03","inactive",5,12,8,6,16,9,7,8
"1384","G0139","G0139_04","inactive",2,6,4,10,10,15,5,3
"1385","G0139","G0139_05","inactive",2,3,2,0,1,1,1,0
"1386","G0139","G0139_06","inactive",7,34,14,9,22,27,18,11
"1387","G0139","G0139_07","inactive",5,17,8,9,8,8,11,7
"1388","G0139","G0139_08","inactive",53,77,64,35,72,67,84,38
"1389","G0139","G0139_09","inactive",21,26,33,17,29,21,24,13
"1390","G0139","G0139_10","inactive",10,16,11,13,13,16,10,10
"1391","G0140","G0140_01","inactive",6,8,4,6,14,10,10,22
"1392","G0140","G0140_02","inactive",6,6,3,2,6,5,4,3
"1393","G0140","G0140_03","inactive",8,23,11,10,15,11,19,7
"1394","G0140","G0140_04","inactive",14,27,20,19,34,30,26,33
"1395","G0140","G0140_05","inactive",16,28,22,17,19,16,23,15
"1396","G0140","G0140_06","inactive",9,5,6,7,4,9,7,2
"1397","G0140","G0140_07","inactive",6,16,9,13,7,13,7,8
"1398","G0140","G0140_08","inactive",7,9,8,3,5,8,11,1
"1399","G0140","G0140_09","inactive",16,15,13,9,23,12,9,16
"1400","G0140","G0140_10","inactive",21,28,18,21,33,32,29,21
"1401","G0141","G0141_01","inactive",6,7,2,4,13,5,8,8
"1402","G0141","G0141_02","inactive",7,10,11,3,15,5,11,11
"1403","G0141","G0141_03","inactive",58,109,75,59,85,81,75,67
"1404","G0141","G0141_04","inactive",11,3,3,7,13,6,10,7
"1405","G0141","G0141_05","inactive",26,50,45,43,63,48,56,33
"1406","G0141","G0141_06","inactive",4,4,2,5,9,5,7,5
"1407","G0141","G0141_07","inactive",6,9,12,4,8,5,8,4
"1408","G0141","G0141_08","inactive",6,19,13,9,20,7,14,10
"1409","G0141","G0141_09","inactive",6,11,8,7,7,3,8,5
"1410","G0141","G0141_10","inactive",7,27,21,29,17,23,33,21
"1411","G0142","G0142_01","inactive",6,7,13,5,7,9,14,5
"1412","G0142","G0142_02","inactive",3,9,2,4,3,3,5,5
"1413","G0142","G0142_03","inactive",10,25,8,8,23,9,9,8
"1414","G0142","G0142_04","inactive",2,6,8,6,1,7,6,6
"1415","G0142","G0142_05","inactive",1,12,7,2,0,4,3,3
"1416","G0142","G0142_06","inactive",4,5,7,0,10,5,5,3
"1417","G0142","G0142_07","inactive",36,45,52,25,43,37,32,21
"1418","G0142","G0142_08","inactive",6,5,5,7,4,6,8,7
"1419","G0142","G0142_09","inactive",12,20,11,9,13,27,4,10
"1420","G0142","G0142_10","inactive",23,49,52,36,49,38,42,32
"1421","G0143","G0143_01","inactive",10,7,3,0,10,3,9,3
"1422","G0143","G0143_02","inactive",0,9,0,2,2,2,6,1
"1423","G0143","G0143_03","inactive",2,2,4,2,1,2,1,3
"1424","G0143","G0143_04","inactive",7,19,8,10,17,23,10,10
"1425","G0143","G0143_05","inactive",3,10,5,4,2,8,7,7
"1426","G0143","G0143_06","inactive",15,34,20,20,19,27,23,21
"1427","G0143","G0143_07","inactive",7,26,20,12,12,19,14,12
"1428","G0143","G0143_08","inactive",1,21,4,10,11,7,13,3
"1429","G0143","G0143_09","inactive",5,9,3,4,2,5,9,4
"1430","G0143","G0143_10","inactive",6,4,16,12,5,6,10,16
"1431","G0144","G0144_01","inactive",10,6,7,7,15,7,6,6
"1432","G0144","G0144_02","inactive",3,8,7,7,6,11,6,6
"1433","G0144","G0144_03","inactive",13,9,12,9,12,16,12,5
"1434","G0144","G0144_04","inactive",9,17,8,10,14,22,10,6
"1435","G0144","G0144_05","inactive",12,25,9,10,11,28,22,12
"1436","G0144","G0144_06","inactive",4,9,10,4,9,6,8,4
"1437","G0144","G0144_07","inactive",3,16,8,4,6,8,4,5
"1438","G0144","G0144_08","inactive",18,32,28,20,45,30,40,23
"1439","G0144","G0144_09","inactive",9,25,11,13,10,23,17,15
"1440","G0144","G0144_10","inactive",8,14,8,2,5,6,11,3
"1441","G0145","G0145_01","inactive",4,7,2,3,7,4,1,1
"1442","G0145","G0145_02","inactive",7,13,10,4,13,9,11,9
"1443","G0145","G0145_03","inactive",11,16,11,9,16,20,6,8
"1444","G0145","G0145_04","inactive",9,17,6,9,15,16,5,6
"1445","G0145","G0145_05","inactive",4,12,3,4,9,11,6,6
"1446","G0145","G0145_06","inactive",7,9,11,11,9,4,5,8
"1447","G0145","G0145_07","inactive",8,11,12,6,13,7,3,9
"1448","G0145","G0145_08","inactive",10,37,15,7,16,31,14,12
"1449","G0145","G0145_09","inactive",1,5,5,5,3,4,10,3
"1450","G0145","G0145_10","inactive",0,6,2,2,0,3,5,4
"1451","G0146","G0146_01","inactive",6,6,8,7,5,6,8,18
"1452","G0146","G0146_02","inactive",10,12,6,6,12,11,12,8
"1453","G0146","G0146_03","inactive",14,25,14,17,12,15,20,13
"1454","G0146","G0146_04","inactive",14,46,27,26,20,45,29,35
"1455","G0146","G0146_05","inactive",7,8,9,6,13,1,2,11
"1456","G0146","G0146_06","inactive",3,10,10,5,8,11,10,5
"1457","G0146","G0146_07","inactive",1,9,8,6,16,3,7,5
"1458","G0146","G0146_08","inactive",30,70,36,49,56,83,47,56
"1459","G0146","G0146_09","inactive",25,46,21,17,28,30,22,22
"1460","G0146","G0146_10","inactive",2,3,3,6,4,1,7,3
"1461","G0147","G0147_01","inactive",14,26,16,22,21,19,27,21
"1462","G0147","G0147_02","inactive",6,20,12,9,13,16,19,7
"1463","G0147","G0147_03","inactive",3,11,2,5,5,9,8,2
"1464","G0147","G0147_04","inactive",6,12,12,3,17,5,15,15
"1465","G0147","G0147_05","inactive",3,22,20,12,10,10,25,11
"1466","G0147","G0147_06","inactive",3,6,3,1,6,7,2,0
"1467","G0147","G0147_07","inactive",2,7,2,3,9,7,2,4
"1468","G0147","G0147_08","inactive",10,21,9,4,8,31,20,12
"1469","G0147","G0147_09","inactive",7,4,3,3,5,6,4,3
"1470","G0147","G0147_10","inactive",7,9,18,9,9,21,16,9
"1471","G0148","G0148_01","inactive",17,29,28,17,24,28,31,34
"1472","G0148","G0148_02","inactive",10,36,21,9,29,24,32,24
"1473","G0148","G0148_03","inactive",0,13,5,4,11,11,12,8
"1474","G0148","G0148_04","inactive",7,12,7,3,9,4,1,8
"1475","G0148","G0148_05","inactive",5,8,10,9,11,16,17,9
"1476","G0148","G0148_06","inactive",7,14,7,5,11,8,5,5
"1477","G0148","G0148_07","inactive",1,7,6,6,2,10,6,5
"1478","G0148","G0148_08","inactive",3,7,2,1,4,2,7,5
"1479","G0148","G0148_09","inactive",7,7,4,3,5,7,3,5
"1480","G0148","G0148_10","inactive",16,36,19,27,27,21,13,26
"1481","G0149","G0149_01","inactive",4,6,4,10,5,5,6,9
"1482","G0149","G0149_02","inactive",3,15,8,4,12,13,14,3
"1483","G0149","G0149_03","inactive",9,10,9,5,12,10,7,12
"1484","G0149","G0149_04","inactive",14,29,23,14,28,32,17,26
"1485","G0149","G0149_05","inactive",3,8,8,16,10,12,16,12
"1486","G0149","G0149_06","inactive",6,21,4,4,11,17,5,5
"1487","G0149","G0149_07","inactive",11,24,28,17,26,15,25,18
"1488","G0149","G0149_08","inactive",0,3,3,2,2,7,7,7
"1489","G0149","G0149_09","inactive",9,13,9,5,18,12,8,3
"1490","G0149","G0149_10","inactive",5,7,10,5,5,6,7,0
"1491","G0150","G0150_01","inactive",4,11,2,4,11,6,1,6
"1492","G0150","G0150_02","inactive",22,10,8,8,19,8,24,15
"1493","G0150","G0150_03","inactive",12,40,13,14,12,26,29,24
"1494","G0150","G0150_04","inactive",31,78,36,28,44,55,46,50
"1495","G0150","G0150_05","inactive",9,40,12,8,22,33,13,16
"1496","G0150","G0150_06","inactive",5,4,8,1,6,3,4,3
"1497","G0150","G0150_07","inactive",14,24,24,24,22,20,30,31
"1498","G0150","G0150_08","inactive",5,8,6,5,5,3,2,2
"1499","G0150","G0150_09","inactive",9,10,7,6,19,11,10,5
"1500","G0150","G0150_10","inactive",5,5,7,4,3,9,0,3
"1501","G0151","G0151_01","decreasing",11,27,12,7,14,9,10,10
"1502","G0151","G0151_02","decreasing",20,44,33,39,23,31,19,15
"1503","G0151","G0151_03","decreasing",6,7,1,3,6,3,4,3
"1504","G0151","G0151_04","decreasing",13,41,19,15,11,19,9,21
"1505","G0151","G0151_05","decreasing",3,14,8,9,1,6,6,6
"1506","G0151","G0151_06","decreasing",6,17,18,20,3,12,8,14
"1507","G0151","G0151_07","decreasing",1,4,3,0,1,5,4,1
"1508","G0151","G0151_08","decreasing",6,3,3,3,2,1,4,1
"1509","G0151","G0151_09","decreasing",29,24,13,16,30,21,25,30
"1510","G0151","G0151_10","decreasing",0,4,1,1,3,3,1,2
"1511","G0152","G0152_01","inactive",2,2,0,0,3,1,3,1
"1512","G0152","G0152_02","inactive",16,37,29,24,40,35,46,30
"1513","G0152","G0152_03","inactive",1,13,7,2,13,18,15,5
"1514","G0152","G0152_04","inactive",4,8,6,4,3,10,5,2
"1515","G0152","G0152_05","inactive",7,9,13,11,10,4,7,14
"1516","G0152","G0152_06","inactive",7,13,2,17,15,14,6,8
"1517","G0152","G0152_07","inactive",6,24,11,8,5,13,11,3
"1518","G0152","G0152_08","inactive",14,5,6,5,17,9,15,5
"1519","G0152","G0152_09","inactive",33,38,27,22,35,36,17,24
"1520","G0152","G0152_10","inactive",2,17,16,11,12,6,11,19
"1521","G0153","G0153_01","inactive",6,9,6,4,10,8,7,8
"1522","G0153","G0153_02","inactive",5,0,0,5,6,1,2,3
"1523","G0153","G0153_03","inactive",16,16,21,10,25,24,18,12
"1524","G0153","G0153_04","inactive",6,14,13,19,8,14,20,10
"1525","G0153","G0153_05","inactive",26,43,26,16,30,35,41,16
"1526","G0153","G0153_06","inactive",24,37,16,10,40,41,18,20
"1527","G0153","G0153_07","inactive",13,38,22,19,24,21,23,15
"1528","G0153","G0153_08","inactive",6,3,2,6,9,3,4,10
"1529","G0153","G0153_09","inactive",9,18,8,9,18,9,20,14
"1530","G0153","G0153_10","inactive",6,22,9,18,13,19,14,16
"1531","G0154","G0154_01","inactive",8,18,10,7,15,13,8,10
"1532","G0154","G0154_02","inactive",9,52,10,15,19,25,26,13
"1533","G0154","G0154_03","inactive",10,6,4,0,10,8,4,3
"1534","G0154","G0154_04","inactive",12,12,12,10,24,20,20,18
"1535","G0154","G0154_05","inactive",26,46,24,18,24,25,18,20
"1536","G0154","G0154_06","inactive",5,27,4,9,5,7,6,5
"1537","G0154","G0154_07","inactive",12,28,37,20,31,17,33,18
"1538","G0154","G0154_08","inactive",3,8,8,5,5,7,13,4
"1539","G0154","G0154_09","inactive",3,3,4,3,6,6,2,1
"1540","G0154","G0154_10","inactive",1,1,3,1,2,0,4,1
"1541","G0155","G0155_01","inactive",6,6,3,10,6,4,3,13
"1542","G0155","G0155_02","inactive",13,34,19,20,27,22,25,23
"1543","G0155","G0155_03","inactive",4,14,2,11,6,5,3,6
"1544","G0155","G0155_04","inactive",9,12,14,7,17,10,12,11
"1545","G0155","G0155_05","inactive",5,7,3,3,7,6,5,2
"1546","G0155","G0155_06","inactive",8,23,5,16,10,9,5,6
"1547","G0155","G0155_07","inactive",22,29,24,14,24,16,20,19
"1548","G0155","G0155_08","inactive",10,25,12,13,35,26,21,21
"1549","G0155","G0155_09","inactive",2,6,4,3,4,3,2,2
"1550","G0155","G0155_10","inactive",3,1,2,6,5,0,6,7
"1551","G0156","G0156_01","decreasing",2,11,9,4,8,8,8,7
"1552","G0156","G0156_02","decreasing",1,11,5,8,4,3,5,1
"1553","G0156","G0156_03","decreasing",12,20,13,5,11,8,10,7
"1554","G0156","G0156_04","decreasing",9,18,12,9,5,10,7,4
"1555","G0156","G0156_05","decreasing",1,1,1,3,3,1,2,0
"1556","G0156","G0156_06","decreasing",4,6,8,7,7,3,1,1
"1557","G0156","G0156_07","decreasing",15,20,13,13,14,10,14,7
"1558","G0156","G0156_08","decreasing",4,8,2,2,0,2,3,0
"1559","G0156","G0156_09","decreasing",11,24,29,19,11,10,24,19
"1560","G0156","G0156_10","decreasing",9,8,6,3,2,2,3,4
"1561","G0157","G0157_01","inactive",8,11,5,4,18,17,7,16
"1562","G0157","G0157_02","inactive",4,7,6,7,5,3,6,5
"1563","G0157","G0157_03","inactive",4,6,9,6,9,3,6,5
"1564","G0157","G0157_04","inactive",13,39,20,5,10,29,19,9
"1565","G0157","G0157_05","inactive",6,13,8,2,4,7,11,7
"1566","G0157","G0157_06","inactive",8,21,15,10,21,18,13,11
"1567","G0157","G0157_07","inactive",5,10,2,3,5,5,5,2
"1568","G0157","G0157_08","inactive",4,13,2,7,12,9,7,8
"1569","G0157","G0157_09","inactive",16,21,16,3,19,15,25,8
"1570","G0157","G0157_10","inactive",3,1,3,0,4,0,3,0
"1571","G0158","G0158_01","inactive",23,23,12,12,19,25,13,9
"1572","G0158","G0158_02","inactive",6,5,8,2,4,5,5,2
"1573","G0158","G0158_03","inactive",1,9,3,0,9,12,5,3
"1574","G0158","G0158_04","inactive",5,5,4,0,3,0,3,2
"1575","G0158","G0158_05","inactive",1,6,2,5,10,4,2,12
"1576","G0158","G0158_06","inactive",9,21,28,17,13,15,20,13
"1577","G0158","G0158_07","inactive",23,32,24,17,26,37,20,16
"1578","G0158","G0158_08","inactive",30,57,33,24,60,56,32,32
"1579","G0158","G0158_09","inactive",8,25,15,15,34,29,16,18
"1580","G0158","G0158_10","inactive",12,19,18,13,19,11,17,12
"1581","G0159","G0159_01","inactive",0,15,3,6,3,8,2,2
"1582","G0159","G0159_02","inactive",7,25,16,14,15,12,20,14
"1583","G0159","G0159_03","inactive",16,32,20,12,15,19,25,11
"1584","G0159","G0159_04","inactive",3,25,8,7,8,17,14,11
"1585","G0159","G0159_05","inactive",2,2,1,0,4,3,3,0
"1586","G0159","G0159_06","inactive",6,20,6,7,13,14,15,12
"1587","G0159","G0159_07","inactive",11,6,13,7,15,17,14,4
"1588","G0159","G0159_08","inactive",1,19,9,12,5,9,8,9
"1589","G0159","G0159_09","inactive",2,3,3,1,2,2,0,4
"1590","G0159","G0159_10","inactive",13,25,9,10,29,16,26,24
"1591","G0160","G0160_01","negcontrol",10,24,7,11,15,20,11,10
"1592","G0160","G0160_02","negcontrol",7,6,5,4,5,6,8,3
"1593","G0160","G0160_03","negcontrol",25,34,6,19,27,33,26,19
"1594","G0160","G0160_04","negcontrol",12,25,6,11,13,13,8,8
"1595","G0160","G0160_05","negcontrol",1,1,1,0,3,5,3,0
"1596","G0160","G0160_06","negcontrol",11,22,11,7,15,13,16,11
"1597","G0160","G0160_07","negcontrol",11,17,9,11,9,13,5,10
"1598","G0160","G0160_08","negcontrol",0,3,7,1,4,1,2,4
"1599","G0160","G0160_09","negcontrol",7,31,20,16,23,26,17,16
"1600","G0160","G0160_10","negcontrol",3,7,4,7,11,8,7,7
"1601","G0161","G0161_01","inactive",0,13,12,9,8,17,12,4
"1602","G0161","G0161_02","inactive",0,6,0,3,0,4,0,3
"1603","G0161","G0161_03","inactive",2,12,10,20,18,10,14,6
"1604","G0161","G0161_04","inactive",3,7,8,3,9,4,7,9
"1605","G0161","G0161_05","inactive",11,11,9,11,18,17,15,6
"1606","G0161","G0161_06","inactive",17,32,15,22,35,18,16,24
"1607","G0161","G0161_07","inactive",7,6,11,8,9,5,8,8
"1608","G0161","G0161_08","inactive",5,4,1,4,7,1,7,6
"1609","G0161","G0161_09","inactive",3,11,4,1,4,3,3,2
"1610","G0161","G0161_10","inactive",1,3,10,0,3,5,12,6
"1611","G0162","G0162_01","inactive",3,25,13,15,5,15,14,13
"1612","G0162","G0162_02","inactive",2,3,5,3,7,3,7,6
"1613","G0162","G0162_03","inactive",7,26,8,9,17,17,12,8
"1614","G0162","G0162_04","inactive",4,12,10,4,6,10,9,3
"1615","G0162","G0162_05","inactive",0,6,2,5,10,7,1,5
"1616","G0162","G0162_06","inactive",0,0,6,2,2,3,6,3
"1617","G0162","G0162_07","inactive",13,34,32,10,27,21,29,23
"1618","G0162","G0162_08","inactive",12,13,12,7,19,12,13,8
"1619","G0162","G0162_09","inactive",9,8,4,2,6,2,5,3
"1620","G0162","G0162_10","inactive",12,12,16,12,14,11,9,4
"1621","G0163","G0163_01","inactive",4,13,9,11,11,18,18,16
"1622","G0163","G0163_02","inactive",7,13,8,2,9,7,5,3
"1623","G0163","G0163_03","inactive",8,7,5,9,3,10,8,8
"1624","G0163","G0163_04","inactive",9,25,10,5,16,17,7,10
"1625","G0163","G0163_05","inactive",14,14,14,8,14,24,10,11
"1626","G0163","G0163_06","inactive",35,40,35,24,46,22,39,31
"1627","G0163","G0163_07","inactive",3,2,6,1,0,1,3,2
"1628","G0163","G0163_08","inactive",7,5,10,2,5,13,4,5
"1629","G0163","G0163_09","inactive",9,18,17,12,9,13,11,13
"1630","G0163","G0163_10","inactive",12,18,9,5,27,17,10,8
"1631","G0164","G0164_01","inactive",13,35,14,20,15,25,21,17
"1632","G0164","G0164_02","inactive",19,25,12,10,20,18,10,14
"1633","G0164","G0164_03","inactive",2,3,7,3,4,3,7,6
"1634","G0164","G0164_04","inactive",7,11,12,5,13,11,10,7
"1635","G0164","G0164_05","inactive",5,18,15,5,14,3,10,11
"1636","G0164","G0164_06","inactive",14,27,23,17,21,18,18,18
"1637","G0164","G0164_07","inactive",4,10,4,9,8,9,4,9
"1638","G0164","G0164_08","inactive",8,11,3,1,7,5,4,3
"1639","G0164","G0164_09","inactive",20,80,36,30,43,55,37,39
"1640","G0164","G0164_10","inactive",2,4,2,4,4,7,6,5
"1641","G0165","G0165_01","inactive",4,11,11,6,18,12,7,8
"1642","G0165","G0165_02","inactive",3,10,10,3,10,8,8,7
"1643","G0165","G0165_03","inactive",19,37,12,20,26,17,23,24
"1644","G0165","G0165_04","inactive",10,4,14,6,8,3,11,6
"1645","G0165","G0165_05","inactive",3,1,3,1,2,3,5,1
"1646","G0165","G0165_06","inactive",14,4,7,3,22,7,7,10
"1647","G0165","G0165_07","inactive",2,7,10,7,14,11,6,10
"1648","G0165","G0165_08","inactive",3,3,2,3,6,3,2,6
"1649","G0165","G0165_09","inactive",4,4,2,6,3,11,6,5
"1650","G0165","G0165_10","inactive",14,19,5,5,9,8,11,13
"1651","G0166","G0166_01","inactive",16,28,22,26,29,26,24,22
"1652","G0166","G0166_02","inactive",5,9,5,4,13,1,1,5
"1653","G0166","G0166_03","inactive",7,5,6,4,12,4,7,5
"1654","G0166","G0166_04","inactive",2,0,0,1,4,0,4,2
"1655","G0166","G0166_05","inactive",3,6,11,8,16,5,5,7
"1656","G0166","G0166_06","inactive",13,8,8,5,13,8,14,5
"1657","G0166","G0166_07","inactive",7,19,13,9,20,22,25,11
"1658","G0166","G0166_08","inactive",2,10,3,3,4,7,3,5
"1659","G0166","G0166_09","inactive",21,43,16,20,22,36,21,16
"1660","G0166","G0166_10","inactive",1,7,4,7,2,8,5,6
"1661","G0167","G0167_01","inactive",2,7,3,4,2,1,0,5
"1662","G0167","G0167_02","inactive",10,18,9,18,13,30,18,22
"1663","G0167","G0167_03","inactive",3,6,4,2,0,5,9,1
"1664","G0167","G0167_04","inactive",2,16,5,8,6,12,9,2
"1665","G0167","G0167_05","inactive",1,8,10,3,3,8,8,2
"1666","G0167","G0167_06","inactive",6,16,15,16,11,8,16,18
"1667","G0167","G0167_07","inactive",4,17,16,6,20,15,13,11
"1668","G0167","G0167_08","inactive",0,11,1,2,2,4,5,7
"1669","G0167","G0167_09","inactive",11,14,10,5,25,23,12,3
"1670","G0167","G0167_10","inactive",7,7,9,2,2,16,9,5
"1671","G0168","G0168_01","inactive",17,46,21,34,25,34,28,43
"1672","G0168","G0168_02","inactive",1,7,8,4,7,5,2,8
"1673","G0168","G0168_03","inactive",7,4,3,5,9,8,5,10
"1674","G0168","G0168_04","inactive",5,21,14,4,14,15,14,10
"1675","G0168","G0168_05","inactive",2,9,9,2,4,15,13,8
"1676","G0168","G0168_06","inactive",4,3,3,2,8,4,4,1
"1677","G0168","G0168_07","inactive",8,6,4,4,13,3,1,3
"1678","G0168","G0168_08","inactive",13,13,11,8,16,1,8,7
"1679","G0168","G0168_09","inactive",11,19,20,14,26,14,19,6
"1680","G0168","G0168_10","inactive",11,18,11,12,22,11,19,13
"1681","G0169","G0169_01","inactive",3,12,1,5,5,9,3,5
"1682","G0169","G0169_02","inactive",12,36,12,14,31,25,20,28
"1683","G0169","G0169_03","inactive",16,28,17,13,26,22,16,18
"1684","G0169","G0169_04","inactive",8,6,4,1,10,5,5,8
"1685","G0169","G0169_05","inactive",9,13,21,24,18,16,16,18
"1686","G0169","G0169_06","inactive",7,20,7,11,9,17,21,13
"1687","G0169","G0169_07","inactive",20,58,27,28,41,44,25,25
"1688","G0169","G0169_08","inactive",12,22,8,7,18,13,20,2
"1689","G0169","G0169_09","inactive",11,2,6,4,9,4,5,2
"1690","G0169","G0169_10","inactive",8,13,17,5,16,27,11,7
"1691","G0170","G0170_01","inactive",1,4,5,6,4,7,2,5
"1692","G0170","G0170_02","inactive",13,21,17,11,32,26,11,10
"1693","G0170","G0170_03","inactive",5,24,15,4,11,16,21,12
"1694","G0170","G0170_04","inactive",3,7,7,11,11,8,12,4
"1695","G0170","G0170_05","inactive",2,10,9,4,3,10,8,6
"1696","G0170","G0170_06","inactive",17,28,40,23,31,21,41,23
"1697","G0170","G0170_07","inactive",2,6,7,2,9,7,7,3
"1698","G0170","G0170_08","inactive",4,7,5,3,15,15,10,2
"1699","G0170","G0170_09","inactive",0,4,2,0,5,6,3,3
"1700","G0170","G0170_10","inactive",11,24,28,21,13,16,20,20
"1701","G0171","G0171_01","negcontrol",4,8,2,2,8,5,5,4
"1702","G0171","G0171_02","negcontrol",12,8,17,15,26,6,10,12
"1703","G0171","G0171_03","negcontrol",3,8,6,7,6,8,9,3
"1704","G0171","G0171_04","negcontrol",6,12,13,5,9,6,21,8
"1705","G0171","G0171_05","negcontrol",4,8,6,8,7,4,8,2
"1706","G0171","G0171_06","negcontrol",8,16,10,5,11,12,9,10
"1707","G0171","G0171_07","negcontrol",9,6,9,12,18,11,7,17
"1708","G0171","G0171_08","negcontrol",3,7,7,2,3,4,2,3
"1709","G0171","G0171_09","negcontrol",12,4,5,2,8,11,9,4
"1710","G0171","G0171_10","negcontrol",6,11,12,6,10,6,19,6
"1711","G0172","G0172_01","inactive",8,19,9,11,17,10,19,12
"1712","G0172","G0172_02","inactive",15,20,27,20,28,24,20,17
"1713","G0172","G0172_03","inactive",10,15,9,6,16,16,10,11
"1714","G0172","G0172_04","inactive",0,3,5,6,1,6,3,4
"1715","G0172","G0172_05","inactive",9,6,13,0,10,5,18,8
"1716","G0172","G0172_06","inactive",3,6,13,8,4,5,4,14
"1717","G0172","G0172_07","inactive",3,8,2,0,4,12,3,2
"1718","G0172","G0172_08","inactive",9,20,12,14,12,13,15,10
"1719","G0172","G0172_09","inactive",0,1,1,1,0,1,1,3
"1720","G0172","G0172_10","inactive",3,12,7,4,6,9,10,1
"1721","G0173","G0173_01","inactive",1,1,6,5,3,2,5,1
"1722","G0173","G0173_02","inactive",7,10,9,4,8,15,6,5
"1723","G0173","G0173_03","inactive",14,51,24,31,23,25,23,18
"1724","G0173","G0173_04","inactive",1,1,0,0,5,1,0,2
"1725","G0173","G0173_05","inactive",5,24,10,14,7,21,12,18
"1726","G0173","G0173_06","inactive",6,19,5,13,13,14,14,11
"1727","G0173","G0173_07","inactive",22,39,21,25,31,19,25,28
"1728","G0173","G0173_08","inactive",5,14,7,11,10,10,9,7
"1729","G0173","G0173_09","inactive",3,2,2,4,8,3,1,5
"1730","G0173","G0173_10","inactive",6,11,5,11,8,15,7,12
"1731","G0174","G0174_01","increasing",2,3,0,3,3,1,4,0
"1732","G0174","G0174_02","increasing",15,35,21,16,27,34,32,29
"1733","G0174","G0174_03","increasing",8,6,4,5,4,8,7,7
"1734","G0174","G0174_04","increasing",13,24,17,9,26,19,24,20
"1735","G0174","G0174_05","increasing",14,20,14,19,22,29,26,24
"1736","G0174","G0174_06","increasing",3,5,7,3,8,11,6,5
"1737","G0174","G0174_07","increasing",8,7,13,6,12,11,11,15
"1738","G0174","G0174_08","increasing",1,4,4,4,0,4,4,5
"1739","G0174","G0174_09","increasing",13,29,18,14,31,19,21,25
"1740","G0174","G0174_10","increasing",4,2,3,4,5,3,5,2
"1741","G0175","G0175_01","inactive",5,7,11,4,2,9,4,7
"1742","G0175","G0175_02","inactive",4,2,4,7,7,10,8,6
"1743","G0175","G0175_03","inactive",5,15,6,12,13,12,7,9
"1744","G0175","G0175_04","inactive",5,0,16,2,8,7,7,3
"1745","G0175","G0175_05","inactive",9,5,12,4,13,13,11,4
"1746","G0175","G0175_06","inactive",10,9,6,4,17,4,8,9
"1747","G0175","G0175_07","inactive",4,13,12,5,7,17,15,8
"1748","G0175","G0175_08","inactive",11,39,27,16,31,31,22,24
"1749","G0175","G0175_09","inactive",2,14,6,5,6,14,4,7
"1750","G0175","G0175_10","inactive",4,12,4,7,2,3,10,7
"1751","G0176","G0176_01","inactive",7,17,12,20,23,18,14,13
"1752","G0176","G0176_02","inactive",7,11,12,10,21,22,21,14
"1753","G0176","G0176_03","inactive",0,1,1,2,6,1,5,0
"1754","G0176","G0176_04","inactive",0,4,0,0,4,2,0,0
"1755","G0176","G0176_05","inactive",0,2,2,1,0,1,0,1
"1756","G0176","G0176_06","inactive",6,12,3,4,6,11,10,5
"1757","G0176","G0176_07","inactive",0,6,3,8,0,4,4,6
"1758","G0176","G0176_08","inactive",8,5,11,0,4,3,6,4
"1759","G0176","G0176_09","inactive",15,37,18,8,19,22,22,10
"1760","G0176","G0176_10","inactive",22,30,20,27,35,20,28,20
"1761","G0177","G0177_01","increasing",15,34,15,11,25,52,22,21
"1762","G0177","G0177_02","increasing",26,40,30,23,77,49,46,52
"1763","G0177","G0177_03","increasing",1,8,6,8,13,8,12,12
"1764","G0177","G0177_04","increasing",1,1,1,2,1,0,0,4
"1765","G0177","G0177_05","increasing",4,2,1,1,6,4,8,1
"1766","G0177","G0177_06","increasing",6,6,3,5,8,8,2,0
"1767","G0177","G0177_07","increasing",1,13,6,5,5,8,6,5
"1768","G0177","G0177_08","increasing",9,9,10,9,26,14,14,10
"1769","G0177","G0177_09","increasing",0,16,5,8,9,12,12,6
"1770","G0177","G0177_10","increasing",6,18,12,8,20,25,27,15
"1771","G0178","G0178_01","inactive",4,7,9,9,12,7,5,5
"1772","G0178","G0178_02","inactive",9,37,15,8,13,13,13,12
"1773","G0178","G0178_03","inactive",11,2,9,18,22,9,11,12
"1774","G0178","G0178_04","inactive",3,29,16,17,7,14,9,13
"1775","G0178","G0178_05","inactive",3,6,8,7,13,5,11,8
"1776","G0178","G0178_06","inactive",17,26,21,25,27,17,22,23
"1777","G0178","G0178_07","inactive",2,19,6,3,0,9,5,6
"1778","G0178","G0178_08","inactive",3,1,1,2,7,2,1,1
"1779","G0178","G0178_09","inactive",3,16,9,7,16,11,7,8
"1780","G0178","G0178_10","inactive",1,13,5,1,2,7,12,0
"1781","G0179","G0179_01","inactive",6,7,4,4,9,6,10,7
"1782","G0179","G0179_02","inactive",20,66,28,32,49,45,29,30
"1783","G0179","G0179_03","inactive",14,33,17,16,33,39,27,18
"1784","G0179","G0179_04","inactive",3,2,9,3,5,3,9,6
"1785","G0179","G0179_05","inactive",8,21,11,8,20,21,3,9
"1786","G0179","G0179_06","inactive",3,7,0,2,10,4,8,6
"1787","G0179","G0179_07","inactive",20,34,8,8,28,32,13,12
"1788","G0179","G0179_08","inactive",1,6,4,4,2,6,4,5
"1789","G0179","G0179_09","inactive",8,9,4,3,8,4,8,4
"1790","G0179","G0179_10","inactive",8,24,11,3,19,12,16,6
"1791","G0180","G0180_01","increasing",8,7,5,8,21,12,12,11
"1792","G0180","G0180_02","increasing",7,21,9,4,16,20,17,13
"1793","G0180","G0180_03","increasing",1,10,6,13,21,11,14,17
"1794","G0180","G0180_04","increasing",0,6,2,1,4,8,1,4
"1795","G0180","G0180_05","increasing",1,8,3,0,10,14,7,4
"1796","G0180","G0180_06","increasing",1,3,0,2,8,2,5,2
"1797","G0180","G0180_07","increasing",6,7,4,5,12,5,11,11
"1798","G0180","G0180_08","increasing",4,26,6,9,15,31,5,13
"1799","G0180","G0180_09","increasing",3,15,4,2,12,16,22,11
"1800","G0180","G0180_10","increasing",1,9,3,4,8,15,10,10
"1801","G0181","G0181_01","increasing",9,24,8,11,27,28,19,21
"1802","G0181","G0181_02","increasing",1,2,0,3,4,4,1,3
"1803","G0181","G0181_03","increasing",5,14,11,7,8,15,11,17
"1804","G0181","G0181_04","increasing",2,3,3,4,6,8,4,2
"1805","G0181","G0181_05","increasing",3,2,7,5,8,5,10,5
"1806","G0181","G0181_06","increasing",17,54,39,25,34,44,23,28
"1807","G0181","G0181_07","increasing",3,5,9,4,9,16,13,7
"1808","G0181","G0181_08","increasing",3,12,19,9,31,29,32,19
"1809","G0181","G0181_09","increasing",6,14,21,16,20,22,34,30
"1810","G0181","G0181_10","increasing",23,43,30,21,83,64,65,51
"1811","G0182","G0182_01","inactive",16,15,11,10,16,15,11,11
"1812","G0182","G0182_02","inactive",11,29,29,16,22,19,19,20
"1813","G0182","G0182_03","inactive",4,7,6,9,8,5,6,8
"1814","G0182","G0182_04","inactive",12,25,19,16,15,24,10,12
"1815","G0182","G0182_05","inactive",14,16,14,9,15,12,17,10
"1816","G0182","G0182_06","inactive",3,22,16,7,9,12,16,8
"1817","G0182","G0182_07","inactive",5,16,14,9,12,11,9,16
"1818","G0182","G0182_08","inactive",40,61,51,35,63,52,44,47
"1819","G0182","G0182_09","inactive",11,14,14,10,20,10,10,6
"1820","G0182","G0182_10","inactive",15,22,16,5,28,16,14,8
"1821","G0183","G0183_01","inactive",5,1,2,1,3,2,3,1
"1822","G0183","G0183_02","inactive",9,15,6,5,7,12,6,11
"1823","G0183","G0183_03","inactive",5,15,14,3,11,11,7,8
"1824","G0183","G0183_04","inactive",6,6,6,7,9,5,8,4
"1825","G0183","G0183_05","inactive",7,20,6,11,8,21,11,7
"1826","G0183","G0183_06","inactive",11,6,5,5,14,12,7,7
"1827","G0183","G0183_07","inactive",9,8,13,20,12,12,14,23
"1828","G0183","G0183_08","inactive",0,5,6,7,6,2,1,5
"1829","G0183","G0183_09","inactive",18,28,18,19,26,26,22,13
"1830","G0183","G0183_10","inactive",6,11,8,3,8,8,10,7
"1831","G0184","G0184_01","inactive",4,8,1,2,5,4,3,5
"1832","G0184","G0184_02","inactive",2,0,0,0,2,1,0,2
"1833","G0184","G0184_03","inactive",5,16,2,5,7,9,5,3
"1834","G0184","G0184_04","inactive",2,6,11,8,11,5,20,8
"1835","G0184","G0184_05","inactive",6,12,8,8,14,7,10,12
"1836","G0184","G0184_06","inactive",7,2,4,2,8,4,3,2
"1837","G0184","G0184_07","inactive",12,23,16,9,13,12,22,13
"1838","G0184","G0184_08","inactive",2,4,2,6,6,2,1,4
"1839","G0184","G0184_09","inactive",8,19,9,19,11,19,9,15
"1840","G0184","G0184_10","inactive",22,48,38,21,43,33,37,20
"1841","G0185","G0185_01","inactive",3,1,0,2,4,0,0,1
"1842","G0185","G0185_02","inactive",13,21,15,15,23,19,15,6
"1843","G0185","G0185_03","inactive",8,4,5,0,5,0,4,0
"1844","G0185","G0185_04","inactive",3,10,7,12,5,4,6,6
"1845","G0185","G0185_05","inactive",0,2,8,3,2,1,0,7
"1846","G0185","G0185_06","inactive",6,8,1,2,7,8,5,2
"1847","G0185","G0185_07","inactive",13,16,14,9,16,11,19,9
"1848","G0185","G0185_08","inactive",4,9,8,4,9,10,9,4
"1849","G0185","G0185_09","inactive",2,5,6,3,6,3,4,3
"1850","G0185","G0185_10","inactive",7,0,2,1,7,0,0,2
"1851","G0186","G0186_01","inactive",11,32,9,10,29,12,15,11
"1852","G0186","G0186_02","inactive",5,8,5,9,15,5,6,7
"1853","G0186","G0186_03","inactive",6,8,11,0,4,2,8,4
"1854","G0186","G0186_04","inactive",2,3,7,2,4,5,6,5
"1855","G0186","G0186_05","inactive",4,6,0,3,4,6,0,2
"1856","G0186","G0186_06","inactive",30,67,41,32,44,68,40,38
"1857","G0186","G0186_07","inactive",9,30,21,17,23,29,16,25
"1858","G0186","G0186_08","inactive",8,23,10,15,13,29,11,16
"1859","G0186","G0186_09","inactive",16,31,23,11,25,22,25,14
"1860","G0186","G0186_10","inactive",7,24,18,12,13,15,13,11
"1861","G0187","G0187_01","inactive",21,25,10,15,23,23,7,17
"1862","G0187","G0187_02","inactive",0,8,12,5,8,7,2,8
"1863","G0187","G0187_03","inactive",24,20,22,16,35,15,37,26
"1864","G0187","G0187_04","inactive",25,53,28,20,32,35,39,22
"1865","G0187","G0187_05","inactive",4,6,6,1,2,1,7,1
"1866","G0187","G0187_06","inactive",4,6,3,0,6,1,2,2
"1867","G0187","G0187_07","inactive",3,2,5,2,3,1,3,0
"1868","G0187","G0187_08","inactive",1,5,0,6,1,4,4,1
"1869","G0187","G0187_09","inactive",2,2,0,1,2,3,0,3
"1870","G0187","G0187_10","inactive",5,12,13,10,11,10,9,11
"1871","G0188","G0188_01","inactive",10,7,5,9,9,5,5,8
"1872","G0188","G0188_02","inactive",5,17,6,9,9,12,15,12
"1873","G0188","G0188_03","inactive",1,6,3,2,1,4,4,0
"1874","G0188","G0188_04","inactive",3,2,2,3,2,9,6,1
"1875","G0188","G0188_05","inactive",7,6,13,7,9,11,10,11
"1876","G0188","G0188_06","inactive",0,6,10,4,8,8,10,5
"1877","G0188","G0188_07","inactive",6,4,1,5,1,3,0,4
"1878","G0188","G0188_08","inactive",2,9,5,1,8,5,3,6
"1879","G0188","G0188_09","inactive",6,4,4,6,4,3,4,6
"1880","G0188","G0188_10","inactive",8,12,5,5,13,4,10,3
"1881","G0189","G0189_01","inactive",89,185,149,107,151,144,139,101
"1882","G0189","G0189_02","inactive",4,2,10,7,1,5,4,5
"1883","G0189","G0189_03","inactive",5,9,8,8,5,8,5,4
"1884","G0189","G0189_04","inactive",13,35,28,18,18,31,33,17
"1885","G0189","G0189_05","inactive",12,16,18,2,19,13,9,5
"1886","G0189","G0189_06","inactive",4,12,13,7,5,7,8,15
"1887","G0189","G0189_07","inactive",2,6,4,2,6,2,3,1
"1888","G0189","G0189_08","inactive",4,1,6,6,8,6,8,0
"1889","G0189","G0189_09","inactive",3,6,4,4,6,5,1,3
"1890","G0189","G0189_10","inactive",3,12,5,10,8,7,7,10
"1891","G0190","G0190_01","decreasing",9,7,17,4,16,9,13,3
"1892","G0190","G0190_02","decreasing",8,10,5,6,4,6,5,5
"1893","G0190","G0190_03","decreasing",7,23,10,5,7,15,11,5
"1894","G0190","G0190_04","decreasing",24,28,27,27,30,19,20,24
"1895","G0190","G0190_05","decreasing",16,15,20,5,18,7,6,7
"1896","G0190","G0190_06","decreasing",9,20,8,6,3,12,4,10
"1897","G0190","G0190_07","decreasing",10,28,23,17,29,20,26,11
"1898","G0190","G0190_08","decreasing",3,2,7,6,5,7,11,5
"1899","G0190","G0190_09","decreasing",0,6,3,0,5,9,4,5
"1900","G0190","G0190_10","decreasing",3,11,3,3,4,3,1,1
"1901","G0191","G0191_01","inactive",11,4,9,3,11,4,4,1
"1902","G0191","G0191_02","inactive",5,16,3,2,6,9,1,3
"1903","G0191","G0191_03","inactive",1,6,10,7,3,2,10,3
"1904","G0191","G0191_04","inactive",10,21,16,24,28,13,24,11
"1905","G0191","G0191_05","inactive",2,3,2,3,3,7,3,8
"1906","G0191","G0191_06","inactive",5,3,7,3,8,3,6,2
"1907","G0191","G0191_07","inactive",1,2,1,2,0,1,5,0
"1908","G0191","G0191_08","inactive",6,30,20,14,30,17,20,14
"1909","G0191","G0191_09","inactive",2,18,5,2,10,10,3,4
"1910","G0191","G0191_10","inactive",8,17,12,10,12,17,10,15
"1911","G0192","G0192_01","inactive",10,12,7,10,9,14,13,15
"1912","G0192","G0192_02","inactive",9,4,7,0,21,7,17,10
"1913","G0192","G0192_03","inactive",8,11,9,5,16,11,4,5
"1914","G0192","G0192_04","inactive",5,19,9,6,4,13,8,4
"1915","G0192","G0192_05","inactive",8,8,8,12,10,6,6,7
"1916","G0192","G0192_06","inactive",3,15,9,6,4,9,5,1
"1917","G0192","G0192_07","inactive",4,3,1,0,3,2,0,0
"1918","G0192","G0192_08","inactive",13,11,11,9,10,17,9,17
"1919","G0192","G0192_09","inactive",3,13,15,8,8,6,7,6
"1920","G0192","G0192_10","inactive",2,5,1,4,3,1,2,0
"1921","G0193","G0193_01","inactive",18,28,24,21,30,24,37,31
"1922","G0193","G0193_02","inactive",11,24,6,10,23,24,12,5
"1923","G0193","G0193_03","inactive",6,17,12,3,9,5,9,6
"1924","G0193","G0193_04","inactive",9,19,13,15,18,11,10,17
"1925","G0193","G0193_05","inactive",21,54,26,28,40,45,31,28
"1926","G0193","G0193_06","inactive",0,5,3,1,1,5,0,0
"1927","G0193","G0193_07","inactive",6,5,6,3,11,4,7,2
"1928","G0193","G0193_08","inactive",9,15,9,9,5,5,9,8
"1929","G0193","G0193_09","inactive",13,22,23,20,35,21,21,19
"1930","G0193","G0193_10","inactive",14,31,30,25,33,34,41,32
"1931","G0194","G0194_01","decreasing",15,43,35,15,16,9,12,4
"1932","G0194","G0194_02","decreasing",3,20,5,7,2,12,5,6
"1933","G0194","G0194_03","decreasing",37,75,65,55,37,36,30,18
"1934","G0194","G0194_04","decreasing",3,19,5,1,2,4,7,2
"1935","G0194","G0194_05","decreasing",4,13,23,5,8,0,4,4
"1936","G0194","G0194_06","decreasing",0,2,6,1,1,0,3,0
"1937","G0194","G0194_07","decreasing",5,14,4,4,5,3,3,5
"1938","G0194","G0194_08","decreasing",7,12,14,7,2,8,7,4
"1939","G0194","G0194_09","decreasing",25,57,40,41,23,17,24,14
"1940","G0194","G0194_10","decreasing",3,9,6,4,1,3,5,2
"1941","G0195","G0195_01","inactive",3,13,6,7,5,14,12,10
"1942","G0195","G0195_02","inactive",20,21,13,21,18,17,12,17
"1943","G0195","G0195_03","inactive",34,68,34,41,41,70,36,52
"1944","G0195","G0195_04","inactive",24,41,28,18,22,31,22,24
"1945","G0195","G0195_05","inactive",2,10,8,7,8,8,2,10
"1946","G0195","G0195_06","inactive",7,9,3,16,7,12,4,6
"1947","G0195","G0195_07","inactive",1,2,0,3,2,2,2,3
"1948","G0195","G0195_08","inactive",13,32,12,19,19,20,19,13
"1949","G0195","G0195_09","inactive",5,4,0,4,4,2,1,4
"1950","G0195","G0195_10","inactive",13,34,18,25,45,24,17,31
"1951","G0196","G0196_01","inactive",9,15,7,4,17,11,9,6
"1952","G0196","G0196_02","inactive",9,27,7,9,13,15,10,6
"1953","G0196","G0196_03","inactive",14,23,17,16,22,17,37,13
"1954","G0196","G0196_04","inactive",2,13,7,3,2,10,6,5
"1955","G0196","G0196_05","inactive",0,6,1,1,2,5,3,0
"1956","G0196","G0196_06","inactive",3,5,2,0,2,4,2,2
"1957","G0196","G0196_07","inactive",4,8,5,3,1,1,8,1
"1958","G0196","G0196_08","inactive",5,8,4,1,1,9,3,3
"1959","G0196","G0196_09","inactive",5,8,4,0,2,3,7,0
"1960","G0196","G0196_10","inactive",2,4,6,8,1,4,3,4
"1961","G0197","G0197_01","inactive",4,0,3,1,9,2,3,5
"1962","G0197","G0197_02","inactive",18,36,20,19,28,23,16,15
"1963","G0197","G0197_03","inactive",2,7,14,7,6,8,9,11
"1964","G0197","G0197_04","inactive",4,8,3,2,0,8,3,8
"1965","G0197","G0197_05","inactive",0,3,0,3,1,4,0,0
"1966","G0197","G0197_06","inactive",54,116,82,42,100,89,91,59
"1967","G0197","G0197_07","inactive",11,7,10,10,10,12,7,8
"1968","G0197","G0197_08","inactive",30,48,30,36,51,28,37,35
"1969","G0197","G0197_09","inactive",7,25,15,15,7,14,13,11
"1970","G0197","G0197_10","inactive",10,25,19,16,30,25,24,22
"1971","G0198","G0198_01","inactive",6,7,13,3,5,3,5,4
"1972","G0198","G0198_02","inactive",24,20,21,6,42,18,28,19
"1973","G0198","G0198_03","inactive",3,9,2,5,8,3,11,6
"1974","G0198","G0198_04","inactive",13,11,9,10,20,9,11,7
"1975","G0198","G0198_05","inactive",3,16,7,5,7,10,1,5
"1976","G0198","G0198_06","inactive",14,11,19,18,17,13,22,18
"1977","G0198","G0198_07","inactive",9,21,9,4,14,8,4,1
"1978","G0198","G0198_08","inactive",1,6,0,3,5,3,0,3
"1979","G0198","G0198_09","inactive",4,5,8,5,3,6,5,6
"1980","G0198","G0198_10","inactive",5,7,13,10,9,8,15,5
"1981","G0199","G0199_01","inactive",0,10,6,7,2,0,4,4
"1982","G0199","G0199_02","inactive",1,10,3,2,0,2,3,5
"1983","G0199","G0199_03","inactive",12,16,22,14,25,16,17,12
"1984","G0199","G0199_04","inactive",3,22,13,13,9,24,13,8
"1985","G0199","G0199_05","inactive",3,8,0,3,6,4,4,4
"1986","G0199","G0199_06","inactive",7,20,14,12,11,18,12,11
"1987","G0199","G0199_07","inactive",8,23,18,14,23,19,22,32
"1988","G0199","G0199_08","inactive",2,10,6,5,9,9,0,10
"1989","G0199","G0199_09","inactive",1,3,3,4,0,2,0,5
"1990","G0199","G0199_10","inactive",11,25,10,18,12,30,14,17
"1991","G0200","G0200_01","inactive",5,6,13,4,4,7,3,2
"1992","G0200","G0200_02","inactive",18,28,14,9,15,27,21,11
"1993","G0200","G0200_03","inactive",6,3,3,7,11,5,3,10
"1994","G0200","G0200_04","inactive",6,3,7,2,11,5,12,7
"1995","G0200","G0200_05","inactive",13,44,26,17,22,28,22,13
"1996","G0200","G0200_06","inactive",0,4,3,4,2,7,3,6
"1997","G0200","G0200_07","inactive",15,14,9,12,20,27,7,15
"1998","G0200","G0200_08","inactive",6,7,8,2,5,5,8,3
"1999","G0200","G0200_09","inactive",5,11,4,10,10,9,3,9
"2000","G0200","G0200_10","inactive",9,27,14,17,16,13,18,16
"2001","G0201","G0201_01","inactive",15,12,5,15,17,8,3,7
"2002","G0201","G0201_02","inactive",7,11,8,7,14,11,13,7
"2003","G0201","G0201_03","inactive",4,7,0,5,11,4,3,4
"2004","G0201","G0201_04","inactive",8,32,28,26,33,39,20,29
"2005","G0201","G0201_05","inactive",1,8,7,5,2,15,7,3
"2006","G0201","G0201_06","inactive",3,3,6,1,5,6,4,1
"2007","G0201","G0201_07","inactive",23,34,32,22,41,29,29,27
"2008","G0201","G0201_08","inactive",19,51,21,22,27,35,15,21
"2009","G0201","G0201_09","inactive",5,6,1,2,9,3,6,2
"2010","G0201","G0201_10","inactive",6,4,9,4,5,10,8,7
"2011","G0202","G0202_01","inactive",26,38,21,11,39,33,24,18
"2012","G0202","G0202_02","inactive",21,50,37,21,42,44,38,28
"2013","G0202","G0202_03","inactive",11,27,10,10,20,21,10,10
"2014","G0202","G0202_04","inactive",12,25,36,8,21,26,21,15
"2015","G0202","G0202_05","inactive",6,29,13,5,10,11,10,4
"2016","G0202","G0202_06","inactive",9,12,8,7,12,13,13,12
"2017","G0202","G0202_07","inactive",17,27,15,19,23,29,21,25
"2018","G0202","G0202_08","inactive",3,19,8,6,9,6,5,1
"2019","G0202","G0202_09","inactive",3,18,2,10,13,9,2,5
"2020","G0202","G0202_10","inactive",2,14,11,8,8,6,8,6
"2021","G0203","G0203_01","inactive",8,8,8,4,3,6,2,7
"2022","G0203","G0203_02","inactive",2,5,5,8,3,9,6,6
"2023","G0203","G0203_03","inactive",12,10,9,4,12,9,8,4
"2024","G0203","G0203_04","inactive",18,24,18,11,18,16,16,9
"2025","G0203","G0203_05","inactive",10,13,4,8,17,7,6,5
"2026","G0203","G0203_06","inactive",9,22,17,6,11,9,21,4
"2027","G0203","G0203_07","inactive",8,12,4,4,16,8,5,6
"2028","G0203","G0203_08","inactive",1,14,7,11,4,11,1,8
"2029","G0203","G0203_09","inactive",18,31,12,15,24,19,16,25
"2030","G0203","G0203_10","inactive",15,31,20,6,8,18,11,7
"2031","G0204","G0204_01","inactive",13,32,14,16,32,22,26,22
"2032","G0204","G0204_02","inactive",1,2,2,1,2,1,0,1
"2033","G0204","G0204_03","inactive",7,4,4,4,11,11,6,6
"2034","G0204","G0204_04","inactive",4,11,14,14,10,7,12,19
"2035","G0204","G0204_05","inactive",6,22,16,7,24,14,14,8
"2036","G0204","G0204_06","inactive",8,18,32,17,20,32,27,25
"2037","G0204","G0204_07","inactive",8,15,9,3,15,9,9,4
"2038","G0204","G0204_08","inactive",6,15,9,4,10,15,13,5
"2039","G0204","G0204_09","inactive",5,17,4,7,9,7,5,10
"2040","G0204","G0204_10","inactive",4,9,4,8,10,9,4,5
"2041","G0205","G0205_01","inactive",3,5,4,3,14,5,6,3
"2042","G0205","G0205_02","inactive",8,19,11,8,10,9,8,18
"2043","G0205","G0205_03","inactive",9,13,5,6,7,7,6,9
"2044","G0205","G0205_04","inactive",7,23,17,13,10,27,10,14
"2045","G0205","G0205_05","inactive",1,6,5,5,6,13,1,4
"2046","G0205","G0205_06","inactive",4,6,8,7,3,12,4,8
"2047","G0205","G0205_07","inactive",5,24,20,10,19,22,17,18
"2048","G0205","G0205_08","inactive",13,24,14,19,31,17,20,15
"2049","G0205","G0205_09","inactive",17,19,26,21,33,28,16,29
"2050","G0205","G0205_10","inactive",5,7,7,8,5,8,5,5
"2051","G0206","G0206_01","inactive",3,10,2,1,3,10,3,4
"2052","G0206","G0206_02","inactive",11,9,7,10,15,5,7,8
"2053","G0206","G0206_03","inactive",9,28,15,8,10,15,14,6
"2054","G0206","G0206_04","inactive",12,27,13,18,20,15,19,14
"2055","G0206","G0206_05","inactive",6,22,20,15,29,5,23,5
"2056","G0206","G0206_06","inactive",10,21,9,11,20,21,15,14
"2057","G0206","G0206_07","inactive",4,3,4,0,4,4,2,2
"2058","G0206","G0206_08","inactive",3,8,0,0,10,16,6,4
"2059","G0206","G0206_09","inactive",4,15,10,8,12,14,8,7
"2060","G0206","G0206_10","inactive",8,14,19,4,18,10,12,8
"2061","G0207","G0207_01","inactive",10,21,17,12,12,9,12,9
"2062","G0207","G0207_02","inactive",6,21,18,5,14,15,13,10
"2063","G0207","G0207_03","inactive",6,15,5,3,4,9,4,3
"2064","G0207","G0207_04","inactive",10,21,19,12,23,22,26,14
"2065","G0207","G0207_05","inactive",2,3,3,7,3,4,3,4
"2066","G0207","G0207_06","inactive",3,3,0,1,9,8,9,1
"2067","G0207","G0207_07","inactive",18,34,18,13,26,22,24,10
"2068","G0207","G0207_08","inactive",10,12,13,3,5,8,16,7
"2069","G0207","G0207_09","inactive",3,14,2,6,4,15,7,12
"2070","G0207","G0207_10","inactive",6,13,1,5,4,4,4,7
"2071","G0208","G0208_01","negcontrol",4,4,10,12,9,6,11,14
"2072","G0208","G0208_02","negcontrol",4,12,4,13,12,6,3,9
"2073","G0208","G0208_03","negcontrol",7,17,15,10,18,24,13,9
"2074","G0208","G0208_04","negcontrol",0,2,2,0,2,4,2,2
"2075","G0208","G0208_05","negcontrol",16,38,25,24,27,20,31,23
"2076","G0208","G0208_06","negcontrol",12,31,16,16,18,23,21,12
"2077","G0208","G0208_07","negcontrol",5,23,6,11,8,9,9,7
"2078","G0208","G0208_08","negcontrol",13,1,9,5,17,3,16,11
"2079","G0208","G0208_09","negcontrol",16,17,13,11,23,10,18,13
"2080","G0208","G0208_10","negcontrol",5,11,13,5,11,10,8,9
"2081","G0209","G0209_01","increasing",4,10,7,3,8,4,10,6
"2082","G0209","G0209_02","increasing",4,6,8,4,13,4,7,9
"2083","G0209","G0209_03","increasing",3,2,4,4,14,7,11,10
"2084","G0209","G0209_04","increasing",3,2,4,2,4,8,2,6
"2085","G0209","G0209_05","increasing",3,5,3,9,10,2,4,10
"2086","G0209","G0209_06","increasing",29,43,21,25,44,34,41,41
"2087","G0209","G0209_07","increasing",14,19,16,14,26,25,26,23
"2088","G0209","G0209_08","increasing",8,0,2,0,3,4,1,0
"2089","G0209","G0209_09","increasing",5,5,2,0,4,4,3,5
"2090","G0209","G0209_10","increasing",8,15,9,6,13,8,11,7
"2091","G0210","G0210_01","inactive",10,34,12,17,16,16,15,22
"2092","G0210","G0210_02","inactive",4,22,13,9,15,11,19,14
"2093","G0210","G0210_03","inactive",2,4,0,3,4,0,5,0
"2094","G0210","G0210_04","inactive",10,26,13,18,12,20,20,11
"2095","G0210","G0210_05","inactive",23,21,11,11,15,17,9,11
"2096","G0210","G0210_06","inactive",16,25,8,12,28,10,8,9
"2097","G0210","G0210_07","inactive",8,5,11,14,21,6,4,14
"2098","G0210","G0210_08","inactive",5,13,8,4,8,19,12,6
"2099","G0210","G0210_09","inactive",21,8,12,11,15,9,13,16
"2100","G0210","G0210_10","inactive",8,11,3,6,13,8,3,8
"2101","G0211","G0211_01","negcontrol",18,22,15,6,17,12,16,9
"2102","G0211","G0211_02","negcontrol",0,13,10,2,5,7,12,6
"2103","G0211","G0211_03","negcontrol",28,49,38,32,42,37,31,28
"2104","G0211","G0211_04","negcontrol",5,4,0,5,6,1,2,5
"2105","G0211","G0211_05","negcontrol",7,11,10,5,17,10,9,6
"2106","G0211","G0211_06","negcontrol",4,10,12,4,8,11,10,8
"2107","G0211","G0211_07","negcontrol",6,10,16,5,10,8,13,13
"2108","G0211","G0211_08","negcontrol",4,15,8,3,3,13,4,3
"2109","G0211","G0211_09","negcontrol",12,23,6,22,15,17,4,17
"2110","G0211","G0211_10","negcontrol",5,8,13,1,5,6,9,5
"2111","G0212","G0212_01","inactive",6,9,9,2,7,5,8,6
"2112","G0212","G0212_02","inactive",32,66,29,41,54,62,31,45
"2113","G0212","G0212_03","inactive",5,10,5,2,6,12,6,4
"2114","G0212","G0212_04","inactive",10,33,28,12,23,29,19,17
"2115","G0212","G0212_05","inactive",11,8,8,16,13,14,9,5
"2116","G0212","G0212_06","inactive",8,2,5,3,10,9,7,4
"2117","G0212","G0212_07","inactive",4,7,5,8,11,4,6,10
"2118","G0212","G0212_08","inactive",5,3,6,3,6,2,4,1
"2119","G0212","G0212_09","inactive",3,11,7,5,12,9,6,13
"2120","G0212","G0212_10","inactive",5,20,11,13,8,17,6,14
"2121","G0213","G0213_01","inactive",0,10,4,2,5,4,4,2
"2122","G0213","G0213_02","inactive",0,14,9,6,5,8,7,1
"2123","G0213","G0213_03","inactive",5,10,3,5,7,15,7,4
"2124","G0213","G0213_04","inactive",11,16,7,17,9,13,9,10
"2125","G0213","G0213_05","inactive",16,24,19,17,34,16,29,17
"2126","G0213","G0213_06","inactive",29,57,26,24,42,53,36,45
"2127","G0213","G0213_07","inactive",1,5,3,0,0,3,5,0
"2128","G0213","G0213_08","inactive",11,14,21,9,14,13,17,12
"2129","G0213","G0213_09","inactive",2,12,10,3,2,5,2,2
"2130","G0213","G0213_10","inactive",1,9,5,6,9,7,5,1
"2131","G0214","G0214_01","inactive",17,18,13,16,14,19,20,21
"2132","G0214","G0214_02","inactive",5,4,4,8,8,2,9,9
"2133","G0214","G0214_03","inactive",20,16,13,9,19,11,11,13
"2134","G0214","G0214_04","inactive",2,11,4,5,9,4,5,4
"2135","G0214","G0214_05","inactive",3,9,6,2,3,2,6,5
"2136","G0214","G0214_06","inactive",4,20,10,8,11,12,3,10
"2137","G0214","G0214_07","inactive",4,10,8,6,9,6,7,6
"2138","G0214","G0214_08","inactive",0,2,2,2,1,1,12,1
"2139","G0214","G0214_09","inactive",6,7,5,4,12,4,7,1
"2140","G0214","G0214_10","inactive",2,14,8,5,4,10,14,2
"2141","G0215","G0215_01","inactive",2,4,4,3,8,1,2,4
"2142","G0215","G0215_02","inactive",5,12,3,3,5,9,5,4
"2143","G0215","G0215_03","inactive",6,22,14,16,12,26,24,17
"2144","G0215","G0215_04","inactive",4,10,5,7,3,9,8,6
"2145","G0215","G0215_05","inactive",4,11,19,7,8,19,19,6
"2146","G0215","G0215_06","inactive",19,20,20,19,26,18,19,17
"2147","G0215","G0215_07","inactive",6,17,9,3,10,12,4,13
"2148","G0215","G0215_08","inactive",11,20,7,11,24,12,12,12
"2149","G0215","G0215_09","inactive",9,17,12,13,6,10,15,12
"2150","G0215","G0215_10","inactive",6,13,11,2,13,19,11,17
"2151","G0216","G0216_01","inactive",5,8,5,9,9,7,14,10
"2152","G0216","G0216_02","inactive",6,3,6,4,13,3,11,6
"2153","G0216","G0216_03","inactive",13,21,17,16,23,17,23,22
"2154","G0216","G0216_04","inactive",6,17,11,15,20,13,11,12
"2155","G0216","G0216_05","inactive",13,13,3,6,13,9,2,6
"2156","G0216","G0216_06","inactive",8,9,6,7,12,12,7,4
"2157","G0216","G0216_07","inactive",5,1,9,1,9,1,6,0
"2158","G0216","G0216_08","inactive",16,26,22,22,26,23,14,24
"2159","G0216","G0216_09","inactive",4,9,0,8,6,16,2,3
"2160","G0216","G0216_10","inactive",3,0,1,5,7,5,4,3
"2161","G0217","G0217_01","inactive",3,6,3,5,5,6,5,2
"2162","G0217","G0217_02","inactive",4,13,7,2,5,10,5,4
"2163","G0217","G0217_03","inactive",10,21,17,14,18,29,27,26
"2164","G0217","G0217_04","inactive",1,7,2,2,0,5,1,5
"2165","G0217","G0217_05","inactive",7,13,12,5,10,13,5,8
"2166","G0217","G0217_06","inactive",7,4,8,7,7,3,7,3
"2167","G0217","G0217_07","inactive",3,2,3,6,7,3,3,5
"2168","G0217","G0217_08","inactive",12,25,9,21,22,7,17,22
"2169","G0217","G0217_09","inactive",17,26,19,18,35,25,16,19
"2170","G0217","G0217_10","inactive",9,24,17,11,19,19,14,19
"2171","G0218","G0218_01","inactive",8,13,5,7,6,10,6,8
"2172","G0218","G0218_02","inactive",3,9,9,2,16,11,7,3
"2173","G0218","G0218_03","inactive",29,38,29,25,27,25,27,31
"2174","G0218","G0218_04","inactive",22,29,22,16,25,32,26,17
"2175","G0218","G0218_05","inactive",5,7,10,5,7,4,9,6
"2176","G0218","G0218_06","inactive",2,3,8,0,5,1,7,2
"2177","G0218","G0218_07","inactive",3,6,8,10,6,8,6,7
"2178","G0218","G0218_08","inactive",23,19,23,11,36,16,23,17
"2179","G0218","G0218_09","inactive",7,0,4,7,12,4,3,6
"2180","G0218","G0218_10","inactive",6,10,12,9,8,14,15,11
"2181","G0219","G0219_01","inactive",7,9,10,7,13,9,10,6
"2182","G0219","G0219_02","inactive",9,24,7,14,21,19,9,16
"2183","G0219","G0219_03","inactive",14,18,6,9,13,10,8,9
"2184","G0219","G0219_04","inactive",9,18,6,10,13,8,15,12
"2185","G0219","G0219_05","inactive",8,8,11,2,17,6,19,2
"2186","G0219","G0219_06","inactive",12,7,13,10,13,9,10,9
"2187","G0219","G0219_07","inactive",5,9,10,8,13,9,7,3
"2188","G0219","G0219_08","inactive",16,24,23,16,22,21,35,17
"2189","G0219","G0219_09","inactive",7,23,25,20,5,20,30,13
"2190","G0219","G0219_10","inactive",2,13,7,0,11,8,5,4
"2191","G0220","G0220_01","inactive",3,21,12,18,6,16,25,18
"2192","G0220","G0220_02","inactive",2,19,8,14,8,13,15,5
"2193","G0220","G0220_03","inactive",2,8,3,2,5,7,4,5
"2194","G0220","G0220_04","inactive",6,9,4,5,11,12,5,5
"2195","G0220","G0220_05","inactive",4,6,5,3,3,2,3,5
"2196","G0220","G0220_06","inactive",5,13,3,6,5,9,0,4
"2197","G0220","G0220_07","inactive",4,2,5,16,6,1,5,7
"2198","G0220","G0220_08","inactive",27,54,26,18,30,41,21,21
"2199","G0220","G0220_09","inactive",4,7,1,5,6,4,3,8
"2200","G0220","G0220_10","inactive",2,6,14,3,3,17,4,4
"2201","G0221","G0221_01","inactive",9,7,12,5,14,12,5,5
"2202","G0221","G0221_02","inactive",12,28,9,17,12,33,16,14
"2203","G0221","G0221_03","inactive",15,27,28,30,31,27,34,28
"2204","G0221","G0221_04","inactive",2,6,2,6,1,1,1,0
"2205","G0221","G0221_05","inactive",14,46,26,12,35,39,35,32
"2206","G0221","G0221_06","inactive",3,11,3,6,7,9,12,4
"2207","G0221","G0221_07","inactive",3,12,2,7,3,9,13,4
"2208","G0221","G0221_08","inactive",4,14,2,3,4,13,6,9
"2209","G0221","G0221_09","inactive",1,14,5,0,0,1,4,0
"2210","G0221","G0221_10","inactive",4,5,4,6,8,4,8,5
"2211","G0222","G0222_01","inactive",1,6,7,0,6,4,7,2
"2212","G0222","G0222_02","inactive",13,8,10,10,9,13,8,4
"2213","G0222","G0222_03","inactive",8,9,8,8,14,0,10,2
"2214","G0222","G0222_04","inactive",7,10,16,5,13,9,10,5
"2215","G0222","G0222_05","inactive",12,8,9,8,10,14,13,8
"2216","G0222","G0222_06","inactive",7,3,3,4,3,1,3,1
"2217","G0222","G0222_07","inactive",7,14,19,12,12,12,13,12
"2218","G0222","G0222_08","inactive",16,32,22,14,23,20,29,17
"2219","G0222","G0222_09","inactive",7,13,8,10,15,10,14,13
"2220","G0222","G0222_10","inactive",7,13,7,1,7,12,6,2
"2221","G0223","G0223_01","inactive",12,18,34,17,17,13,27,27
"2222","G0223","G0223_02","inactive",9,12,10,11,12,9,8,5
"2223","G0223","G0223_03","inactive",11,35,18,11,27,18,17,23
"2224","G0223","G0223_04","inactive",1,10,2,4,2,4,3,3
"2225","G0223","G0223_05","inactive",4,9,8,7,9,9,3,6
"2226","G0223","G0223_06","inactive",10,12,14,4,14,10,20,6
"2227","G0223","G0223_07","inactive",11,11,16,11,15,18,12,11
"2228","G0223","G0223_08","inactive",13,13,16,6,19,7,14,9
"2229","G0223","G0223_09","inactive",24,23,25,14,28,20,21,19
"2230","G0223","G0223_10","inactive",4,5,6,2,2,4,2,3
"2231","G0224","G0224_01","inactive",14,12,8,9,8,10,7,11
"2232","G0224","G0224_02","inactive",2,5,7,3,5,8,4,2
"2233","G0224","G0224_03","inactive",8,15,11,1,9,10,12,3
"2234","G0224","G0224_04","inactive",7,6,9,0,5,7,5,5
"2235","G0224","G0224_05","inactive",5,7,5,0,6,4,3,3
"2236","G0224","G0224_06","inactive",4,14,12,7,14,7,5,5
"2237","G0224","G0224_07","inactive",8,3,10,4,16,10,4,6
"2238","G0224","G0224_08","inactive",2,5,2,3,1,3,1,2
"2239","G0224","G0224_09","inactive",16,39,26,31,38,39,26,36
"2240","G0224","G0224_10","inactive",8,21,12,7,8,8,15,2
"2241","G0225","G0225_01","increasing",7,10,9,8,16,11,19,13
"2242","G0225","G0225_02","increasing",3,6,2,8,15,11,7,12
"2243","G0225","G0225_03","increasing",8,10,15,6,30,12,12,15
"2244","G0225","G0225_04","increasing",4,4,4,2,13,6,2,8
"2245","G0225","G0225_05","increasing",6,4,5,6,15,11,9,11
"2246","G0225","G0225_06","increasing",3,2,4,4,6,7,4,5
"2247","G0225","G0225_07","increasing",2,4,14,9,4,3,15,6
"2248","G0225","G0225_08","increasing",3,11,1,3,15,9,17,4
"2249","G0225","G0225_09","increasing",4,11,11,7,18,21,12,11
"2250","G0225","G0225_10","increasing",1,7,4,3,5,10,4,2
"2251","G0226","G0226_01","inactive",6,7,7,6,9,7,6,10
"2252","G0226","G0226_02","inactive",8,20,13,8,19,15,21,6
"2253","G0226","G0226_03","inactive",0,5,7,2,1,3,5,2
"2254","G0226","G0226_04","inactive",8,19,8,8,11,10,13,7
"2255","G0226","G0226_05","inactive",22,41,13,19,26,29,13,24
"2256","G0226","G0226_06","inactive",16,30,14,11,18,18,12,18
"2257","G0226","G0226_07","inactive",3,8,11,7,8,7,9,6
"2258","G0226","G0226_08","inactive",2,9,4,0,1,3,1,4
"2259","G0226","G0226_09","inactive",26,46,51,15,37,57,55,27
"2260","G0226","G0226_10","inactive",15,35,20,18,36,20,29,26
"2261","G0227","G0227_01","inactive",10,9,4,1,11,7,7,3
"2262","G0227","G0227_02","inactive",0,10,0,0,4,4,0,0
"2263","G0227","G0227_03","inactive",4,13,11,4,3,5,12,5
"2264","G0227","G0227_04","inactive",6,7,6,6,6,11,5,2
"2265","G0227","G0227_05","inactive",8,9,15,5,15,7,9,1
"2266","G0227","G0227_06","inactive",0,5,4,2,6,4,3,5
"2267","G0227","G0227_07","inactive",6,3,8,6,4,3,3,4
"2268","G0227","G0227_08","inactive",4,4,3,3,9,3,9,4
"2269","G0227","G0227_09","inactive",2,19,6,3,6,10,12,2
"2270","G0227","G0227_10","inactive",8,17,4,5,10,10,3,10
"2271","G0228","G0228_01","inactive",2,3,7,6,5,0,5,6
"2272","G0228","G0228_02","inactive",2,2,5,3,1,1,6,6
"2273","G0228","G0228_03","inactive",15,26,23,14,31,24,20,17
"2274","G0228","G0228_04","inactive",5,27,16,16,20,23,19,13
"2275","G0228","G0228_05","inactive",7,13,17,18,15,13,6,16
"2276","G0228","G0228_06","inactive",4,5,3,6,7,4,4,6
"2277","G0228","G0228_07","inactive",1,4,2,1,4,0,2,2
"2278","G0228","G0228_08","inactive",41,102,70,62,69,77,74,58
"2279","G0228","G0228_09","inactive",16,55,31,45,44,36,36,44
"2280","G0228","G0228_10","inactive",16,23,10,8,18,14,12,15
"2281","G0229","G0229_01","inactive",5,3,4,3,2,3,6,4
"2282","G0229","G0229_02","inactive",6,17,4,4,18,19,14,12
"2283","G0229","G0229_03","inactive",15,25,22,24,24,19,25,17
"2284","G0229","G0229_04","inactive",4,16,8,8,10,10,14,11
"2285","G0229","G0229_05","inactive",17,16,14,9,15,7,14,16
"2286","G0229","G0229_06","inactive",19,43,34,18,20,24,35,19
"2287","G0229","G0229_07","inactive",15,9,11,12,12,11,5,11
"2288","G0229","G0229_08","inactive",9,13,13,8,22,22,14,18
"2289","G0229","G0229_09","inactive",7,9,4,4,2,4,2,2
"2290","G0229","G0229_10","inactive",19,57,26,24,24,24,38,34
"2291","G0230","G0230_01","inactive",6,13,4,8,5,15,3,2
"2292","G0230","G0230_02","inactive",0,3,2,1,0,0,2,2
"2293","G0230","G0230_03","inactive",5,5,1,9,9,8,6,3
"2294","G0230","G0230_04","inactive",7,20,13,10,12,5,6,18
"2295","G0230","G0230_05","inactive",10,23,10,12,19,17,17,15
"2296","G0230","G0230_06","inactive",19,34,28,10,35,30,24,16
"2297","G0230","G0230_07","inactive",10,4,4,4,13,6,12,6
"2298","G0230","G0230_08","inactive",1,11,12,5,10,2,16,3
"2299","G0230","G0230_09","inactive",5,11,5,2,7,6,4,5
"2300","G0230","G0230_10","inactive",10,13,5,8,11,11,14,8
"2301","G0231","G0231_01","inactive",8,25,17,12,12,24,5,13
"2302","G0231","G0231_02","inactive",4,17,12,6,6,15,10,8
"2303","G0231","G0231_03","inactive",6,45,33,16,12,33,28,13
"2304","G0231","G0231_04","inactive",22,46,23,20,37,26,25,30
"2305","G0231","G0231_05","inactive",6,17,6,7,7,10,6,6
"2306","G0231","G0231_06","inactive",1,4,3,2,7,3,3,3
"2307","G0231","G0231_07","inactive",25,62,41,26,28,61,38,37
"2308","G0231","G0231_08","inactive",15,28,14,15,13,17,20,11
"2309","G0231","G0231_09","inactive",7,33,10,9,16,41,15,11
"2310","G0231","G0231_10","inactive",13,22,22,12,18,15,23,21
"2311","G0232","G0232_01","inactive",4,11,10,4,16,10,10,5
"2312","G0232","G0232_02","inactive",11,18,18,14,25,13,20,12
"2313","G0232","G0232_03","inactive",15,19,18,10,22,6,18,6
"2314","G0232","G0232_04","inactive",22,36,29,26,35,34,23,26
"2315","G0232","G0232_05","inactive",13,21,9,9,16,24,15,8
"2316","G0232","G0232_06","inactive",2,10,6,8,14,7,9,6
"2317","G0232","G0232_07","inactive",4,10,3,9,10,4,4,19
"2318","G0232","G0232_08","inactive",9,10,3,12,7,7,12,11
"2319","G0232","G0232_09","inactive",8,12,5,7,7,15,11,6
"2320","G0232","G0232_10","inactive",6,5,7,5,7,6,6,10
"2321","G0233","G0233_01","inactive",8,9,3,3,6,4,4,2
"2322","G0233","G0233_02","inactive",1,7,1,0,8,2,4,0
"2323","G0233","G0233_03","inactive",5,9,9,2,4,10,12,4
"2324","G0233","G0233_04","inactive",27,29,19,19,47,33,24,32
"2325","G0233","G0233_05","inactive",7,14,14,19,11,12,9,12
"2326","G0233","G0233_06","inactive",16,37,40,17,31,44,35,25
"2327","G0233","G0233_07","inactive",18,47,19,22,28,30,38,17
"2328","G0233","G0233_08","inactive",6,7,4,5,10,6,8,5
"2329","G0233","G0233_09","inactive",9,8,7,8,12,8,7,9
"2330","G0233","G0233_10","inactive",5,10,10,2,9,2,14,1
"2331","G0234","G0234_01","inactive",5,19,14,9,14,17,14,14
"2332","G0234","G0234_02","inactive",2,10,8,6,5,9,7,6
"2333","G0234","G0234_03","inactive",2,2,1,1,2,3,5,4
"2334","G0234","G0234_04","inactive",10,21,12,15,14,18,14,11
"2335","G0234","G0234_05","inactive",6,16,6,9,8,11,13,0
"2336","G0234","G0234_06","inactive",5,12,12,11,10,3,11,8
"2337","G0234","G0234_07","inactive",17,36,16,29,22,32,20,16
"2338","G0234","G0234_08","inactive",3,5,1,11,12,5,3,5
"2339","G0234","G0234_09","inactive",3,6,11,5,8,5,4,2
"2340","G0234","G0234_10","inactive",6,28,10,11,16,22,7,13
"2341","G0235","G0235_01","inactive",11,18,27,5,18,26,22,10
"2342","G0235","G0235_02","inactive",8,7,8,5,8,14,12,3
"2343","G0235","G0235_03","inactive",10,27,18,16,19,18,20,12
"2344","G0235","G0235_04","inactive",3,18,2,4,1,5,6,7
"2345","G0235","G0235_05","inactive",2,4,5,0,7,6,9,1
"2346","G0235","G0235_06","inactive",23,35,29,27,34,26,26,39
"2347","G0235","G0235_07","inactive",7,25,19,28,24,26,23,20
"2348","G0235","G0235_08","inactive",2,12,9,11,12,15,21,6
"2349","G0235","G0235_09","inactive",14,19,14,7,10,15,16,13
"2350","G0235","G0235_10","inactive",20,57,26,28,35,40,43,23
"2351","G0236","G0236_01","inactive",8,35,16,13,32,24,21,14
"2352","G0236","G0236_02","inactive",17,41,18,18,17,24,20,22
"2353","G0236","G0236_03","inactive",19,47,29,35,42,31,29,37
"2354","G0236","G0236_04","inactive",9,11,13,3,5,10,4,7
"2355","G0236","G0236_05","inactive",16,10,17,16,14,9,24,10
"2356","G0236","G0236_06","inactive",11,21,14,11,9,14,13,8
"2357","G0236","G0236_07","inactive",6,13,14,16,9,15,9,9
"2358","G0236","G0236_08","inactive",14,13,8,2,16,13,5,2
"2359","G0236","G0236_09","inactive",7,18,9,6,11,13,11,9
"2360","G0236","G0236_10","inactive",8,18,6,8,11,17,15,5
"2361","G0237","G0237_01","inactive",26,44,26,31,33,38,39,35
"2362","G0237","G0237_02","inactive",13,15,14,10,25,13,8,10
"2363","G0237","G0237_03","inactive",9,8,2,3,9,10,7,4
"2364","G0237","G0237_04","inactive",4,8,4,1,7,5,4,1
"2365","G0237","G0237_05","inactive",17,11,5,3,12,5,5,5
"2366","G0237","G0237_06","inactive",9,13,13,12,22,10,16,24
"2367","G0237","G0237_07","inactive",0,3,1,2,9,1,3,0
"2368","G0237","G0237_08","inactive",7,9,5,11,5,9,14,10
"2369","G0237","G0237_09","inactive",10,15,12,9,9,10,12,8
"2370","G0237","G0237_10","inactive",16,13,19,11,18,24,16,12
"2371","G0238","G0238_01","negcontrol",3,0,0,0,5,0,0,1
"2372","G0238","G0238_02","negcontrol",4,11,7,9,9,17,8,6
"2373","G0238","G0238_03","negcontrol",10,30,21,21,25,22,31,26
"2374","G0238","G0238_04","negcontrol",6,7,8,6,6,17,10,15
"2375","G0238","G0238_05","negcontrol",1,2,2,3,5,1,5,1
"2376","G0238","G0238_06","negcontrol",26,24,31,18,39,32,25,22
"2377","G0238","G0238_07","negcontrol",4,13,14,5,9,12,14,6
"2378","G0238","G0238_08","negcontrol",10,19,10,5,19,16,10,16
"2379","G0238","G0238_09","negcontrol",10,46,10,16,7,36,22,18
"2380","G0238","G0238_10","negcontrol",5,10,8,8,13,12,15,14
"2381","G0239","G0239_01","inactive",17,26,13,22,28,26,12,23
"2382","G0239","G0239_02","inactive",2,13,9,1,10,6,6,1
"2383","G0239","G0239_03","inactive",14,23,22,20,23,24,19,15
"2384","G0239","G0239_04","inactive",4,4,5,10,12,7,8,4
"2385","G0239","G0239_05","inactive",0,0,3,5,0,2,4,4
"2386","G0239","G0239_06","inactive",0,3,5,3,2,5,7,1
"2387","G0239","G0239_07","inactive",18,24,24,16,27,20,19,19
"2388","G0239","G0239_08","inactive",5,13,4,4,6,13,8,3
"2389","G0239","G0239_09","inactive",6,12,9,7,7,9,7,5
"2390","G0239","G0239_10","inactive",4,10,9,4,8,6,6,5
"2391","G0240","G0240_01","increasing",3,6,2,5,10,8,5,6
"2392","G0240","G0240_02","increasing",3,3,3,6,6,2,11,9
"2393","G0240","G0240_03","increasing",17,25,23,16,22,46,33,30
"2394","G0240","G0240_04","increasing",5,14,9,9,24,23,19,20
"2395","G0240","G0240_05","increasing",12,36,22,13,34,41,49,29
"2396","G0240","G0240_06","increasing",12,19,10,11,28,24,33,20
"2397","G0240","G0240_07","increasing",10,12,20,14,24,16,28,15
"2398","G0240","G0240_08","increasing",3,11,5,6,5,12,9,3
"2399","G0240","G0240_09","increasing",4,9,3,7,10,15,9,12
"2400","G0240","G0240_10","increasing",7,18,11,14,6,11,12,9
"2401","G0241","G0241_01","inactive",2,10,6,3,14,6,10,7
"2402","G0241","G0241_02","inactive",1,4,3,1,3,5,3,4
"2403","G0241","G0241_03","inactive",4,11,1,7,9,0,4,2
"2404","G0241","G0241_04","inactive",7,6,5,2,10,2,16,3
"2405","G0241","G0241_05","inactive",0,0,2,0,0,2,0,1
"2406","G0241","G0241_06","inactive",6,11,4,4,6,2,7,11
"2407","G0241","G0241_07","inactive",2,6,2,5,2,7,2,3
"2408","G0241","G0241_08","inactive",5,3,4,6,8,5,9,2
"2409","G0241","G0241_09","inactive",10,34,11,14,15,30,14,23
"2410","G0241","G0241_10","inactive",1,8,4,7,11,16,5,5
"2411","G0242","G0242_01","inactive",5,4,2,4,1,3,0,1
"2412","G0242","G0242_02","inactive",5,11,8,4,12,8,15,7
"2413","G0242","G0242_03","inactive",6,5,8,13,3,10,3,9
"2414","G0242","G0242_04","inactive",57,54,52,43,92,59,44,46
"2415","G0242","G0242_05","inactive",6,18,15,6,17,10,10,6
"2416","G0242","G0242_06","inactive",5,18,15,5,9,8,18,4
"2417","G0242","G0242_07","inactive",6,6,5,2,8,4,7,7
"2418","G0242","G0242_08","inactive",6,17,12,9,3,9,5,8
"2419","G0242","G0242_09","inactive",3,20,8,14,15,19,9,11
"2420","G0242","G0242_10","inactive",3,5,1,6,8,3,4,3
"2421","G0243","G0243_01","inactive",0,1,10,2,5,2,6,4
"2422","G0243","G0243_02","inactive",1,8,1,3,5,3,8,6
"2423","G0243","G0243_03","inactive",10,27,17,21,23,25,22,25
"2424","G0243","G0243_04","inactive",3,10,4,2,10,8,6,2
"2425","G0243","G0243_05","inactive",1,6,6,5,2,2,3,1
"2426","G0243","G0243_06","inactive",2,9,9,4,6,4,14,6
"2427","G0243","G0243_07","inactive",5,8,13,6,5,9,8,8
"2428","G0243","G0243_08","inactive",2,6,8,4,5,4,11,2
"2429","G0243","G0243_09","inactive",2,0,0,0,4,0,0,0
"2430","G0243","G0243_10","inactive",10,21,16,11,18,26,15,8
"2431","G0244","G0244_01","inactive",8,22,25,10,20,19,8,11
"2432","G0244","G0244_02","inactive",11,14,6,4,12,16,7,4
"2433","G0244","G0244_03","inactive",0,4,1,4,0,5,0,1
"2434","G0244","G0244_04","inactive",5,11,12,20,5,6,7,17
"2435","G0244","G0244_05","inactive",10,43,35,25,21,41,32,28
"2436","G0244","G0244_06","inactive",3,3,5,4,12,12,9,7
"2437","G0244","G0244_07","inactive",7,11,6,4,4,17,8,10
"2438","G0244","G0244_08","inactive",2,7,3,2,5,3,1,3
"2439","G0244","G0244_09","inactive",20,30,31,18,26,30,45,38
"2440","G0244","G0244_10","inactive",2,4,0,1,6,3,1,3
"2441","G0245","G0245_01","decreasing",9,6,7,4,8,5,8,2
"2442","G0245","G0245_02","decreasing",0,3,8,5,2,3,4,2
"2443","G0245","G0245_03","decreasing",5,1,3,0,8,5,10,4
"2444","G0245","G0245_04","decreasing",9,18,9,9,16,9,5,9
"2445","G0245","G0245_05","decreasing",9,20,6,7,20,6,8,4
"2446","G0245","G0245_06","decreasing",7,23,13,13,5,7,7,13
"2447","G0245","G0245_07","decreasing",7,14,13,16,13,6,8,16
"2448","G0245","G0245_08","decreasing",17,32,21,12,21,15,14,9
"2449","G0245","G0245_09","decreasing",3,25,8,13,8,17,11,13
"2450","G0245","G0245_10","decreasing",6,22,6,11,13,17,7,9
"2451","G0246","G0246_01","decreasing",0,5,4,7,6,5,2,8
"2452","G0246","G0246_02","decreasing",2,3,1,2,4,1,1,4
"2453","G0246","G0246_03","decreasing",35,41,24,25,26,27,11,17
"2454","G0246","G0246_04","decreasing",1,11,15,3,5,9,8,9
"2455","G0246","G0246_05","decreasing",13,15,18,11,20,16,14,8
"2456","G0246","G0246_06","decreasing",4,9,8,3,3,4,5,5
"2457","G0246","G0246_07","decreasing",6,22,7,10,12,15,8,5
"2458","G0246","G0246_08","decreasing",8,3,12,11,5,3,9,3
"2459","G0246","G0246_09","decreasing",5,24,14,13,7,7,10,4
"2460","G0246","G0246_10","decreasing",3,8,6,1,4,5,1,3
"2461","G0247","G0247_01","inactive",3,9,3,3,7,7,3,6
"2462","G0247","G0247_02","inactive",0,17,5,5,4,8,1,9
"2463","G0247","G0247_03","inactive",3,11,4,4,6,4,6,1
"2464","G0247","G0247_04","inactive",3,19,11,2,9,5,8,2
"2465","G0247","G0247_05","inactive",5,5,2,4,4,5,3,5
"2466","G0247","G0247_06","inactive",18,24,19,21,29,22,14,19
"2467","G0247","G0247_07","inactive",5,12,5,3,14,15,5,11
"2468","G0247","G0247_08","inactive",5,16,6,3,14,11,9,5
"2469","G0247","G0247_09","inactive",16,18,19,11,19,24,14,15
"2470","G0247","G0247_10","inactive",49,58,52,32,62,55,59,39
"2471","G0248","G0248_01","decreasing",3,10,3,7,2,0,3,1
"2472","G0248","G0248_02","decreasing",6,15,5,5,6,11,4,5
"2473","G0248","G0248_03","decreasing",2,11,1,4,2,5,4,7
"2474","G0248","G0248_04","decreasing",3,5,0,4,8,5,3,1
"2475","G0248","G0248_05","decreasing",11,16,15,14,13,4,11,9
"2476","G0248","G0248_06","decreasing",3,1,2,4,2,1,2,1
"2477","G0248","G0248_07","decreasing",1,0,4,0,2,2,2,0
"2478","G0248","G0248_08","decreasing",3,14,10,7,11,4,4,6
"2479","G0248","G0248_09","decreasing",11,8,19,14,17,7,7,13
"2480","G0248","G0248_10","decreasing",22,50,35,18,15,17,28,21
"2481","G0249","G0249_01","inactive",9,16,11,15,13,10,11,15
"2482","G0249","G0249_02","inactive",9,17,4,5,11,11,4,5
"2483","G0249","G0249_03","inactive",7,17,14,3,9,9,10,7
"2484","G0249","G0249_04","inactive",1,0,1,1,3,2,0,1
"2485","G0249","G0249_05","inactive",4,2,6,4,3,5,4,6
"2486","G0249","G0249_06","inactive",8,4,2,1,5,6,4,1
"2487","G0249","G0249_07","inactive",2,10,4,1,1,6,4,0
"2488","G0249","G0249_08","inactive",6,23,8,12,12,13,6,13
"2489","G0249","G0249_09","inactive",3,18,10,8,11,23,15,3
"2490","G0249","G0249_10","inactive",8,12,8,8,16,10,12,7
"2491","G0250","G0250_01","inactive",14,49,40,16,34,26,22,20
"2492","G0250","G0250_02","inactive",17,35,24,19,24,21,25,11
"2493","G0250","G0250_03","inactive",2,6,5,2,2,5,3,3
"2494","G0250","G0250_04","inactive",10,14,11,18,15,7,23,17
"2495","G0250","G0250_05","inactive",4,6,4,2,5,4,6,1
"2496","G0250","G0250_06","inactive",5,6,9,6,4,10,14,6
"2497","G0250","G0250_07","inactive",6,13,15,3,11,9,14,5
"2498","G0250","G0250_08","inactive",16,11,15,16,20,8,12,9
"2499","G0250","G0250_09","inactive",24,30,25,16,24,21,12,25
"2500","G0250","G0250_10","inactive",6,13,3,5,16,7,11,7
"2501","G0251","G0251_01","inactive",3,7,2,2,1,5,9,2
"2502","G0251","G0251_02","inactive",13,12,10,9,7,14,13,11
"2503","G0251","G0251_03","inactive",3,4,1,2,6,2,2,2
"2504","G0251","G0251_04","inactive",27,47,27,28,44,43,28,34
"2505","G0251","G0251_05","inactive",1,5,3,1,9,11,2,1
"2506","G0251","G0251_06","inactive",4,1,10,7,7,4,4,11
"2507","G0251","G0251_07","inactive",0,3,2,2,1,3,1,0
"2508","G0251","G0251_08","inactive",3,7,3,5,3,12,8,4
"2509","G0251","G0251_09","inactive",4,9,5,4,6,14,6,5
"2510","G0251","G0251_10","inactive",1,14,2,7,0,6,1,6
"2511","G0252","G0252_01","inactive",6,8,3,2,14,6,3,7
"2512","G0252","G0252_02","inactive",13,25,9,17,11,18,24,17
"2513","G0252","G0252_03","inactive",4,16,11,7,11,10,10,6
"2514","G0252","G0252_04","inactive",30,52,31,36,40,45,32,43
"2515","G0252","G0252_05","inactive",1,12,6,1,4,12,2,4
"2516","G0252","G0252_06","inactive",6,33,20,13,25,18,14,15
"2517","G0252","G0252_07","inactive",5,8,6,6,10,7,10,3
"2518","G0252","G0252_08","inactive",7,12,5,3,10,14,5,4
"2519","G0252","G0252_09","inactive",3,10,6,4,6,9,9,5
"2520","G0252","G0252_10","inactive",6,19,8,14,7,17,5,22
"2521","G0253","G0253_01","decreasing",3,3,1,3,3,4,4,0
"2522","G0253","G0253_02","decreasing",9,33,10,18,8,17,3,14
"2523","G0253","G0253_03","decreasing",7,38,15,14,15,14,15,13
"2524","G0253","G0253_04","decreasing",14,28,14,10,10,10,7,3
"2525","G0253","G0253_05","decreasing",4,11,11,5,3,7,1,2
"2526","G0253","G0253_06","decreasing",14,26,16,16,10,21,14,13
"2527","G0253","G0253_07","decreasing",10,20,13,13,9,10,4,7
"2528","G0253","G0253_08","decreasing",2,20,15,12,2,6,7,3
"2529","G0253","G0253_09","decreasing",5,11,10,3,4,10,1,3
"2530","G0253","G0253_10","decreasing",14,20,12,12,9,6,10,8
"2531","G0254","G0254_01","inactive",3,12,5,8,5,4,4,9
"2532","G0254","G0254_02","inactive",6,8,2,1,10,1,2,5
"2533","G0254","G0254_03","inactive",12,40,18,19,21,29,21,21
"2534","G0254","G0254_04","inactive",7,8,2,20,14,15,6,15
"2535","G0254","G0254_05","inactive",7,5,14,0,8,6,10,1
"2536","G0254","G0254_06","inactive",4,4,7,4,10,8,4,2
"2537","G0254","G0254_07","inactive",2,13,4,3,8,4,4,3
"2538","G0254","G0254_08","inactive",2,9,10,5,8,4,8,5
"2539","G0254","G0254_09","inactive",8,8,4,0,5,3,3,2
"2540","G0254","G0254_10","inactive",8,12,8,12,18,14,15,15
"2541","G0255","G0255_01","inactive",7,20,8,12,7,9,9,5
"2542","G0255","G0255_02","inactive",8,14,10,7,18,10,11,12
"2543","G0255","G0255_03","inactive",2,4,0,4,7,1,2,3
"2544","G0255","G0255_04","inactive",18,31,16,18,13,27,16,15
"2545","G0255","G0255_05","inactive",24,38,30,20,40,40,52,36
"2546","G0255","G0255_06","inactive",4,17,7,4,16,13,9,5
"2547","G0255","G0255_07","inactive",2,7,5,2,4,2,3,6
"2548","G0255","G0255_08","inactive",8,14,3,5,9,5,5,8
"2549","G0255","G0255_09","inactive",7,13,5,3,9,3,5,10
"2550","G0255","G0255_10","inactive",5,0,5,2,13,10,4,3
"2551","G0256","G0256_01","inactive",6,7,11,6,8,10,4,3
"2552","G0256","G0256_02","inactive",7,8,17,10,14,7,14,8
"2553","G0256","G0256_03","inactive",5,7,4,7,10,5,9,7
"2554","G0256","G0256_04","inactive",14,12,18,10,19,12,20,7
"2555","G0256","G0256_05","inactive",3,14,18,4,4,16,12,12
"2556","G0256","G0256_06","inactive",8,15,7,7,15,7,17,15
"2557","G0256","G0256_07","inactive",3,13,13,0,7,3,7,11
"2558","G0256","G0256_08","inactive",6,9,18,10,12,10,18,9
"2559","G0256","G0256_09","inactive",2,11,0,2,3,8,3,3
"2560","G0256","G0256_10","inactive",3,3,2,5,3,2,6,6
"2561","G0257","G0257_01","inactive",7,25,7,3,6,18,7,6
"2562","G0257","G0257_02","inactive",10,9,12,3,12,11,10,2
"2563","G0257","G0257_03","inactive",7,13,11,14,18,7,9,11
"2564","G0257","G0257_04","inactive",4,8,9,6,8,7,6,4
"2565","G0257","G0257_05","inactive",0,4,7,4,6,6,6,7
"2566","G0257","G0257_06","inactive",21,67,40,27,37,63,46,32
"2567","G0257","G0257_07","inactive",8,21,17,2,12,10,14,3
"2568","G0257","G0257_08","inactive",33,78,69,47,59,65,53,54
"2569","G0257","G0257_09","inactive",10,23,15,10,15,16,25,20
"2570","G0257","G0257_10","inactive",8,5,3,3,6,3,3,8
"2571","G0258","G0258_01","inactive",4,15,7,2,8,13,18,0
"2572","G0258","G0258_02","inactive",7,10,12,15,13,15,8,18
"2573","G0258","G0258_03","inactive",0,5,2,5,1,14,13,1
"2574","G0258","G0258_04","inactive",0,6,5,5,6,9,7,7
"2575","G0258","G0258_05","inactive",3,4,7,4,8,1,0,4
"2576","G0258","G0258_06","inactive",2,5,3,5,8,5,6,3
"2577","G0258","G0258_07","inactive",8,22,12,13,19,18,11,9
"2578","G0258","G0258_08","inactive",6,16,14,13,17,19,12,12
"2579","G0258","G0258_09","inactive",9,13,20,15,24,15,22,12
"2580","G0258","G0258_10","inactive",4,3,6,14,9,3,8,3
"2581","G0259","G0259_01","inactive",2,15,14,5,5,15,11,5
"2582","G0259","G0259_02","inactive",1,1,0,1,0,2,1,0
"2583","G0259","G0259_03","inactive",4,10,5,2,3,2,0,8
"2584","G0259","G0259_04","inactive",1,1,2,3,5,2,4,0
"2585","G0259","G0259_05","inactive",4,8,5,3,6,4,2,8
"2586","G0259","G0259_06","inactive",35,49,32,27,49,37,42,40
"2587","G0259","G0259_07","inactive",15,32,18,22,33,30,22,18
"2588","G0259","G0259_08","inactive",5,20,10,10,13,8,13,15
"2589","G0259","G0259_09","inactive",4,12,5,5,11,9,4,6
"2590","G0259","G0259_10","inactive",4,4,6,3,9,8,7,10
"2591","G0260","G0260_01","inactive",2,21,8,9,8,18,25,10
"2592","G0260","G0260_02","inactive",12,43,15,10,22,36,21,13
"2593","G0260","G0260_03","inactive",3,23,8,6,5,13,7,11
"2594","G0260","G0260_04","inactive",17,32,20,18,10,26,19,10
"2595","G0260","G0260_05","inactive",23,44,22,26,32,29,16,22
"2596","G0260","G0260_06","inactive",4,1,2,0,0,2,3,4
"2597","G0260","G0260_07","inactive",21,26,23,12,21,27,35,17
"2598","G0260","G0260_08","inactive",12,10,21,3,22,15,18,5
"2599","G0260","G0260_09","inactive",1,4,4,5,4,6,10,7
"2600","G0260","G0260_10","inactive",7,23,21,11,25,12,17,13
"2601","G0261","G0261_01","increasing",10,17,16,6,25,26,29,18
"2602","G0261","G0261_02","increasing",3,7,1,2,7,10,5,1
"2603","G0261","G0261_03","increasing",14,20,5,8,30,18,16,19
"2604","G0261","G0261_04","increasing",2,13,10,8,8,25,21,9
"2605","G0261","G0261_05","increasing",2,5,2,3,7,2,3,8
"2606","G0261","G0261_06","increasing",11,20,11,2,14,38,24,15
"2607","G0261","G0261_07","increasing",5,21,14,17,48,19,23,20
"2608","G0261","G0261_08","increasing",14,37,19,19,21,19,14,20
"2609","G0261","G0261_09","increasing",9,13,11,13,21,19,20,18
"2610","G0261","G0261_10","increasing",3,4,6,3,5,4,3,7
"2611","G0262","G0262_01","inactive",6,2,3,1,9,3,5,2
"2612","G0262","G0262_02","inactive",4,13,8,7,2,9,13,8
"2613","G0262","G0262_03","inactive",1,9,5,2,4,7,5,2
"2614","G0262","G0262_04","inactive",9,9,13,12,8,10,14,12
"2615","G0262","G0262_05","inactive",9,27,9,11,10,26,19,11
"2616","G0262","G0262_06","inactive",5,11,6,3,9,13,6,3
"2617","G0262","G0262_07","inactive",4,5,0,7,2,2,1,1
"2618","G0262","G0262_08","inactive",5,6,9,6,11,9,11,7
"2619","G0262","G0262_09","inactive",4,15,12,4,9,7,13,9
"2620","G0262","G0262_10","inactive",17,41,33,17,36,31,40,23
"2621","G0263","G0263_01","increasing",3,2,3,2,4,1,2,1
"2622","G0263","G0263_02","increasing",5,4,5,6,4,3,1,2
"2623","G0263","G0263_03","increasing",20,40,29,30,29,37,59,39
"2624","G0263","G0263_04","increasing",12,26,25,15,38,27,36,27
"2625","G0263","G0263_05","increasing",11,10,6,4,10,5,7,5
"2626","G0263","G0263_06","increasing",6,18,9,9,16,27,12,23
"2627","G0263","G0263_07","increasing",0,5,3,7,0,1,5,4
"2628","G0263","G0263_08","increasing",4,0,4,0,4,1,5,0
"2629","G0263","G0263_09","increasing",8,8,7,1,10,11,8,3
"2630","G0263","G0263_10","increasing",7,13,11,3,14,10,12,4
"2631","G0264","G0264_01","inactive",2,4,2,3,5,5,3,6
"2632","G0264","G0264_02","inactive",22,27,23,29,32,26,28,26
"2633","G0264","G0264_03","inactive",11,12,3,5,12,4,7,5
"2634","G0264","G0264_04","inactive",16,38,21,25,20,28,17,13
"2635","G0264","G0264_05","inactive",6,7,9,5,10,5,3,16
"2636","G0264","G0264_06","inactive",7,15,10,8,8,6,10,9
"2637","G0264","G0264_07","inactive",1,5,1,2,8,3,3,6
"2638","G0264","G0264_08","inactive",1,11,8,3,8,5,2,5
"2639","G0264","G0264_09","inactive",26,26,39,22,31,21,38,14
"2640","G0264","G0264_10","inactive",7,27,6,4,7,20,5,11
"2641","G0265","G0265_01","inactive",4,5,2,1,10,5,10,2
"2642","G0265","G0265_02","inactive",15,24,12,7,25,24,16,19
"2643","G0265","G0265_03","inactive",6,13,10,7,8,6,16,11
"2644","G0265","G0265_04","inactive",1,13,3,2,7,7,7,4
"2645","G0265","G0265_05","inactive",24,45,35,24,39,44,49,27
"2646","G0265","G0265_06","inactive",6,21,7,7,17,16,9,16
"2647","G0265","G0265_07","inactive",4,13,3,0,6,2,7,4
"2648","G0265","G0265_08","inactive",17,25,21,13,28,26,20,23
"2649","G0265","G0265_09","inactive",5,4,2,9,3,8,4,2
"2650","G0265","G0265_10","inactive",8,26,5,11,13,16,11,10
"2651","G0266","G0266_01","increasing",11,22,18,7,18,18,21,17
"2652","G0266","G0266_02","increasing",7,28,12,13,16,29,31,26
"2653","G0266","G0266_03","increasing",3,28,12,7,19,26,14,14
"2654","G0266","G0266_04","increasing",6,14,3,1,5,14,12,2
"2655","G0266","G0266_05","increasing",2,7,1,5,8,8,3,1
"2656","G0266","G0266_06","increasing",1,1,4,0,9,1,7,1
"2657","G0266","G0266_07","increasing",1,9,1,1,5,5,7,9
"2658","G0266","G0266_08","increasing",22,17,13,14,33,22,15,21
"2659","G0266","G0266_09","increasing",15,17,2,9,16,21,16,6
"2660","G0266","G0266_10","increasing",12,15,7,4,14,15,13,6
"2661","G0267","G0267_01","negcontrol",6,12,8,11,4,17,5,14
"2662","G0267","G0267_02","negcontrol",5,9,3,6,12,6,11,3
"2663","G0267","G0267_03","negcontrol",18,31,16,12,21,23,17,21
"2664","G0267","G0267_04","negcontrol",10,23,14,12,8,11,11,10
"2665","G0267","G0267_05","negcontrol",4,8,0,8,2,2,1,6
"2666","G0267","G0267_06","negcontrol",3,18,3,14,15,12,10,11
"2667","G0267","G0267_07","negcontrol",2,8,8,6,8,7,3,2
"2668","G0267","G0267_08","negcontrol",4,5,8,4,6,7,4,3
"2669","G0267","G0267_09","negcontrol",0,3,0,3,0,2,4,3
"2670","G0267","G0267_10","negcontrol",18,35,8,28,18,26,23,29
"2671","G0268","G0268_01","inactive",14,28,14,6,8,9,12,2
"2672","G0268","G0268_02","inactive",8,13,12,6,21,14,9,9
"2673","G0268","G0268_03","inactive",10,23,6,9,14,17,7,15
"2674","G0268","G0268_04","inactive",10,23,12,20,23,16,11,16
"2675","G0268","G0268_05","inactive",8,17,4,5,15,4,9,5
"2676","G0268","G0268_06","inactive",11,27,11,11,18,17,22,16
"2677","G0268","G0268_07","inactive",11,12,12,12,23,17,15,11
"2678","G0268","G0268_08","inactive",7,8,10,8,7,12,8,4
"2679","G0268","G0268_09","inactive",0,2,0,2,1,4,1,4
"2680","G0268","G0268_10","inactive",9,17,12,5,16,13,19,13
"2681","G0269","G0269_01","inactive",11,24,28,14,22,22,20,11
"2682","G0269","G0269_02","inactive",0,13,4,2,6,1,5,2
"2683","G0269","G0269_03","inactive",11,26,13,5,9,20,13,8
"2684","G0269","G0269_04","inactive",13,42,20,25,23,33,18,14
"2685","G0269","G0269_05","inactive",15,14,18,12,18,15,23,17
"2686","G0269","G0269_06","inactive",14,25,11,15,23,14,21,20
"2687","G0269","G0269_07","inactive",3,19,8,3,8,10,12,2
"2688","G0269","G0269_08","inactive",1,0,0,2,1,0,0,3
"2689","G0269","G0269_09","inactive",22,22,7,10,15,9,8,14
"2690","G0269","G0269_10","inactive",10,12,7,5,6,7,8,9
"2691","G0270","G0270_01","inactive",1,7,3,1,2,3,4,2
"2692","G0270","G0270_02","inactive",7,8,6,4,3,9,5,11
"2693","G0270","G0270_03","inactive",7,3,3,9,13,8,4,10
"2694","G0270","G0270_04","inactive",7,18,11,10,9,19,7,18
"2695","G0270","G0270_05","inactive",10,24,23,20,12,22,31,18
"2696","G0270","G0270_06","inactive",15,34,36,19,25,24,40,32
"2697","G0270","G0270_07","inactive",6,19,9,8,19,10,16,15
"2698","G0270","G0270_08","inactive",2,9,6,2,5,6,3,3
"2699","G0270","G0270_09","inactive",3,5,16,1,6,10,6,3
"2700","G0270","G0270_10","inactive",13,11,16,5,16,11,6,6
"2701","G0271","G0271_01","inactive",4,3,11,2,9,3,7,7
"2702","G0271","G0271_02","inactive",28,64,32,34,43,35,38,34
"2703","G0271","G0271_03","inactive",4,5,5,9,11,7,9,7
"2704","G0271","G0271_04","inactive",3,3,3,3,4,9,1,7
"2705","G0271","G0271_05","inactive",6,4,22,2,6,11,9,1
"2706","G0271","G0271_06","inactive",3,7,5,5,5,8,5,3
"2707","G0271","G0271_07","inactive",0,8,6,4,6,11,2,8
"2708","G0271","G0271_08","inactive",2,1,9,1,2,4,3,2
"2709","G0271","G0271_09","inactive",5,20,7,12,17,9,5,12
"2710","G0271","G0271_10","inactive",5,37,4,11,15,21,14,14
"2711","G0272","G0272_01","inactive",0,4,1,0,2,3,2,2
"2712","G0272","G0272_02","inactive",11,31,25,12,22,23,25,11
"2713","G0272","G0272_03","inactive",3,15,7,10,10,8,13,5
"2714","G0272","G0272_04","inactive",22,25,37,28,34,22,24,33
"2715","G0272","G0272_05","inactive",20,25,21,12,19,20,22,14
"2716","G0272","G0272_06","inactive",3,6,6,13,6,6,11,8
"2717","G0272","G0272_07","inactive",7,33,21,14,23,27,27,14
"2718","G0272","G0272_08","inactive",11,32,19,14,22,25,8,10
"2719","G0272","G0272_09","inactive",4,7,3,7,11,4,3,8
"2720","G0272","G0272_10","inactive",4,19,11,6,7,16,5,11
"2721","G0273","G0273_01","inactive",5,15,9,7,9,21,9,4
"2722","G0273","G0273_02","inactive",2,3,6,4,7,3,5,4
"2723","G0273","G0273_03","inactive",4,7,9,7,6,8,15,8
"2724","G0273","G0273_04","inactive",9,9,2,5,11,4,8,5
"2725","G0273","G0273_05","inactive",11,20,14,6,9,13,7,7
"2726","G0273","G0273_06","inactive",12,20,10,13,27,23,11,14
"2727","G0273","G0273_07","inactive",19,34,17,13,29,15,21,14
"2728","G0273","G0273_08","inactive",3,11,6,2,12,5,4,4
"2729","G0273","G0273_09","inactive",2,11,5,4,4,4,7,6
"2730","G0273","G0273_10","inactive",26,45,34,29,25,36,45,30
"2731","G0274","G0274_01","inactive",5,12,6,8,17,5,9,7
"2732","G0274","G0274_02","inactive",11,26,13,12,12,25,27,6
"2733","G0274","G0274_03","inactive",4,33,19,8,9,28,16,16
"2734","G0274","G0274_04","inactive",3,9,6,4,4,12,2,6
"2735","G0274","G0274_05","inactive",4,7,13,2,8,6,11,3
"2736","G0274","G0274_06","inactive",5,4,8,1,10,6,8,4
"2737","G0274","G0274_07","inactive",50,76,54,48,85,78,75,70
"2738","G0274","G0274_08","inactive",17,35,25,22,22,25,24,28
"2739","G0274","G0274_09","inactive",9,4,22,6,10,7,14,14
"2740","G0274","G0274_10","inactive",12,45,15,16,13,31,20,25
"2741","G0275","G0275_01","increasing",3,22,3,6,10,19,10,13
"2742","G0275","G0275_02","increasing",2,3,8,2,10,8,5,6
"2743","G0275","G0275_03","increasing",0,6,7,3,1,12,11,4
"2744","G0275","G0275_04","increasing",2,10,7,1,4,8,7,6
"2745","G0275","G0275_05","increasing",8,8,3,1,12,15,8,1
"2746","G0275","G0275_06","increasing",3,3,6,2,4,4,4,9
"2747","G0275","G0275_07","increasing",5,12,5,2,2,8,12,9
"2748","G0275","G0275_08","increasing",4,7,4,13,13,10,7,8
"2749","G0275","G0275_09","increasing",15,27,13,17,10,30,27,37
"2750","G0275","G0275_10","increasing",7,8,5,2,15,6,8,11
"2751","G0276","G0276_01","inactive",3,12,11,6,13,16,9,8
"2752","G0276","G0276_02","inactive",8,31,19,10,15,14,17,14
"2753","G0276","G0276_03","inactive",8,9,15,16,15,8,13,11
"2754","G0276","G0276_04","inactive",3,20,4,8,14,23,14,8
"2755","G0276","G0276_05","inactive",12,35,14,6,16,23,11,7
"2756","G0276","G0276_06","inactive",2,2,7,6,6,3,11,4
"2757","G0276","G0276_07","inactive",31,65,34,43,42,45,42,46
"2758","G0276","G0276_08","inactive",5,12,6,4,6,9,12,2
"2759","G0276","G0276_09","inactive",4,3,5,8,4,3,5,2
"2760","G0276","G0276_10","inactive",8,4,5,0,4,2,9,3
"2761","G0277","G0277_01","inactive",7,8,5,11,14,10,6,11
"2762","G0277","G0277_02","inactive",3,1,4,0,4,3,1,0
"2763","G0277","G0277_03","inactive",10,15,2,7,14,12,4,8
"2764","G0277","G0277_04","inactive",6,20,20,4,6,13,11,9
"2765","G0277","G0277_05","inactive",4,29,5,7,2,16,7,4
"2766","G0277","G0277_06","inactive",4,5,6,6,5,4,5,5
"2767","G0277","G0277_07","inactive",2,5,3,5,9,12,1,3
"2768","G0277","G0277_08","inactive",17,26,13,12,21,16,11,14
"2769","G0277","G0277_09","inactive",11,7,3,2,4,3,4,1
"2770","G0277","G0277_10","inactive",1,7,3,5,2,3,9,4
"2771","G0278","G0278_01","inactive",5,17,15,10,13,17,22,5
"2772","G0278","G0278_02","inactive",8,19,18,3,16,7,13,8
"2773","G0278","G0278_03","inactive",6,11,5,3,11,6,7,4
"2774","G0278","G0278_04","inactive",2,8,6,3,5,6,6,3
"2775","G0278","G0278_05","inactive",6,7,9,8,3,6,3,3
"2776","G0278","G0278_06","inactive",7,14,14,5,20,7,11,10
"2777","G0278","G0278_07","inactive",6,17,3,7,6,11,6,5
"2778","G0278","G0278_08","inactive",2,7,4,5,5,7,6,7
"2779","G0278","G0278_09","inactive",3,3,5,7,12,2,7,5
"2780","G0278","G0278_10","inactive",5,8,10,4,9,8,11,5
"2781","G0279","G0279_01","inactive",7,6,10,3,4,8,4,7
"2782","G0279","G0279_02","inactive",7,14,5,2,7,7,4,8
"2783","G0279","G0279_03","inactive",9,21,8,2,14,10,13,6
"2784","G0279","G0279_04","inactive",8,23,14,13,8,17,8,13
"2785","G0279","G0279_05","inactive",6,9,3,14,10,17,4,9
"2786","G0279","G0279_06","inactive",9,30,25,18,23,40,22,24
"2787","G0279","G0279_07","inactive",6,5,10,3,8,2,8,3
"2788","G0279","G0279_08","inactive",7,5,1,4,10,6,3,10
"2789","G0279","G0279_09","inactive",4,19,5,13,15,15,10,13
"2790","G0279","G0279_10","inactive",0,1,1,0,0,2,7,0
"2791","G0280","G0280_01","inactive",5,21,15,10,14,17,9,15
"2792","G0280","G0280_02","inactive",0,4,0,0,1,1,1,0
"2793","G0280","G0280_03","inactive",2,8,1,2,3,2,4,5
"2794","G0280","G0280_04","inactive",8,22,15,15,9,11,4,12
"2795","G0280","G0280_05","inactive",26,55,18,23,28,45,41,41
"2796","G0280","G0280_06","inactive",8,7,14,9,12,6,6,9
"2797","G0280","G0280_07","inactive",1,6,11,10,3,11,4,2
"2798","G0280","G0280_08","inactive",3,1,6,11,8,7,6,11
"2799","G0280","G0280_09","inactive",3,6,5,3,6,5,10,7
"2800","G0280","G0280_10","inactive",18,25,25,8,27,24,31,11
"2801","G0281","G0281_01","inactive",8,14,11,6,16,18,13,6
"2802","G0281","G0281_02","inactive",8,7,10,10,11,6,18,20
"2803","G0281","G0281_03","inactive",10,8,14,17,16,10,14,6
"2804","G0281","G0281_04","inactive",14,12,15,20,29,9,18,13
"2805","G0281","G0281_05","inactive",7,21,15,15,9,31,16,19
"2806","G0281","G0281_06","inactive",0,7,7,10,7,6,9,9
"2807","G0281","G0281_07","inactive",5,26,12,5,12,8,14,4
"2808","G0281","G0281_08","inactive",26,28,19,12,36,31,32,24
"2809","G0281","G0281_09","inactive",6,6,6,9,9,6,3,4
"2810","G0281","G0281_10","inactive",17,38,15,6,16,30,25,21
"2811","G0282","G0282_01","inactive",5,11,13,11,13,16,11,6
"2812","G0282","G0282_02","inactive",5,14,14,13,7,7,13,4
"2813","G0282","G0282_03","inactive",4,15,6,4,6,7,6,3
"2814","G0282","G0282_04","inactive",2,2,3,6,0,3,7,2
"2815","G0282","G0282_05","inactive",6,19,6,8,9,15,5,10
"2816","G0282","G0282_06","inactive",9,17,12,16,12,16,15,15
"2817","G0282","G0282_07","inactive",4,14,12,14,8,11,11,7
"2818","G0282","G0282_08","inactive",9,19,6,6,8,20,7,7
"2819","G0282","G0282_09","inactive",3,7,13,2,3,0,10,8
"2820","G0282","G0282_10","inactive",6,16,9,5,7,9,12,7
"2821","G0283","G0283_01","inactive",17,14,13,11,14,19,16,17
"2822","G0283","G0283_02","inactive",8,17,12,11,11,15,14,5
"2823","G0283","G0283_03","inactive",5,17,9,20,19,20,15,20
"2824","G0283","G0283_04","inactive",53,87,56,54,76,64,57,49
"2825","G0283","G0283_05","inactive",1,3,1,1,10,5,2,2
"2826","G0283","G0283_06","inactive",5,8,12,9,6,6,10,5
"2827","G0283","G0283_07","inactive",9,19,15,9,17,23,9,11
"2828","G0283","G0283_08","inactive",21,28,31,19,28,24,38,12
"2829","G0283","G0283_09","inactive",3,21,4,7,11,9,12,12
"2830","G0283","G0283_10","inactive",2,14,2,6,2,19,4,9
"2831","G0284","G0284_01","inactive",12,28,29,19,22,13,23,18
"2832","G0284","G0284_02","inactive",15,13,8,2,13,11,9,7
"2833","G0284","G0284_03","inactive",7,11,21,9,12,7,17,18
"2834","G0284","G0284_04","inactive",8,6,6,6,4,3,5,8
"2835","G0284","G0284_05","inactive",2,6,21,2,11,9,17,2
"2836","G0284","G0284_06","inactive",5,11,8,8,15,6,8,8
"2837","G0284","G0284_07","inactive",9,22,10,13,13,9,6,10
"2838","G0284","G0284_08","inactive",13,21,14,13,23,21,15,17
"2839","G0284","G0284_09","inactive",63,104,71,43,104,72,74,61
"2840","G0284","G0284_10","inactive",10,9,22,6,25,11,11,9
"2841","G0285","G0285_01","inactive",1,7,1,4,1,12,15,7
"2842","G0285","G0285_02","inactive",9,17,12,3,8,16,7,3
"2843","G0285","G0285_03","inactive",10,13,14,4,17,19,10,12
"2844","G0285","G0285_04","inactive",18,21,26,18,22,19,28,15
"2845","G0285","G0285_05","inactive",1,4,6,3,4,6,2,3
"2846","G0285","G0285_06","inactive",2,10,6,8,9,11,5,3
"2847","G0285","G0285_07","inactive",16,19,31,17,32,28,22,21
"2848","G0285","G0285_08","inactive",11,34,18,15,28,28,9,14
"2849","G0285","G0285_09","inactive",6,9,11,11,14,8,7,7
"2850","G0285","G0285_10","inactive",6,4,10,0,9,3,16,3
"2851","G0286","G0286_01","inactive",8,10,5,8,14,13,8,13
"2852","G0286","G0286_02","inactive",3,9,8,6,14,9,12,9
"2853","G0286","G0286_03","inactive",8,18,14,6,12,12,8,8
"2854","G0286","G0286_04","inactive",2,3,2,4,7,1,3,8
"2855","G0286","G0286_05","inactive",10,15,9,4,11,9,8,8
"2856","G0286","G0286_06","inactive",1,2,4,0,3,1,8,5
"2857","G0286","G0286_07","inactive",0,11,2,2,6,4,2,3
"2858","G0286","G0286_08","inactive",10,17,9,23,19,12,22,13
"2859","G0286","G0286_09","inactive",6,6,4,0,0,8,1,1
"2860","G0286","G0286_10","inactive",2,18,7,7,5,8,10,5
"2861","G0287","G0287_01","inactive",8,11,5,4,21,12,15,9
"2862","G0287","G0287_02","inactive",1,13,3,3,1,10,2,5
"2863","G0287","G0287_03","inactive",2,6,2,4,2,5,2,4
"2864","G0287","G0287_04","inactive",12,19,15,9,26,21,20,9
"2865","G0287","G0287_05","inactive",3,11,5,5,5,14,6,5
"2866","G0287","G0287_06","inactive",21,34,17,10,40,23,25,17
"2867","G0287","G0287_07","inactive",1,2,0,1,5,2,1,1
"2868","G0287","G0287_08","inactive",7,11,10,1,5,6,5,5
"2869","G0287","G0287_09","inactive",2,0,3,5,3,0,6,6
"2870","G0287","G0287_10","inactive",1,3,1,2,3,4,5,1
"2871","G0288","G0288_01","inactive",6,7,1,5,8,7,2,8
"2872","G0288","G0288_02","inactive",8,4,2,2,8,5,1,2
"2873","G0288","G0288_03","inactive",16,30,15,14,26,24,21,20
"2874","G0288","G0288_04","inactive",33,60,33,22,47,53,36,41
"2875","G0288","G0288_05","inactive",5,10,7,7,8,11,8,12
"2876","G0288","G0288_06","inactive",11,21,21,5,16,15,17,15
"2877","G0288","G0288_07","inactive",6,3,5,9,5,3,3,12
"2878","G0288","G0288_08","inactive",27,44,49,33,42,53,36,34
"2879","G0288","G0288_09","inactive",20,25,19,19,16,15,24,17
"2880","G0288","G0288_10","inactive",5,7,6,4,10,8,4,3
"2881","G0289","G0289_01","inactive",2,3,3,1,1,4,1,1
"2882","G0289","G0289_02","inactive",11,40,20,14,22,38,18,17
"2883","G0289","G0289_03","inactive",16,30,4,11,20,23,17,9
"2884","G0289","G0289_04","inactive",10,16,9,10,15,16,16,18
"2885","G0289","G0289_05","inactive",3,17,4,3,5,4,3,3
"2886","G0289","G0289_06","inactive",8,29,11,7,13,26,18,14
"2887","G0289","G0289_07","inactive",5,6,9,3,6,11,4,2
"2888","G0289","G0289_08","inactive",7,13,7,8,10,4,5,10
"2889","G0289","G0289_09","inactive",14,24,17,13,30,26,27,8
"2890","G0289","G0289_10","inactive",0,8,1,5,0,2,1,7
"2891","G0290","G0290_01","inactive",16,35,15,14,32,22,15,7
"2892","G0290","G0290_02","inactive",10,6,13,8,23,5,11,5
"2893","G0290","G0290_03","inactive",12,9,14,4,10,3,10,4
"2894","G0290","G0290_04","inactive",7,17,14,8,10,8,12,3
"2895","G0290","G0290_05","inactive",4,2,9,4,12,5,5,2
"2896","G0290","G0290_06","inactive",2,9,4,4,5,3,9,0
"2897","G0290","G0290_07","inactive",8,15,11,9,13,6,23,2
"2898","G0290","G0290_08","inactive",14,30,28,28,22,22,32,20
"2899","G0290","G0290_09","inactive",18,32,28,24,31,21,25,17
"2900","G0290","G0290_10","inactive",5,10,5,5,13,4,5,2
"2901","G0291","G0291_01","inactive",1,0,5,3,3,2,3,8
"2902","G0291","G0291_02","inactive",9,21,9,8,14,15,23,8
"2903","G0291","G0291_03","inactive",1,5,3,2,2,5,2,5
"2904","G0291","G0291_04","inactive",6,13,4,6,13,8,7,5
"2905","G0291","G0291_05","inactive",5,8,12,2,2,15,15,3
"2906","G0291","G0291_06","inactive",5,14,10,3,9,5,11,8
"2907","G0291","G0291_07","inactive",12,32,16,9,14,20,9,12
"2908","G0291","G0291_08","inactive",8,4,2,3,9,4,0,5
"2909","G0291","G0291_09","inactive",8,16,5,13,10,15,8,19
"2910","G0291","G0291_10","inactive",4,1,2,5,6,4,5,6
"2911","G0292","G0292_01","inactive",3,18,5,10,8,13,9,5
"2912","G0292","G0292_02","inactive",6,20,3,8,10,11,4,7
"2913","G0292","G0292_03","inactive",6,13,4,3,15,11,4,2
"2914","G0292","G0292_04","inactive",16,39,19,20,17,15,21,15
"2915","G0292","G0292_05","inactive",5,5,8,4,10,11,14,9
"2916","G0292","G0292_06","inactive",3,8,6,6,11,10,2,4
"2917","G0292","G0292_07","inactive",4,7,3,1,3,3,5,0
"2918","G0292","G0292_08","inactive",10,27,16,13,18,15,12,19
"2919","G0292","G0292_09","inactive",3,4,4,0,6,1,3,4
"2920","G0292","G0292_10","inactive",2,9,12,8,4,4,2,6
"2921","G0293","G0293_01","inactive",15,24,18,8,16,38,21,13
"2922","G0293","G0293_02","inactive",4,6,1,6,2,4,5,5
"2923","G0293","G0293_03","inactive",12,24,5,14,11,11,7,13
"2924","G0293","G0293_04","inactive",13,26,17,20,20,21,23,33
"2925","G0293","G0293_05","inactive",8,14,9,7,15,17,7,11
"2926","G0293","G0293_06","inactive",13,20,24,24,18,14,15,25
"2927","G0293","G0293_07","inactive",23,38,29,22,31,30,41,23
"2928","G0293","G0293_08","inactive",9,15,21,10,20,13,19,7
"2929","G0293","G0293_09","inactive",8,13,6,6,16,14,2,5
"2930","G0293","G0293_10","inactive",27,54,39,19,38,35,34,18
"2931","G0294","G0294_01","increasing",4,7,6,2,14,10,9,6
"2932","G0294","G0294_02","increasing",4,8,6,2,8,20,12,7
"2933","G0294","G0294_03","increasing",6,35,11,7,36,54,19,14
"2934","G0294","G0294_04","increasing",3,4,4,4,15,12,7,5
"2935","G0294","G0294_05","increasing",0,9,2,4,4,8,4,5
"2936","G0294","G0294_06","increasing",1,5,6,4,10,11,9,6
"2937","G0294","G0294_07","increasing",3,4,6,4,8,6,16,10
"2938","G0294","G0294_08","increasing",3,8,6,11,14,11,18,12
"2939","G0294","G0294_09","increasing",8,24,9,11,37,23,21,11
"2940","G0294","G0294_10","increasing",0,6,1,0,3,4,9,4
"2941","G0295","G0295_01","inactive",8,8,14,11,16,9,18,8
"2942","G0295","G0295_02","inactive",24,15,19,20,26,17,26,16
"2943","G0295","G0295_03","inactive",26,64,38,26,36,41,40,36
"2944","G0295","G0295_04","inactive",9,22,17,1,22,13,12,10
"2945","G0295","G0295_05","inactive",32,34,36,19,41,28,33,29
"2946","G0295","G0295_06","inactive",13,19,14,10,16,27,23,11
"2947","G0295","G0295_07","inactive",10,17,11,10,13,12,10,9
"2948","G0295","G0295_08","inactive",7,2,4,9,5,3,6,4
"2949","G0295","G0295_09","inactive",3,8,6,8,11,14,2,9
"2950","G0295","G0295_10","inactive",3,1,3,2,4,2,4,0
"2951","G0296","G0296_01","inactive",17,19,24,21,26,18,10,13
"2952","G0296","G0296_02","inactive",1,8,4,6,6,4,6,9
"2953","G0296","G0296_03","inactive",2,12,3,13,8,17,4,12
"2954","G0296","G0296_04","inactive",4,27,5,13,7,16,9,7
"2955","G0296","G0296_05","inactive",4,6,2,3,5,6,4,2
"2956","G0296","G0296_06","inactive",3,12,10,8,10,12,9,7
"2957","G0296","G0296_07","inactive",3,4,8,2,4,3,6,4
"2958","G0296","G0296_08","inactive",2,9,5,13,4,7,3,6
"2959","G0296","G0296_09","inactive",13,20,25,23,19,21,13,12
"2960","G0296","G0296_10","inactive",1,12,4,1,2,7,7,5
"2961","G0297","G0297_01","inactive",4,0,4,0,14,2,6,3
"2962","G0297","G0297_02","inactive",6,10,3,10,16,11,2,7
"2963","G0297","G0297_03","inactive",10,15,18,5,20,10,16,10
"2964","G0297","G0297_04","inactive",12,19,15,9,16,18,12,9
"2965","G0297","G0297_05","inactive",2,9,3,1,9,9,7,3
"2966","G0297","G0297_06","inactive",2,4,4,2,6,14,6,0
"2967","G0297","G0297_07","inactive",6,18,3,7,9,11,11,3
"2968","G0297","G0297_08","inactive",10,18,6,12,16,12,10,10
"2969","G0297","G0297_09","inactive",4,13,8,3,5,8,9,7
"2970","G0297","G0297_10","inactive",4,7,7,6,8,6,13,6
"2971","G0298","G0298_01","inactive",16,27,27,23,34,17,19,18
"2972","G0298","G0298_02","inactive",2,4,8,6,2,3,8,6
"2973","G0298","G0298_03","inactive",7,9,4,4,6,2,4,5
"2974","G0298","G0298_04","inactive",14,31,17,6,17,22,15,6
"2975","G0298","G0298_05","inactive",27,51,27,18,38,41,21,19
"2976","G0298","G0298_06","inactive",8,23,12,12,14,14,13,19
"2977","G0298","G0298_07","inactive",0,16,1,5,6,12,5,5
"2978","G0298","G0298_08","inactive",6,20,6,5,8,13,12,0
"2979","G0298","G0298_09","inactive",17,56,40,25,36,24,51,35
"2980","G0298","G0298_10","inactive",8,19,23,9,20,17,23,7
"2981","G0299","G0299_01","inactive",5,10,3,17,5,9,0,9
"2982","G0299","G0299_02","inactive",4,2,2,2,7,3,4,5
"2983","G0299","G0299_03","inactive",1,1,1,7,3,5,4,5
"2984","G0299","G0299_04","inactive",15,21,10,10,19,20,11,9
"2985","G0299","G0299_05","inactive",6,12,13,5,9,13,5,10
"2986","G0299","G0299_06","inactive",5,11,7,7,3,10,8,8
"2987","G0299","G0299_07","inactive",4,1,3,5,3,1,3,4
"2988","G0299","G0299_08","inactive",2,5,6,5,3,5,5,1
"2989","G0299","G0299_09","inactive",4,21,3,8,9,16,10,9
"2990","G0299","G0299_10","inactive",3,6,7,7,3,8,7,4
"2991","G0300","G0300_01","inactive",6,8,20,5,11,13,3,6
"2992","G0300","G0300_02","inactive",3,11,3,2,1,7,3,4
"2993","G0300","G0300_03","inactive",7,19,5,7,10,14,5,5
"2994","G0300","G0300_04","inactive",13,27,2,8,23,14,10,16
"2995","G0300","G0300_05","inactive",9,13,6,10,8,6,0,5
"2996","G0300","G0300_06","inactive",7,10,6,12,6,11,8,22
"2997","G0300","G0300_07","inactive",4,26,5,18,17,14,5,11
"2998","G0300","G0300_08","inactive",15,41,27,24,12,24,29,28
"2999","G0300","G0300_09","inactive",0,3,2,0,3,2,3,0
"3000","G0300","G0300_10","inactive",6,10,10,3,14,7,5,13
"3001","G0301","G0301_01","inactive",23,59,40,21,24,33,34,33
"3002","G0301","G0301_02","inactive",12,25,13,10,13,25,27,5
"3003","G0301","G0301_03","inactive",3,7,0,0,4,4,0,0
"3004","G0301","G0301_04","inactive",6,20,11,8,8,10,11,15
"3005","G0301","G0301_05","inactive",4,2,5,3,7,2,6,4
"3006","G0301","G0301_06","inactive",8,8,19,10,23,4,11,3
"3007","G0301","G0301_07","inactive",16,24,24,18,32,20,30,25
"3008","G0301","G0301_08","inactive",9,11,11,4,10,10,17,10
"3009","G0301","G0301_09","inactive",20,36,28,22,35,25,25,15
"3010","G0301","G0301_10","inactive",2,1,3,5,1,5,13,7
"3011","G0302","G0302_01","increasing",2,3,4,2,9,10,5,3
"3012","G0302","G0302_02","increasing",0,6,4,7,12,5,9,11
"3013","G0302","G0302_03","increasing",4,12,10,5,14,9,10,7
"3014","G0302","G0302_04","increasing",0,15,7,4,11,19,10,13
"3015","G0302","G0302_05","increasing",4,7,3,2,1,6,3,5
"3016","G0302","G0302_06","increasing",1,8,1,4,1,12,2,1
"3017","G0302","G0302_07","increasing",4,16,19,7,13,30,33,19
"3018","G0302","G0302_08","increasing",4,12,5,6,14,9,21,21
"3019","G0302","G0302_09","increasing",11,18,6,2,12,20,4,6
"3020","G0302","G0302_10","increasing",2,7,6,10,32,16,21,10
"3021","G0303","G0303_01","inactive",4,5,3,2,7,10,4,4
"3022","G0303","G0303_02","inactive",3,18,17,4,13,10,16,6
"3023","G0303","G0303_03","inactive",23,27,9,8,23,22,23,11
"3024","G0303","G0303_04","inactive",13,15,13,5,20,14,18,8
"3025","G0303","G0303_05","inactive",0,0,1,1,2,3,3,1
"3026","G0303","G0303_06","inactive",8,7,8,6,10,7,6,6
"3027","G0303","G0303_07","inactive",5,6,1,2,7,10,2,3
"3028","G0303","G0303_08","inactive",15,27,13,11,14,13,8,15
"3029","G0303","G0303_09","inactive",6,19,9,4,13,10,17,16
"3030","G0303","G0303_10","inactive",4,3,8,3,3,3,13,3
"3031","G0304","G0304_01","inactive",23,36,19,14,35,20,21,17
"3032","G0304","G0304_02","inactive",2,17,9,11,6,17,12,8
"3033","G0304","G0304_03","inactive",21,55,25,26,29,34,31,31
"3034","G0304","G0304_04","inactive",6,12,6,4,11,5,11,3
"3035","G0304","G0304_05","inactive",2,8,5,1,5,4,3,2
"3036","G0304","G0304_06","inactive",1,1,2,1,3,1,0,4
"3037","G0304","G0304_07","inactive",3,12,17,14,11,15,12,17
"3038","G0304","G0304_08","inactive",6,16,13,19,11,14,24,16
"3039","G0304","G0304_09","inactive",2,14,9,8,4,13,4,16
"3040","G0304","G0304_10","inactive",5,8,3,5,11,8,6,5
"3041","G0305","G0305_01","inactive",15,15,15,13,15,23,25,8
"3042","G0305","G0305_02","inactive",17,14,15,4,21,16,18,7
"3043","G0305","G0305_03","inactive",3,7,11,7,5,9,9,3
"3044","G0305","G0305_04","inactive",2,7,2,4,4,8,5,5
"3045","G0305","G0305_05","inactive",5,5,10,6,7,11,10,7
"3046","G0305","G0305_06","inactive",8,19,11,17,17,21,10,5
"3047","G0305","G0305_07","inactive",21,42,32,14,27,43,26,17
"3048","G0305","G0305_08","inactive",4,2,6,0,0,6,2,3
"3049","G0305","G0305_09","inactive",1,15,9,7,8,6,8,5
"3050","G0305","G0305_10","inactive",7,10,9,8,12,6,13,10
"3051","G0306","G0306_01","inactive",15,20,14,8,17,16,18,12
"3052","G0306","G0306_02","inactive",1,4,6,2,4,4,6,3
"3053","G0306","G0306_03","inactive",17,48,34,22,35,34,40,23
"3054","G0306","G0306_04","inactive",5,5,11,3,9,3,7,7
"3055","G0306","G0306_05","inactive",28,42,13,23,27,36,21,13
"3056","G0306","G0306_06","inactive",8,11,5,4,6,4,6,8
"3057","G0306","G0306_07","inactive",1,5,5,4,9,8,13,4
"3058","G0306","G0306_08","inactive",14,17,7,9,14,18,9,7
"3059","G0306","G0306_09","inactive",4,3,0,7,12,3,6,2
"3060","G0306","G0306_10","inactive",3,11,5,7,3,5,5,9
"3061","G0307","G0307_01","inactive",1,3,1,1,3,2,0,0
"3062","G0307","G0307_02","inactive",15,11,10,5,14,7,14,12
"3063","G0307","G0307_03","inactive",15,27,19,13,25,17,24,11
"3064","G0307","G0307_04","inactive",10,15,15,9,10,12,20,10
"3065","G0307","G0307_05","inactive",4,10,11,10,8,16,8,14
"3066","G0307","G0307_06","inactive",20,37,27,23,26,29,27,22
"3067","G0307","G0307_07","inactive",3,4,0,7,3,6,0,2
"3068","G0307","G0307_08","inactive",20,40,25,25,18,28,20,22
"3069","G0307","G0307_09","inactive",4,6,1,1,11,3,5,5
"3070","G0307","G0307_10","inactive",3,2,2,1,1,0,0,1
"3071","G0308","G0308_01","inactive",9,3,5,3,3,4,5,2
"3072","G0308","G0308_02","inactive",2,4,4,1,2,2,1,2
"3073","G0308","G0308_03","inactive",1,9,6,4,0,10,3,2
"3074","G0308","G0308_04","inactive",13,18,22,12,22,23,22,16
"3075","G0308","G0308_05","inactive",11,36,15,10,15,30,14,15
"3076","G0308","G0308_06","inactive",6,5,5,3,4,3,7,8
"3077","G0308","G0308_07","inactive",7,12,16,9,5,8,10,3
"3078","G0308","G0308_08","inactive",1,3,3,2,4,1,2,1
"3079","G0308","G0308_09","inactive",18,14,6,7,16,16,11,16
"3080","G0308","G0308_10","inactive",9,9,9,0,13,8,4,11
"3081","G0309","G0309_01","inactive",3,6,0,3,2,0,1,0
"3082","G0309","G0309_02","inactive",3,7,7,3,11,3,12,2
"3083","G0309","G0309_03","inactive",13,33,17,10,15,26,16,10
"3084","G0309","G0309_04","inactive",0,3,3,5,3,9,1,0
"3085","G0309","G0309_05","inactive",3,6,6,5,10,7,8,3
"3086","G0309","G0309_06","inactive",6,2,4,3,6,1,5,1
"3087","G0309","G0309_07","inactive",6,5,6,3,4,7,3,2
"3088","G0309","G0309_08","inactive",3,9,4,7,5,8,2,5
"3089","G0309","G0309_09","inactive",10,16,9,9,10,9,10,10
"3090","G0309","G0309_10","inactive",10,18,18,11,7,14,17,9
"3091","G0310","G0310_01","inactive",5,5,11,3,16,6,5,6
"3092","G0310","G0310_02","inactive",6,18,7,1,7,10,6,3
"3093","G0310","G0310_03","inactive",9,10,6,6,9,9,6,12
"3094","G0310","G0310_04","inactive",7,5,6,10,9,7,7,5
"3095","G0310","G0310_05","inactive",5,16,8,10,15,15,8,9
"3096","G0310","G0310_06","inactive",2,3,5,3,6,10,6,3
"3097","G0310","G0310_07","inactive",54,111,76,64,92,84,77,71
"3098","G0310","G0310_08","inactive",8,14,19,1,16,12,25,8
"3099","G0310","G0310_09","inactive",5,10,8,3,12,8,10,4
"3100","G0310","G0310_10","inactive",31,86,56,57,71,61,48,49
"3101","G0311","G0311_01","inactive",3,24,11,22,12,11,17,18
"3102","G0311","G0311_02","inactive",2,6,1,1,1,1,3,5
"3103","G0311","G0311_03","inactive",7,10,9,8,7,11,5,8
"3104","G0311","G0311_04","inactive",2,20,11,5,0,12,9,4
"3105","G0311","G0311_05","inactive",8,16,7,7,6,13,8,9
"3106","G0311","G0311_06","inactive",15,19,3,6,12,9,9,3
"3107","G0311","G0311_07","inactive",9,5,16,4,11,2,15,11
"3108","G0311","G0311_08","inactive",6,9,10,7,14,10,9,0
"3109","G0311","G0311_09","inactive",15,21,26,18,19,17,24,25
"3110","G0311","G0311_10","inactive",2,0,0,3,3,2,3,0
"3111","G0312","G0312_01","inactive",17,29,30,14,28,38,14,12
"3112","G0312","G0312_02","inactive",2,4,4,0,1,3,3,2
"3113","G0312","G0312_03","inactive",7,9,3,4,10,6,4,3
"3114","G0312","G0312_04","inactive",2,4,3,1,7,4,1,0
"3115","G0312","G0312_05","inactive",6,10,1,3,5,6,2,7
"3116","G0312","G0312_06","inactive",7,12,12,11,7,15,11,5
"3117","G0312","G0312_07","inactive",10,12,6,7,17,6,12,11
"3118","G0312","G0312_08","inactive",7,14,4,8,5,5,6,5
"3119","G0312","G0312_09","inactive",8,20,11,13,17,19,24,27
"3120","G0312","G0312_10","inactive",2,18,24,7,10,10,13,12
"3121","G0313","G0313_01","inactive",2,20,5,3,9,12,8,6
"3122","G0313","G0313_02","inactive",7,2,6,4,13,8,6,6
"3123","G0313","G0313_03","inactive",6,14,8,7,9,11,7,10
"3124","G0313","G0313_04","inactive",5,20,5,3,5,8,3,6
"3125","G0313","G0313_05","inactive",3,1,4,3,3,2,3,2
"3126","G0313","G0313_06","inactive",5,14,14,3,13,11,7,7
"3127","G0313","G0313_07","inactive",28,43,22,31,31,41,26,31
"3128","G0313","G0313_08","inactive",1,2,2,1,5,3,2,4
"3129","G0313","G0313_09","inactive",19,35,22,20,35,21,19,16
"3130","G0313","G0313_10","inactive",7,9,5,5,17,3,6,9
"3131","G0314","G0314_01","negcontrol",2,2,8,1,5,3,4,2
"3132","G0314","G0314_02","negcontrol",1,5,6,4,6,4,9,5
"3133","G0314","G0314_03","negcontrol",9,12,12,15,10,8,16,15
"3134","G0314","G0314_04","negcontrol",2,14,12,9,7,13,17,11
"3135","G0314","G0314_05","negcontrol",15,8,8,5,20,7,8,8
"3136","G0314","G0314_06","negcontrol",15,9,6,12,25,10,4,11
"3137","G0314","G0314_07","negcontrol",5,10,7,7,6,8,5,7
"3138","G0314","G0314_08","negcontrol",3,13,2,2,9,10,5,4
"3139","G0314","G0314_09","negcontrol",12,16,9,15,4,20,16,16
"3140","G0314","G0314_10","negcontrol",13,22,9,10,21,25,22,11
"3141","G0315","G0315_01","inactive",7,17,11,11,8,10,7,8
"3142","G0315","G0315_02","inactive",1,10,2,3,12,12,11,4
"3143","G0315","G0315_03","inactive",9,0,3,4,7,1,5,1
"3144","G0315","G0315_04","inactive",3,1,0,1,4,4,3,0
"3145","G0315","G0315_05","inactive",5,9,16,3,5,12,5,8
"3146","G0315","G0315_06","inactive",2,6,5,5,5,6,7,4
"3147","G0315","G0315_07","inactive",5,18,9,16,11,18,20,16
"3148","G0315","G0315_08","inactive",7,15,11,10,22,8,14,1
"3149","G0315","G0315_09","inactive",11,10,8,3,14,5,12,5
"3150","G0315","G0315_10","inactive",3,6,6,12,1,1,7,2
"3151","G0316","G0316_01","inactive",21,32,23,20,14,28,25,22
"3152","G0316","G0316_02","inactive",12,28,13,16,17,18,13,16
"3153","G0316","G0316_03","inactive",12,28,19,7,27,19,17,10
"3154","G0316","G0316_04","inactive",6,8,7,5,12,5,5,4
"3155","G0316","G0316_05","inactive",20,42,21,31,15,47,22,29
"3156","G0316","G0316_06","inactive",7,10,5,8,7,6,5,5
"3157","G0316","G0316_07","inactive",17,28,11,6,17,18,9,13
"3158","G0316","G0316_08","inactive",10,24,8,14,11,10,7,12
"3159","G0316","G0316_09","inactive",3,15,10,3,2,4,9,4
"3160","G0316","G0316_10","inactive",17,10,22,18,27,5,31,10
"3161","G0317","G0317_01","inactive",2,7,4,0,4,3,8,0
"3162","G0317","G0317_02","inactive",3,6,3,1,11,2,1,1
"3163","G0317","G0317_03","inactive",3,6,11,10,8,1,8,11
"3164","G0317","G0317_04","inactive",6,23,11,12,10,26,13,11
"3165","G0317","G0317_05","inactive",5,37,17,8,21,19,14,9
"3166","G0317","G0317_06","inactive",10,22,28,11,11,28,16,22
"3167","G0317","G0317_07","inactive",4,11,13,12,10,12,13,5
"3168","G0317","G0317_08","inactive",12,26,9,1,15,24,8,6
"3169","G0317","G0317_09","inactive",9,13,11,13,1,9,9,8
"3170","G0317","G0317_10","inactive",8,11,4,4,10,9,4,4
"3171","G0318","G0318_01","inactive",3,19,8,7,8,14,10,6
"3172","G0318","G0318_02","inactive",3,4,11,5,5,9,18,6
"3173","G0318","G0318_03","inactive",1,0,4,1,2,0,2,2
"3174","G0318","G0318_04","inactive",7,18,11,9,14,13,12,9
"3175","G0318","G0318_05","inactive",2,5,1,1,2,3,0,1
"3176","G0318","G0318_06","inactive",7,13,7,7,8,23,8,10
"3177","G0318","G0318_07","inactive",0,2,0,0,0,3,1,2
"3178","G0318","G0318_08","inactive",7,13,8,10,8,7,10,11
"3179","G0318","G0318_09","inactive",2,4,3,1,10,5,8,4
"3180","G0318","G0318_10","inactive",4,6,3,6,8,19,4,1
"3181","G0319","G0319_01","inactive",5,17,4,4,14,15,7,3
"3182","G0319","G0319_02","inactive",2,18,11,19,6,12,2,14
"3183","G0319","G0319_03","inactive",10,19,12,15,8,18,10,27
"3184","G0319","G0319_04","inactive",2,11,5,2,8,11,5,2
"3185","G0319","G0319_05","inactive",10,15,5,13,23,12,11,15
"3186","G0319","G0319_06","inactive",4,4,5,13,10,8,10,11
"3187","G0319","G0319_07","inactive",1,6,8,5,3,1,2,5
"3188","G0319","G0319_08","inactive",10,32,26,22,28,22,23,22
"3189","G0319","G0319_09","inactive",1,11,3,3,4,5,5,4
"3190","G0319","G0319_10","inactive",4,22,3,3,7,14,6,7
"3191","G0320","G0320_01","inactive",33,30,26,28,45,38,42,25
"3192","G0320","G0320_02","inactive",3,9,13,4,5,11,10,15
"3193","G0320","G0320_03","inactive",5,3,11,4,4,1,6,5
"3194","G0320","G0320_04","inactive",12,23,20,16,15,20,15,14
"3195","G0320","G0320_05","inactive",10,25,19,12,16,15,24,7
"3196","G0320","G0320_06","inactive",4,12,9,8,7,8,8,6
"3197","G0320","G0320_07","inactive",1,3,1,1,0,0,2,1
"3198","G0320","G0320_08","inactive",1,3,2,14,6,6,3,5
"3199","G0320","G0320_09","inactive",2,10,12,3,2,7,6,8
"3200","G0320","G0320_10","inactive",21,15,19,15,17,19,25,9
"3201","G0321","G0321_01","inactive",7,11,6,4,5,5,5,5
"3202","G0321","G0321_02","inactive",8,6,6,2,6,5,4,6
"3203","G0321","G0321_03","inactive",23,60,25,24,28,26,25,28
"3204","G0321","G0321_04","inactive",11,18,9,11,10,13,13,15
"3205","G0321","G0321_05","inactive",14,17,14,11,13,18,17,13
"3206","G0321","G0321_06","inactive",6,2,8,4,8,6,7,5
"3207","G0321","G0321_07","inactive",2,3,7,3,9,6,2,6
"3208","G0321","G0321_08","inactive",0,8,5,13,4,5,4,5
"3209","G0321","G0321_09","inactive",1,7,17,1,2,3,7,4
"3210","G0321","G0321_10","inactive",6,14,8,8,13,14,11,3
"3211","G0322","G0322_01","inactive",8,18,15,9,12,11,6,14
"3212","G0322","G0322_02","inactive",12,32,29,22,26,24,38,21
"3213","G0322","G0322_03","inactive",16,32,17,4,34,24,16,11
"3214","G0322","G0322_04","inactive",28,26,39,27,33,34,34,16
"3215","G0322","G0322_05","inactive",5,1,0,1,10,1,0,0
"3216","G0322","G0322_06","inactive",2,15,11,9,9,17,11,17
"3217","G0322","G0322_07","inactive",7,15,8,6,12,13,15,10
"3218","G0322","G0322_08","inactive",11,17,23,13,22,16,27,7
"3219","G0322","G0322_09","inactive",1,26,14,13,16,12,16,10
"3220","G0322","G0322_10","inactive",4,2,0,0,4,2,0,4
"3221","G0323","G0323_01","inactive",1,18,5,8,8,11,10,6
"3222","G0323","G0323_02","inactive",6,11,11,1,7,13,8,1
"3223","G0323","G0323_03","inactive",11,20,23,12,22,26,38,20
"3224","G0323","G0323_04","inactive",7,10,13,8,12,16,8,6
"3225","G0323","G0323_05","inactive",5,5,8,3,6,3,3,8
"3226","G0323","G0323_06","inactive",20,39,14,20,20,16,21,23
"3227","G0323","G0323_07","inactive",12,14,1,11,15,5,6,15
"3228","G0323","G0323_08","inactive",11,36,23,17,29,26,17,14
"3229","G0323","G0323_09","inactive",2,15,6,6,5,5,7,6
"3230","G0323","G0323_10","inactive",2,7,4,4,6,1,7,4
"3231","G0324","G0324_01","negcontrol",5,8,0,9,4,7,6,8
"3232","G0324","G0324_02","negcontrol",7,8,12,3,9,8,10,6
"3233","G0324","G0324_03","negcontrol",15,44,22,16,28,23,22,16
"3234","G0324","G0324_04","negcontrol",2,1,1,2,4,0,4,10
"3235","G0324","G0324_05","negcontrol",0,1,5,9,0,3,6,8
"3236","G0324","G0324_06","negcontrol",7,8,10,6,9,8,7,6
"3237","G0324","G0324_07","negcontrol",2,8,10,10,4,7,11,6
"3238","G0324","G0324_08","negcontrol",8,14,12,15,8,14,20,12
"3239","G0324","G0324_09","negcontrol",9,24,12,6,11,11,11,12
"3240","G0324","G0324_10","negcontrol",2,7,8,8,8,9,3,8
"3241","G0325","G0325_01","decreasing",1,7,7,3,1,7,5,2
"3242","G0325","G0325_02","decreasing",12,23,22,12,11,6,15,5
"3243","G0325","G0325_03","decreasing",1,8,5,4,7,4,1,6
"3244","G0325","G0325_04","decreasing",1,2,4,2,4,2,2,2
"3245","G0325","G0325_05","decreasing",19,24,21,7,15,18,24,14
"3246","G0325","G0325_06","decreasing",5,9,5,5,5,1,6,5
"3247","G0325","G0325_07","decreasing",7,17,16,7,7,12,6,7
"3248","G0325","G0325_08","decreasing",20,27,29,14,28,16,22,13
"3249","G0325","G0325_09","decreasing",12,22,24,20,7,10,9,13
"3250","G0325","G0325_10","decreasing",1,5,14,5,5,3,5,3
"3251","G0326","G0326_01","inactive",14,30,23,17,25,21,32,21
"3252","G0326","G0326_02","inactive",3,7,2,1,3,1,0,4
"3253","G0326","G0326_03","inactive",4,1,7,2,4,3,8,2
"3254","G0326","G0326_04","inactive",0,1,3,4,1,4,1,2
"3255","G0326","G0326_05","inactive",27,52,42,32,38,33,29,27
"3256","G0326","G0326_06","inactive",4,12,3,3,6,3,3,6
"3257","G0326","G0326_07","inactive",1,2,0,2,0,1,1,2
"3258","G0326","G0326_08","inactive",8,13,5,7,15,13,9,14
"3259","G0326","G0326_09","inactive",6,19,2,4,14,10,8,5
"3260","G0326","G0326_10","inactive",12,51,29,17,13,35,35,16
"3261","G0327","G0327_01","inactive",14,23,15,12,21,17,22,6
"3262","G0327","G0327_02","inactive",1,2,2,3,0,2,2,2
"3263","G0327","G0327_03","inactive",3,8,15,12,7,4,23,6
"3264","G0327","G0327_04","inactive",14,24,9,3,16,33,15,8
"3265","G0327","G0327_05","inactive",9,32,19,15,26,22,23,17
"3266","G0327","G0327_06","inactive",8,26,6,9,12,12,12,15
"3267","G0327","G0327_07","inactive",8,14,6,3,6,14,15,2
"3268","G0327","G0327_08","inactive",5,6,6,4,4,2,6,11
"3269","G0327","G0327_09","inactive",46,91,81,65,74,75,73,65
"3270","G0327","G0327_10","inactive",4,12,5,14,8,9,16,5
"3271","G0328","G0328_01","inactive",6,15,14,17,9,4,14,11
"3272","G0328","G0328_02","inactive",0,2,3,0,4,3,1,0
"3273","G0328","G0328_03","inactive",3,5,1,6,7,9,2,7
"3274","G0328","G0328_04","inactive",9,23,15,6,24,16,11,22
"3275","G0328","G0328_05","inactive",12,33,21,13,29,23,27,27
"3276","G0328","G0328_06","inactive",1,4,3,2,1,8,2,1
"3277","G0328","G0328_07","inactive",19,46,35,20,45,36,28,23
"3278","G0328","G0328_08","inactive",6,8,6,9,4,10,13,7
"3279","G0328","G0328_09","inactive",2,10,11,10,1,8,9,6
"3280","G0328","G0328_10","inactive",3,5,5,7,5,1,3,3
"3281","G0329","G0329_01","decreasing",24,41,36,26,26,15,23,16
"3282","G0329","G0329_02","decreasing",3,7,7,5,7,0,8,7
"3283","G0329","G0329_03","decreasing",10,33,27,14,13,21,15,16
"3284","G0329","G0329_04","decreasing",6,18,18,9,2,5,13,5
"3285","G0329","G0329_05","decreasing",14,16,21,11,19,9,11,7
"3286","G0329","G0329_06","decreasing",2,5,0,0,3,3,1,3
"3287","G0329","G0329_07","decreasing",7,12,4,4,3,5,1,6
"3288","G0329","G0329_08","decreasing",5,18,16,19,5,11,11,6
"3289","G0329","G0329_09","decreasing",43,100,56,22,40,39,31,13
"3290","G0329","G0329_10","decreasing",16,30,25,21,12,11,16,13
"3291","G0330","G0330_01","inactive",6,16,4,12,5,9,2,6
"3292","G0330","G0330_02","inactive",1,0,2,0,2,4,8,2
"3293","G0330","G0330_03","inactive",5,4,14,6,10,4,10,5
"3294","G0330","G0330_04","inactive",3,11,5,5,8,15,10,4
"3295","G0330","G0330_05","inactive",7,11,18,11,16,21,12,14
"3296","G0330","G0330_06","inactive",0,11,9,4,13,10,7,5
"3297","G0330","G0330_07","inactive",1,11,1,5,1,7,3,3
"3298","G0330","G0330_08","inactive",5,21,14,12,11,8,12,12
"3299","G0330","G0330_09","inactive",3,12,3,11,10,9,10,7
"3300","G0330","G0330_10","inactive",8,20,13,16,24,19,6,5
"3301","G0331","G0331_01","inactive",6,16,6,7,7,5,10,4
"3302","G0331","G0331_02","inactive",3,14,3,12,9,4,7,23
"3303","G0331","G0331_03","inactive",10,36,15,14,17,16,12,8
"3304","G0331","G0331_04","inactive",11,25,16,19,13,15,12,20
"3305","G0331","G0331_05","inactive",4,9,2,3,15,7,1,4
"3306","G0331","G0331_06","inactive",2,6,6,2,7,4,7,5
"3307","G0331","G0331_07","inactive",8,43,18,13,19,31,18,16
"3308","G0331","G0331_08","inactive",10,8,4,8,13,4,6,8
"3309","G0331","G0331_09","inactive",0,7,3,7,6,8,6,6
"3310","G0331","G0331_10","inactive",10,13,12,6,9,12,14,11
"3311","G0332","G0332_01","inactive",13,14,7,7,11,13,13,8
"3312","G0332","G0332_02","inactive",6,7,5,5,7,6,9,9
"3313","G0332","G0332_03","inactive",5,21,9,5,6,10,13,7
"3314","G0332","G0332_04","inactive",6,13,9,6,6,8,15,3
"3315","G0332","G0332_05","inactive",3,3,1,4,3,9,3,2
"3316","G0332","G0332_06","inactive",10,19,26,9,27,32,15,15
"3317","G0332","G0332_07","inactive",19,54,32,31,38,41,32,36
"3318","G0332","G0332_08","inactive",28,38,30,14,36,31,28,36
"3319","G0332","G0332_09","inactive",9,17,17,16,18,8,7,16
"3320","G0332","G0332_10","inactive",1,8,3,3,3,6,3,5
"3321","G0333","G0333_01","inactive",9,26,18,13,13,26,16,24
"3322","G0333","G0333_02","inactive",4,7,14,4,8,11,18,4
"3323","G0333","G0333_03","inactive",5,14,8,6,16,26,11,7
"3324","G0333","G0333_04","inactive",14,16,15,15,17,18,14,15
"3325","G0333","G0333_05","inactive",2,6,1,3,7,6,2,8
"3326","G0333","G0333_06","inactive",4,30,8,13,7,12,9,11
"3327","G0333","G0333_07","inactive",2,6,4,9,6,3,4,4
"3328","G0333","G0333_08","inactive",5,12,15,4,8,8,16,8
"3329","G0333","G0333_09","inactive",7,14,12,9,11,9,10,3
"3330","G0333","G0333_10","inactive",0,4,5,0,5,3,3,3
"3331","G0334","G0334_01","inactive",2,5,4,11,8,6,9,3
"3332","G0334","G0334_02","inactive",22,44,35,18,40,29,22,19
"3333","G0334","G0334_03","inactive",10,27,11,15,24,23,16,21
"3334","G0334","G0334_04","inactive",38,59,21,34,43,48,28,60
"3335","G0334","G0334_05","inactive",8,36,9,8,16,21,17,7
"3336","G0334","G0334_06","inactive",3,16,7,14,5,11,7,7
"3337","G0334","G0334_07","inactive",3,11,12,7,10,4,11,3
"3338","G0334","G0334_08","inactive",1,3,4,1,3,5,4,0
"3339","G0334","G0334_09","inactive",1,0,2,1,2,0,5,1
"3340","G0334","G0334_10","inactive",5,13,6,8,9,8,8,9
"3341","G0335","G0335_01","inactive",1,1,6,4,2,5,6,4
"3342","G0335","G0335_02","inactive",2,5,9,9,7,3,9,9
"3343","G0335","G0335_03","inactive",6,32,21,15,11,25,15,10
"3344","G0335","G0335_04","inactive",3,8,5,8,7,6,5,9
"3345","G0335","G0335_05","inactive",9,32,13,11,21,31,18,14
"3346","G0335","G0335_06","inactive",3,4,6,2,4,6,2,3
"3347","G0335","G0335_07","inactive",3,4,0,5,0,1,4,2
"3348","G0335","G0335_08","inactive",11,7,8,10,16,3,13,8
"3349","G0335","G0335_09","inactive",13,21,17,10,27,18,23,19
"3350","G0335","G0335_10","inactive",14,18,13,9,21,17,11,13
"3351","G0336","G0336_01","inactive",5,15,7,11,17,8,9,23
"3352","G0336","G0336_02","inactive",12,40,17,13,17,23,16,9
"3353","G0336","G0336_03","inactive",7,23,11,12,15,26,17,16
"3354","G0336","G0336_04","inactive",4,6,3,4,6,7,1,2
"3355","G0336","G0336_05","inactive",12,16,16,13,13,13,17,20
"3356","G0336","G0336_06","inactive",4,4,13,10,9,14,11,3
"3357","G0336","G0336_07","inactive",7,15,11,12,9,8,16,11
"3358","G0336","G0336_08","inactive",2,7,0,7,10,8,7,7
"3359","G0336","G0336_09","inactive",16,28,9,11,10,24,20,7
"3360","G0336","G0336_10","inactive",7,7,7,1,4,7,10,5
"3361","G0337","G0337_01","inactive",1,9,5,3,9,21,6,5
"3362","G0337","G0337_02","inactive",9,8,4,12,17,17,9,6
"3363","G0337","G0337_03","inactive",0,8,3,1,0,5,4,1
"3364","G0337","G0337_04","inactive",10,20,11,7,12,15,9,5
"3365","G0337","G0337_05","inactive",3,22,7,14,9,10,17,8
"3366","G0337","G0337_06","inactive",18,37,16,11,22,25,16,17
"3367","G0337","G0337_07","inactive",11,4,1,3,9,13,4,4
"3368","G0337","G0337_08","inactive",5,7,12,5,9,8,8,5
"3369","G0337","G0337_09","inactive",3,6,0,1,7,10,1,0
"3370","G0337","G0337_10","inactive",3,10,16,4,5,3,19,9
"3371","G0338","G0338_01","inactive",2,2,3,6,6,8,2,2
"3372","G0338","G0338_02","inactive",7,14,14,3,15,5,6,2
"3373","G0338","G0338_03","inactive",7,9,13,3,8,2,12,1
"3374","G0338","G0338_04","inactive",7,6,8,3,6,6,8,16
"3375","G0338","G0338_05","inactive",0,1,1,2,2,0,2,6
"3376","G0338","G0338_06","inactive",2,7,4,9,9,5,9,8
"3377","G0338","G0338_07","inactive",2,10,3,1,5,8,3,8
"3378","G0338","G0338_08","inactive",1,0,2,5,5,5,3,3
"3379","G0338","G0338_09","inactive",0,6,4,4,2,6,3,5
"3380","G0338","G0338_10","inactive",5,11,7,5,17,15,9,6
"3381","G0339","G0339_01","inactive",3,5,7,1,11,12,6,3
"3382","G0339","G0339_02","inactive",8,6,6,4,15,7,10,12
"3383","G0339","G0339_03","inactive",6,27,13,9,8,11,17,11
"3384","G0339","G0339_04","inactive",3,10,10,6,6,11,6,7
"3385","G0339","G0339_05","inactive",4,4,2,7,5,1,0,7
"3386","G0339","G0339_06","inactive",20,48,28,27,29,30,29,25
"3387","G0339","G0339_07","inactive",9,21,21,11,22,31,24,14
"3388","G0339","G0339_08","inactive",17,27,12,14,15,24,4,30
"3389","G0339","G0339_09","inactive",2,16,2,7,0,8,3,4
"3390","G0339","G0339_10","inactive",11,23,23,22,18,14,28,16
"3391","G0340","G0340_01","increasing",7,21,9,8,3,15,11,11
"3392","G0340","G0340_02","increasing",10,57,30,22,35,47,29,19
"3393","G0340","G0340_03","increasing",3,12,5,7,12,4,14,8
"3394","G0340","G0340_04","increasing",17,50,23,24,53,64,37,32
"3395","G0340","G0340_05","increasing",4,13,14,18,12,3,14,7
"3396","G0340","G0340_06","increasing",3,4,3,5,7,6,8,9
"3397","G0340","G0340_07","increasing",5,6,7,9,13,13,5,11
"3398","G0340","G0340_08","increasing",14,35,31,20,30,33,27,31
"3399","G0340","G0340_09","increasing",15,36,21,25,20,34,47,34
"3400","G0340","G0340_10","increasing",10,16,5,14,29,24,9,15
"3401","G0341","G0341_01","negcontrol",5,22,17,10,21,16,14,14
"3402","G0341","G0341_02","negcontrol",10,10,4,3,12,4,5,4
"3403","G0341","G0341_03","negcontrol",7,15,16,7,17,18,19,7
"3404","G0341","G0341_04","negcontrol",11,21,5,5,8,11,5,2
"3405","G0341","G0341_05","negcontrol",2,3,2,2,3,3,7,1
"3406","G0341","G0341_06","negcontrol",10,24,13,11,17,14,26,21
"3407","G0341","G0341_07","negcontrol",7,10,8,8,6,9,1,4
"3408","G0341","G0341_08","negcontrol",9,17,10,8,17,14,6,6
"3409","G0341","G0341_09","negcontrol",13,14,10,9,28,11,12,6
"3410","G0341","G0341_10","negcontrol",10,22,11,9,11,21,12,13
"3411","G0342","G0342_01","inactive",6,18,7,8,5,16,11,8
"3412","G0342","G0342_02","inactive",5,23,9,6,15,13,6,5
"3413","G0342","G0342_03","inactive",7,13,7,5,7,15,13,4
"3414","G0342","G0342_04","inactive",4,19,10,2,12,15,6,7
"3415","G0342","G0342_05","inactive",19,23,14,21,23,26,14,9
"3416","G0342","G0342_06","inactive",0,4,4,8,1,4,5,3
"3417","G0342","G0342_07","inactive",5,10,4,2,1,6,4,7
"3418","G0342","G0342_08","inactive",4,12,6,4,7,2,8,4
"3419","G0342","G0342_09","inactive",2,5,5,1,2,2,3,2
"3420","G0342","G0342_10","inactive",8,7,17,3,12,8,13,2
"3421","G0343","G0343_01","decreasing",8,23,17,16,10,11,11,7
"3422","G0343","G0343_02","decreasing",7,19,13,5,6,10,4,8
"3423","G0343","G0343_03","decreasing",10,17,11,16,22,16,9,11
"3424","G0343","G0343_04","decreasing",5,20,5,11,3,5,7,8
"3425","G0343","G0343_05","decreasing",3,5,5,4,4,5,1,4
"3426","G0343","G0343_06","decreasing",5,9,11,10,10,8,9,9
"3427","G0343","G0343_07","decreasing",9,6,3,5,4,8,8,3
"3428","G0343","G0343_08","decreasing",2,8,2,0,0,2,0,0
"3429","G0343","G0343_09","decreasing",2,8,7,6,2,4,6,2
"3430","G0343","G0343_10","decreasing",5,6,3,6,11,1,3,4
"3431","G0344","G0344_01","inactive",3,5,4,0,1,2,4,3
"3432","G0344","G0344_02","inactive",8,9,4,5,10,8,7,9
"3433","G0344","G0344_03","inactive",4,12,10,12,8,7,14,21
"3434","G0344","G0344_04","inactive",2,2,0,3,6,3,4,4
"3435","G0344","G0344_05","inactive",8,8,9,3,14,7,6,6
"3436","G0344","G0344_06","inactive",4,10,8,8,6,9,13,10
"3437","G0344","G0344_07","inactive",1,9,5,4,1,5,4,5
"3438","G0344","G0344_08","inactive",5,6,4,14,10,1,3,7
"3439","G0344","G0344_09","inactive",5,8,10,7,8,5,5,2
"3440","G0344","G0344_10","inactive",11,26,16,15,25,22,19,17
"3441","G0345","G0345_01","inactive",7,18,17,17,12,25,21,16
"3442","G0345","G0345_02","inactive",1,10,2,1,9,1,4,2
"3443","G0345","G0345_03","inactive",4,24,9,7,6,16,7,3
"3444","G0345","G0345_04","inactive",12,26,19,12,33,21,23,21
"3445","G0345","G0345_05","inactive",19,43,25,16,27,27,23,23
"3446","G0345","G0345_06","inactive",1,6,4,5,2,8,3,1
"3447","G0345","G0345_07","inactive",13,32,20,6,16,26,15,14
"3448","G0345","G0345_08","inactive",10,15,15,9,9,14,10,6
"3449","G0345","G0345_09","inactive",9,17,14,10,17,11,14,9
"3450","G0345","G0345_10","inactive",10,10,3,4,13,8,0,6
"3451","G0346","G0346_01","inactive",3,14,2,4,6,6,1,4
"3452","G0346","G0346_02","inactive",19,52,24,26,36,46,30,35
"3453","G0346","G0346_03","inactive",4,10,2,5,5,5,4,4
"3454","G0346","G0346_04","inactive",0,9,10,1,8,6,6,4
"3455","G0346","G0346_05","inactive",5,17,8,8,6,7,15,8
"3456","G0346","G0346_06","inactive",2,36,11,16,10,27,17,16
"3457","G0346","G0346_07","inactive",4,14,4,0,6,3,5,4
"3458","G0346","G0346_08","inactive",3,15,7,14,14,11,14,15
"3459","G0346","G0346_09","inactive",2,8,7,4,3,6,6,2
"3460","G0346","G0346_10","inactive",0,12,6,3,13,10,5,6
"3461","G0347","G0347_01","inactive",0,3,2,0,6,0,1,1
"3462","G0347","G0347_02","inactive",3,6,2,1,1,4,0,1
"3463","G0347","G0347_03","inactive",9,42,26,19,18,22,18,19
"3464","G0347","G0347_04","inactive",14,38,19,11,16,25,19,17
"3465","G0347","G0347_05","inactive",12,16,10,12,12,16,20,15
"3466","G0347","G0347_06","inactive",11,30,28,21,17,35,18,16
"3467","G0347","G0347_07","inactive",2,1,1,0,3,0,2,3
"3468","G0347","G0347_08","inactive",5,13,8,6,5,11,14,8
"3469","G0347","G0347_09","inactive",7,11,9,9,15,6,9,15
"3470","G0347","G0347_10","inactive",9,19,13,7,11,16,16,12
"3471","G0348","G0348_01","inactive",6,16,4,2,8,7,9,3
"3472","G0348","G0348_02","inactive",0,14,6,4,8,12,2,3
"3473","G0348","G0348_03","inactive",3,14,10,8,4,12,9,11
"3474","G0348","G0348_04","inactive",1,15,8,7,2,6,7,4
"3475","G0348","G0348_05","inactive",14,22,10,7,14,16,20,9
"3476","G0348","G0348_06","inactive",6,2,7,6,13,5,6,8
"3477","G0348","G0348_07","inactive",0,1,2,2,1,1,4,1
"3478","G0348","G0348_08","inactive",2,18,10,8,13,16,16,11
"3479","G0348","G0348_09","inactive",7,11,6,5,5,7,5,6
"3480","G0348","G0348_10","inactive",1,4,7,2,3,2,2,7
"3481","G0349","G0349_01","inactive",4,15,8,5,8,13,7,3
"3482","G0349","G0349_02","inactive",3,8,4,1,4,4,3,5
"3483","G0349","G0349_03","inactive",5,11,5,8,2,7,6,2
"3484","G0349","G0349_04","inactive",18,15,31,13,32,22,23,18
"3485","G0349","G0349_05","inactive",20,26,16,11,22,21,19,9
"3486","G0349","G0349_06","inactive",7,14,3,6,13,11,8,3
"3487","G0349","G0349_07","inactive",4,15,6,2,5,7,15,1
"3488","G0349","G0349_08","inactive",4,3,6,5,11,6,3,7
"3489","G0349","G0349_09","inactive",5,12,8,7,10,5,7,7
"3490","G0349","G0349_10","inactive",6,9,16,11,15,15,5,11
"3491","G0350","G0350_01","inactive",8,13,10,13,6,18,7,9
"3492","G0350","G0350_02","inactive",5,25,2,12,4,9,6,2
"3493","G0350","G0350_03","inactive",7,11,10,8,5,5,8,4
"3494","G0350","G0350_04","inactive",3,6,3,3,5,5,2,2
"3495","G0350","G0350_05","inactive",16,42,26,17,19,19,28,35
"3496","G0350","G0350_06","inactive",21,33,11,16,20,23,18,16
"3497","G0350","G0350_07","inactive",11,19,4,9,9,24,12,9
"3498","G0350","G0350_08","inactive",4,16,0,3,5,12,2,7
"3499","G0350","G0350_09","inactive",6,9,2,5,10,13,1,4
"3500","G0350","G0350_10","inactive",3,10,2,5,5,1,3,8
"3501","G0351","G0351_01","inactive",4,12,3,4,14,12,3,4
"3502","G0351","G0351_02","inactive",11,19,15,5,11,14,23,8
"3503","G0351","G0351_03","inactive",8,8,8,11,6,10,10,11
"3504","G0351","G0351_04","inactive",5,12,5,7,5,3,3,6
"3505","G0351","G0351_05","inactive",12,18,14,7,12,17,22,8
"3506","G0351","G0351_06","inactive",1,2,0,1,3,3,2,7
"3507","G0351","G0351_07","inactive",5,13,6,11,4,4,3,11
"3508","G0351","G0351_08","inactive",29,26,48,23,35,33,43,30
"3509","G0351","G0351_09","inactive",0,15,1,2,2,3,3,4
"3510","G0351","G0351_10","inactive",9,9,27,12,12,10,22,19
"3511","G0352","G0352_01","inactive",7,16,5,12,10,8,6,13
"3512","G0352","G0352_02","inactive",2,11,1,2,2,5,0,1
"3513","G0352","G0352_03","inactive",3,4,6,5,9,5,7,2
"3514","G0352","G0352_04","inactive",6,28,15,16,19,19,12,26
"3515","G0352","G0352_05","inactive",16,20,17,10,27,29,5,16
"3516","G0352","G0352_06","inactive",13,37,14,16,15,30,15,10
"3517","G0352","G0352_07","inactive",2,5,8,3,6,8,10,6
"3518","G0352","G0352_08","inactive",2,2,11,14,7,5,17,14
"3519","G0352","G0352_09","inactive",7,2,6,5,4,3,1,6
"3520","G0352","G0352_10","inactive",8,27,9,15,19,30,13,20
"3521","G0353","G0353_01","inactive",5,23,11,13,19,27,13,14
"3522","G0353","G0353_02","inactive",10,23,11,10,15,12,13,12
"3523","G0353","G0353_03","inactive",16,5,15,5,22,5,20,4
"3524","G0353","G0353_04","inactive",2,2,3,0,2,1,2,0
"3525","G0353","G0353_05","inactive",5,14,15,6,21,14,14,9
"3526","G0353","G0353_06","inactive",6,13,5,7,14,6,4,1
"3527","G0353","G0353_07","inactive",2,11,11,6,10,11,4,6
"3528","G0353","G0353_08","inactive",3,2,2,1,5,3,3,9
"3529","G0353","G0353_09","inactive",3,0,5,1,3,0,0,1
"3530","G0353","G0353_10","inactive",6,15,4,4,6,10,2,4
"3531","G0354","G0354_01","inactive",5,0,6,4,6,1,2,2
"3532","G0354","G0354_02","inactive",15,26,6,5,11,21,12,7
"3533","G0354","G0354_03","inactive",18,1,10,3,16,5,11,6
"3534","G0354","G0354_04","inactive",11,18,12,17,15,19,15,18
"3535","G0354","G0354_05","inactive",2,4,1,3,7,4,2,1
"3536","G0354","G0354_06","inactive",2,1,4,3,9,0,1,2
"3537","G0354","G0354_07","inactive",11,14,10,10,11,7,10,15
"3538","G0354","G0354_08","inactive",3,12,6,7,14,15,13,6
"3539","G0354","G0354_09","inactive",1,11,2,4,2,6,5,6
"3540","G0354","G0354_10","inactive",7,17,17,9,10,11,12,10
"3541","G0355","G0355_01","inactive",16,21,35,22,20,14,25,25
"3542","G0355","G0355_02","inactive",1,14,6,9,6,7,7,7
"3543","G0355","G0355_03","inactive",11,22,6,10,13,17,9,8
"3544","G0355","G0355_04","inactive",3,8,8,11,5,5,4,8
"3545","G0355","G0355_05","inactive",2,6,3,0,7,1,1,2
"3546","G0355","G0355_06","inactive",3,16,14,16,3,15,12,10
"3547","G0355","G0355_07","inactive",7,21,15,6,14,28,10,8
"3548","G0355","G0355_08","inactive",11,29,7,20,15,20,8,12
"3549","G0355","G0355_09","inactive",0,8,1,0,4,5,1,1
"3550","G0355","G0355_10","inactive",26,34,27,28,50,29,30,35
"3551","G0356","G0356_01","inactive",1,6,2,3,4,8,3,1
"3552","G0356","G0356_02","inactive",5,11,17,5,10,8,12,10
"3553","G0356","G0356_03","inactive",2,4,8,3,8,3,11,8
"3554","G0356","G0356_04","inactive",15,47,31,22,31,30,23,28
"3555","G0356","G0356_05","inactive",0,2,0,4,0,0,0,8
"3556","G0356","G0356_06","inactive",8,9,13,13,23,14,12,4
"3557","G0356","G0356_07","inactive",1,9,11,5,7,4,16,4
"3558","G0356","G0356_08","inactive",11,19,17,8,15,15,10,7
"3559","G0356","G0356_09","inactive",0,3,0,4,1,3,1,5
"3560","G0356","G0356_10","inactive",42,77,55,46,73,78,47,52
"3561","G0357","G0357_01","inactive",3,4,5,2,2,9,5,2
"3562","G0357","G0357_02","inactive",18,35,16,16,22,10,30,24
"3563","G0357","G0357_03","inactive",10,22,11,15,17,14,16,11
"3564","G0357","G0357_04","inactive",4,4,6,2,5,4,5,3
"3565","G0357","G0357_05","inactive",9,25,14,15,11,17,19,6
"3566","G0357","G0357_06","inactive",7,23,13,2,10,14,24,5
"3567","G0357","G0357_07","inactive",1,9,9,3,6,4,2,3
"3568","G0357","G0357_08","inactive",10,7,9,8,9,11,11,7
"3569","G0357","G0357_09","inactive",0,9,7,8,1,6,3,5
"3570","G0357","G0357_10","inactive",13,16,15,18,14,20,14,14
"3571","G0358","G0358_01","inactive",0,10,7,0,4,7,15,2
"3572","G0358","G0358_02","inactive",29,65,33,35,46,41,33,31
"3573","G0358","G0358_03","inactive",2,5,7,5,12,3,8,4
"3574","G0358","G0358_04","inactive",10,12,8,9,17,11,10,7
"3575","G0358","G0358_05","inactive",9,7,11,7,8,4,9,8
"3576","G0358","G0358_06","inactive",10,33,16,26,12,24,16,13
"3577","G0358","G0358_07","inactive",6,18,12,5,8,11,6,7
"3578","G0358","G0358_08","inactive",4,2,8,5,7,2,6,5
"3579","G0358","G0358_09","inactive",7,26,16,15,13,21,14,19
"3580","G0358","G0358_10","inactive",4,3,5,3,0,5,3,5
"3581","G0359","G0359_01","inactive",7,14,7,8,9,11,12,5
"3582","G0359","G0359_02","inactive",1,3,6,1,6,1,4,2
"3583","G0359","G0359_03","inactive",3,8,2,9,4,11,4,4
"3584","G0359","G0359_04","inactive",29,55,46,41,53,38,32,26
"3585","G0359","G0359_05","inactive",29,36,29,25,38,44,31,21
"3586","G0359","G0359_06","inactive",11,15,11,7,7,12,8,10
"3587","G0359","G0359_07","inactive",2,11,15,8,11,7,13,12
"3588","G0359","G0359_08","inactive",15,35,28,15,32,31,29,12
"3589","G0359","G0359_09","inactive",4,16,4,2,10,19,5,5
"3590","G0359","G0359_10","inactive",4,25,9,0,8,16,8,5
"3591","G0360","G0360_01","decreasing",4,14,5,16,8,5,7,5
"3592","G0360","G0360_02","decreasing",25,56,29,29,18,19,16,26
"3593","G0360","G0360_03","decreasing",2,6,3,9,4,1,0,0
"3594","G0360","G0360_04","decreasing",17,20,18,16,5,8,10,12
"3595","G0360","G0360_05","decreasing",18,53,21,33,22,23,16,19
"3596","G0360","G0360_06","decreasing",10,10,8,5,11,7,4,6
"3597","G0360","G0360_07","decreasing",3,20,11,6,2,13,8,7
"3598","G0360","G0360_08","decreasing",12,15,8,6,8,10,6,3
"3599","G0360","G0360_09","decreasing",21,37,33,6,16,8,15,3
"3600","G0360","G0360_10","decreasing",9,13,12,12,3,10,10,9
"3601","G0361","G0361_01","negcontrol",14,18,13,9,21,19,11,10
"3602","G0361","G0361_02","negcontrol",15,29,17,16,29,22,17,21
"3603","G0361","G0361_03","negcontrol",3,16,12,7,12,10,6,16
"3604","G0361","G0361_04","negcontrol",4,0,5,4,6,1,11,5
"3605","G0361","G0361_05","negcontrol",0,7,3,7,7,7,4,4
"3606","G0361","G0361_06","negcontrol",17,24,18,8,21,18,21,12
"3607","G0361","G0361_07","negcontrol",1,4,4,1,0,0,1,2
"3608","G0361","G0361_08","negcontrol",8,13,13,5,9,8,28,7
"3609","G0361","G0361_09","negcontrol",1,7,8,3,12,2,8,6
"3610","G0361","G0361_10","negcontrol",5,20,5,10,8,12,10,6
"3611","G0362","G0362_01","inactive",11,32,27,16,18,26,27,19
"3612","G0362","G0362_02","inactive",1,3,2,3,0,2,2,1
"3613","G0362","G0362_03","inactive",5,9,14,16,18,10,16,12
"3614","G0362","G0362_04","inactive",0,2,2,2,0,4,1,3
"3615","G0362","G0362_05","inactive",5,6,5,10,9,6,6,3
"3616","G0362","G0362_06","inactive",11,28,17,16,19,33,34,31
"3617","G0362","G0362_07","inactive",11,7,1,1,7,3,4,7
"3618","G0362","G0362_08","inactive",11,27,27,18,22,27,32,12
"3619","G0362","G0362_09","inactive",16,37,27,22,12,34,30,17
"3620","G0362","G0362_10","inactive",5,7,7,4,11,10,16,5
"3621","G0363","G0363_01","increasing",4,6,3,0,9,4,9,2
"3622","G0363","G0363_02","increasing",6,3,2,3,9,5,2,3
"3623","G0363","G0363_03","increasing",14,27,22,12,41,45,39,42
"3624","G0363","G0363_04","increasing",3,5,8,3,6,8,11,4
"3625","G0363","G0363_05","increasing",6,6,9,2,16,20,17,9
"3626","G0363","G0363_06","increasing",3,7,9,5,15,16,19,10
"3627","G0363","G0363_07","increasing",5,12,11,8,10,12,8,10
"3628","G0363","G0363_08","increasing",3,10,7,10,8,16,19,13
"3629","G0363","G0363_09","increasing",6,4,11,7,9,3,15,11
"3630","G0363","G0363_10","increasing",1,1,6,1,6,12,8,6
"3631","G0364","G0364_01","inactive",2,4,4,5,7,5,5,9
"3632","G0364","G0364_02","inactive",14,18,28,28,30,22,20,19
"3633","G0364","G0364_03","inactive",7,15,3,6,10,11,3,11
"3634","G0364","G0364_04","inactive",7,5,11,10,3,9,7,5
"3635","G0364","G0364_05","inactive",7,19,17,21,13,14,15,9
"3636","G0364","G0364_06","inactive",2,2,0,5,2,2,1,0
"3637","G0364","G0364_07","inactive",5,3,0,1,5,3,0,3
"3638","G0364","G0364_08","inactive",2,4,5,7,11,4,6,2
"3639","G0364","G0364_09","inactive",6,10,4,6,8,8,2,7
"3640","G0364","G0364_10","inactive",9,16,3,11,8,14,5,5
"3641","G0365","G0365_01","negcontrol",1,18,7,7,5,11,4,7
"3642","G0365","G0365_02","negcontrol",15,30,29,17,26,20,30,22
"3643","G0365","G0365_03","negcontrol",10,20,10,7,11,18,24,11
"3644","G0365","G0365_04","negcontrol",10,37,9,10,9,14,10,14
"3645","G0365","G0365_05","negcontrol",0,3,2,2,3,1,0,1
"3646","G0365","G0365_06","negcontrol",3,2,4,3,4,0,1,1
"3647","G0365","G0365_07","negcontrol",23,21,35,32,43,26,34,21
"3648","G0365","G0365_08","negcontrol",7,12,7,8,14,12,5,12
"3649","G0365","G0365_09","negcontrol",8,4,6,6,13,9,14,12
"3650","G0365","G0365_10","negcontrol",3,7,3,2,6,2,6,1
"3651","G0366","G0366_01","inactive",4,12,7,13,6,17,13,9
"3652","G0366","G0366_02","inactive",5,22,15,5,6,10,12,4
"3653","G0366","G0366_03","inactive",1,2,2,0,6,4,0,0
"3654","G0366","G0366_04","inactive",24,41,32,23,28,26,36,42
"3655","G0366","G0366_05","inactive",9,7,11,7,14,3,7,0
"3656","G0366","G0366_06","inactive",4,6,6,2,5,5,15,1
"3657","G0366","G0366_07","inactive",10,20,19,12,22,23,14,12
"3658","G0366","G0366_08","inactive",9,20,6,5,12,5,11,12
"3659","G0366","G0366_09","inactive",7,19,13,12,14,10,15,10
"3660","G0366","G0366_10","inactive",8,5,5,0,10,7,10,5
"3661","G0367","G0367_01","increasing",5,15,7,8,16,18,9,16
"3662","G0367","G0367_02","increasing",1,3,11,5,0,3,17,11
"3663","G0367","G0367_03","increasing",16,47,16,34,54,63,36,62
"3664","G0367","G0367_04","increasing",19,27,24,14,47,45,25,20
"3665","G0367","G0367_05","increasing",0,5,3,4,6,5,2,1
"3666","G0367","G0367_06","increasing",15,48,20,18,26,38,44,22
"3667","G0367","G0367_07","increasing",12,22,6,10,22,29,14,15
"3668","G0367","G0367_08","increasing",4,9,4,3,9,3,6,3
"3669","G0367","G0367_09","increasing",23,36,13,22,48,40,51,44
"3670","G0367","G0367_10","increasing",3,5,5,2,17,15,5,7
"3671","G0368","G0368_01","inactive",16,22,18,18,25,22,25,24
"3672","G0368","G0368_02","inactive",12,19,8,8,14,18,5,17
"3673","G0368","G0368_03","inactive",11,19,16,11,16,19,22,12
"3674","G0368","G0368_04","inactive",2,15,12,5,6,7,13,7
"3675","G0368","G0368_05","inactive",10,12,6,6,13,13,10,8
"3676","G0368","G0368_06","inactive",31,38,31,19,41,47,41,32
"3677","G0368","G0368_07","inactive",1,6,6,6,6,5,7,5
"3678","G0368","G0368_08","inactive",24,17,12,6,28,7,16,11
"3679","G0368","G0368_09","inactive",1,2,6,1,5,3,4,1
"3680","G0368","G0368_10","inactive",12,18,8,6,23,8,16,12
"3681","G0369","G0369_01","inactive",3,14,14,8,16,12,12,14
"3682","G0369","G0369_02","inactive",5,5,2,4,0,1,8,5
"3683","G0369","G0369_03","inactive",3,10,7,5,4,6,6,7
"3684","G0369","G0369_04","inactive",6,17,15,10,16,8,13,11
"3685","G0369","G0369_05","inactive",7,41,15,10,8,34,20,16
"3686","G0369","G0369_06","inactive",5,10,0,7,8,6,9,5
"3687","G0369","G0369_07","inactive",2,5,2,1,3,4,2,3
"3688","G0369","G0369_08","inactive",3,8,4,4,5,6,6,8
"3689","G0369","G0369_09","inactive",6,21,11,17,22,17,21,12
"3690","G0369","G0369_10","inactive",36,46,29,17,57,39,39,25
"3691","G0370","G0370_01","inactive",25,36,42,37,42,47,35,37
"3692","G0370","G0370_02","inactive",2,3,13,6,4,8,6,3
"3693","G0370","G0370_03","inactive",4,10,4,7,12,10,4,4
"3694","G0370","G0370_04","inactive",13,27,15,9,24,18,19,12
"3695","G0370","G0370_05","inactive",4,9,21,3,18,9,15,5
"3696","G0370","G0370_06","inactive",5,35,12,8,13,18,10,5
"3697","G0370","G0370_07","inactive",5,15,1,2,6,12,2,7
"3698","G0370","G0370_08","inactive",3,3,2,6,3,1,6,5
"3699","G0370","G0370_09","inactive",29,76,45,36,33,58,49,49
"3700","G0370","G0370_10","inactive",14,27,23,17,24,25,24,22
"3701","G0371","G0371_01","inactive",7,36,22,15,17,18,11,12
"3702","G0371","G0371_02","inactive",14,32,27,25,30,26,28,32
"3703","G0371","G0371_03","inactive",24,27,16,15,28,25,16,14
"3704","G0371","G0371_04","inactive",14,21,18,17,23,25,21,16
"3705","G0371","G0371_05","inactive",8,17,10,3,11,10,11,4
"3706","G0371","G0371_06","inactive",13,18,21,8,19,13,17,17
"3707","G0371","G0371_07","inactive",4,6,3,6,6,2,8,5
"3708","G0371","G0371_08","inactive",3,3,4,6,4,8,6,2
"3709","G0371","G0371_09","inactive",10,13,11,9,8,10,9,8
"3710","G0371","G0371_10","inactive",4,3,9,1,1,7,9,5
"3711","G0372","G0372_01","inactive",11,17,21,22,15,14,19,17
"3712","G0372","G0372_02","inactive",3,2,0,2,2,0,5,4
"3713","G0372","G0372_03","inactive",3,5,1,2,4,1,3,3
"3714","G0372","G0372_04","inactive",2,8,8,2,7,4,7,5
"3715","G0372","G0372_05","inactive",5,7,10,12,14,6,8,14
"3716","G0372","G0372_06","inactive",8,17,13,9,22,14,10,14
"3717","G0372","G0372_07","inactive",8,32,21,13,27,20,21,17
"3718","G0372","G0372_08","inactive",6,24,20,10,24,18,20,11
"3719","G0372","G0372_09","inactive",9,17,8,5,13,12,11,6
"3720","G0372","G0372_10","inactive",3,6,7,4,8,3,9,1
"3721","G0373","G0373_01","inactive",11,10,18,14,17,16,14,11
"3722","G0373","G0373_02","inactive",1,5,5,6,1,3,4,2
"3723","G0373","G0373_03","inactive",5,20,6,15,15,14,4,8
"3724","G0373","G0373_04","inactive",11,23,8,16,23,22,17,13
"3725","G0373","G0373_05","inactive",23,19,5,7,10,12,6,12
"3726","G0373","G0373_06","inactive",2,12,12,7,5,14,3,9
"3727","G0373","G0373_07","inactive",3,1,4,2,2,2,3,1
"3728","G0373","G0373_08","inactive",32,69,44,38,43,69,54,32
"3729","G0373","G0373_09","inactive",10,14,4,8,13,8,11,14
"3730","G0373","G0373_10","inactive",10,11,8,8,10,18,10,8
"3731","G0374","G0374_01","inactive",5,24,9,2,22,15,10,3
"3732","G0374","G0374_02","inactive",6,14,11,12,5,12,13,8
"3733","G0374","G0374_03","inactive",0,4,1,0,3,3,1,1
"3734","G0374","G0374_04","inactive",1,4,0,6,4,5,5,0
"3735","G0374","G0374_05","inactive",5,18,10,7,12,11,11,12
"3736","G0374","G0374_06","inactive",19,37,22,13,16,28,22,9
"3737","G0374","G0374_07","inactive",2,8,0,6,1,6,6,2
"3738","G0374","G0374_08","inactive",8,17,11,10,13,12,11,7
"3739","G0374","G0374_09","inactive",6,16,4,13,6,9,8,7
"3740","G0374","G0374_10","inactive",10,17,5,4,12,10,13,9
"3741","G0375","G0375_01","inactive",24,31,15,25,27,43,18,26
"3742","G0375","G0375_02","inactive",11,20,21,13,23,16,17,18
"3743","G0375","G0375_03","inactive",5,10,8,5,8,8,7,4
"3744","G0375","G0375_04","inactive",2,13,4,4,8,5,4,3
"3745","G0375","G0375_05","inactive",3,3,7,1,3,6,2,1
"3746","G0375","G0375_06","inactive",11,11,2,6,8,4,8,10
"3747","G0375","G0375_07","inactive",7,26,14,8,17,20,24,10
"3748","G0375","G0375_08","inactive",9,12,10,20,27,10,8,20
"3749","G0375","G0375_09","inactive",6,13,10,14,13,18,13,13
"3750","G0375","G0375_10","inactive",9,10,10,16,15,9,10,5
"3751","G0376","G0376_01","inactive",20,55,26,41,41,29,24,39
"3752","G0376","G0376_02","inactive",4,22,15,4,4,15,13,6
"3753","G0376","G0376_03","inactive",6,7,9,2,8,12,9,8
"3754","G0376","G0376_04","inactive",14,16,10,17,20,12,17,19
"3755","G0376","G0376_05","inactive",3,17,4,6,13,11,2,5
"3756","G0376","G0376_06","inactive",22,34,18,16,30,21,32,28
"3757","G0376","G0376_07","inactive",4,16,6,4,1,3,3,7
"3758","G0376","G0376_08","inactive",5,19,10,5,12,11,14,6
"3759","G0376","G0376_09","inactive",10,17,9,9,16,26,17,13
"3760","G0376","G0376_10","inactive",7,16,10,5,6,11,8,15
"3761","G0377","G0377_01","increasing",1,6,3,2,2,3,1,1
"3762","G0377","G0377_02","increasing",10,27,10,10,31,39,19,24
"3763","G0377","G0377_03","increasing",3,4,2,0,2,7,4,3
"3764","G0377","G0377_04","increasing",1,2,2,1,5,5,3,0
"3765","G0377","G0377_05","increasing",1,6,8,2,11,14,21,4
"3766","G0377","G0377_06","increasing",2,15,3,5,7,7,7,11
"3767","G0377","G0377_07","increasing",2,3,1,10,9,14,8,11
"3768","G0377","G0377_08","increasing",3,20,10,8,22,26,14,19
"3769","G0377","G0377_09","increasing",3,4,6,8,11,14,8,4
"3770","G0377","G0377_10","increasing",6,14,10,6,24,18,17,11
"3771","G0378","G0378_01","increasing",8,12,7,4,10,10,9,12
"3772","G0378","G0378_02","increasing",11,21,12,18,9,10,20,9
"3773","G0378","G0378_03","increasing",2,16,8,3,10,15,13,7
"3774","G0378","G0378_04","increasing",1,4,12,4,12,8,6,13
"3775","G0378","G0378_05","increasing",14,22,7,18,24,31,31,32
"3776","G0378","G0378_06","increasing",2,1,2,4,5,5,4,7
"3777","G0378","G0378_07","increasing",2,7,3,10,13,12,11,12
"3778","G0378","G0378_08","increasing",3,4,4,5,4,11,10,7
"3779","G0378","G0378_09","increasing",9,6,6,2,17,11,12,10
"3780","G0378","G0378_10","increasing",3,6,1,7,3,4,4,7
"3781","G0379","G0379_01","negcontrol",5,4,6,2,8,3,8,7
"3782","G0379","G0379_02","negcontrol",18,27,28,16,19,20,25,13
"3783","G0379","G0379_03","negcontrol",2,7,5,7,5,5,3,2
"3784","G0379","G0379_04","negcontrol",4,11,14,10,6,7,7,5
"3785","G0379","G0379_05","negcontrol",3,11,7,7,13,13,6,6
"3786","G0379","G0379_06","negcontrol",7,18,9,15,21,8,10,19
"3787","G0379","G0379_07","negcontrol",13,6,13,4,16,5,13,10
"3788","G0379","G0379_08","negcontrol",5,15,10,10,10,7,13,11
"3789","G0379","G0379_09","negcontrol",2,2,4,4,3,4,6,3
"3790","G0379","G0379_10","negcontrol",6,18,11,7,22,10,7,9
"3791","G0380","G0380_01","inactive",16,14,10,14,18,17,10,18
"3792","G0380","G0380_02","inactive",6,2,7,6,7,3,13,4
"3793","G0380","G0380_03","inactive",3,6,4,1,4,5,5,3
"3794","G0380","G0380_04","inactive",14,14,13,6,11,14,19,3
"3795","G0380","G0380_05","inactive",2,9,1,5,4,6,2,3
"3796","G0380","G0380_06","inactive",16,44,18,36,26,34,32,25
"3797","G0380","G0380_07","inactive",14,24,8,17,20,14,20,16
"3798","G0380","G0380_08","inactive",45,77,64,75,50,65,61,63
"3799","G0380","G0380_09","inactive",9,16,5,9,10,20,11,12
"3800","G0380","G0380_10","inactive",31,49,40,25,30,33,47,27
"3801","G0381","G0381_01","inactive",4,8,5,10,5,5,7,6
"3802","G0381","G0381_02","inactive",7,15,10,6,8,5,17,8
"3803","G0381","G0381_03","inactive",13,56,29,41,32,36,30,32
"3804","G0381","G0381_04","inactive",6,27,22,12,21,12,23,10
"3805","G0381","G0381_05","inactive",0,7,3,1,3,2,2,0
"3806","G0381","G0381_06","inactive",8,11,4,12,12,20,6,15
"3807","G0381","G0381_07","inactive",7,27,11,8,11,24,9,11
"3808","G0381","G0381_08","inactive",7,18,6,5,17,14,10,3
"3809","G0381","G0381_09","inactive",2,5,5,0,2,5,6,2
"3810","G0381","G0381_10","inactive",11,9,6,14,11,14,12,5
"3811","G0382","G0382_01","inactive",6,2,5,10,9,5,8,9
"3812","G0382","G0382_02","inactive",0,8,3,2,4,6,3,1
"3813","G0382","G0382_03","inactive",3,13,9,2,8,9,8,3
"3814","G0382","G0382_04","inactive",6,14,10,5,11,8,5,4
"3815","G0382","G0382_05","inactive",6,15,2,9,7,10,9,14
"3816","G0382","G0382_06","inactive",10,31,16,25,20,25,13,36
"3817","G0382","G0382_07","inactive",3,8,4,6,2,6,1,5
"3818","G0382","G0382_08","inactive",7,12,8,5,12,11,14,8
"3819","G0382","G0382_09","inactive",18,41,23,13,28,36,20,30
"3820","G0382","G0382_10","inactive",4,6,4,8,8,8,5,9
"3821","G0383","G0383_01","negcontrol",7,6,5,9,9,1,3,11
"3822","G0383","G0383_02","negcontrol",8,19,12,7,9,13,19,9
"3823","G0383","G0383_03","negcontrol",5,10,8,5,10,13,8,6
"3824","G0383","G0383_04","negcontrol",9,20,5,13,11,10,5,9
"3825","G0383","G0383_05","negcontrol",17,25,19,15,14,22,14,8
"3826","G0383","G0383_06","negcontrol",6,16,8,8,9,14,12,6
"3827","G0383","G0383_07","negcontrol",3,20,3,6,3,13,1,1
"3828","G0383","G0383_08","negcontrol",5,10,4,4,8,6,6,10
"3829","G0383","G0383_09","negcontrol",10,40,18,25,20,24,29,31
"3830","G0383","G0383_10","negcontrol",6,17,8,4,12,5,10,7
"3831","G0384","G0384_01","inactive",15,10,15,5,7,15,20,11
"3832","G0384","G0384_02","inactive",10,10,17,10,14,7,7,11
"3833","G0384","G0384_03","inactive",10,15,12,3,21,7,4,1
"3834","G0384","G0384_04","inactive",8,24,9,10,13,22,14,12
"3835","G0384","G0384_05","inactive",4,15,6,10,9,17,6,9
"3836","G0384","G0384_06","inactive",3,9,5,4,1,16,1,7
"3837","G0384","G0384_07","inactive",10,22,12,17,19,19,14,15
"3838","G0384","G0384_08","inactive",0,8,3,9,5,5,4,7
"3839","G0384","G0384_09","inactive",10,17,9,4,13,7,14,10
"3840","G0384","G0384_10","inactive",32,61,30,23,49,45,41,28
"3841","G0385","G0385_01","inactive",18,18,23,6,15,11,20,15
"3842","G0385","G0385_02","inactive",12,13,11,5,17,25,5,14
"3843","G0385","G0385_03","inactive",8,12,4,10,17,4,13,7
"3844","G0385","G0385_04","inactive",2,13,4,6,2,9,7,11
"3845","G0385","G0385_05","inactive",1,1,1,3,1,0,7,1
"3846","G0385","G0385_06","inactive",9,20,5,14,6,13,9,19
"3847","G0385","G0385_07","inactive",1,9,4,5,3,1,8,3
"3848","G0385","G0385_08","inactive",1,5,6,0,3,9,6,1
"3849","G0385","G0385_09","inactive",10,14,5,6,4,9,5,4
"3850","G0385","G0385_10","inactive",7,12,13,8,13,15,15,12
"3851","G0386","G0386_01","inactive",5,9,7,7,11,8,8,8
"3852","G0386","G0386_02","inactive",1,9,3,1,2,6,5,2
"3853","G0386","G0386_03","inactive",9,16,11,9,19,11,12,10
"3854","G0386","G0386_04","inactive",4,6,4,6,6,11,4,5
"3855","G0386","G0386_05","inactive",13,25,9,17,22,25,21,13
"3856","G0386","G0386_06","inactive",6,7,6,6,10,9,13,14
"3857","G0386","G0386_07","inactive",7,23,15,12,18,20,9,15
"3858","G0386","G0386_08","inactive",6,12,9,5,13,9,7,7
"3859","G0386","G0386_09","inactive",10,10,6,10,15,6,18,9
"3860","G0386","G0386_10","inactive",5,2,6,4,6,5,8,7
"3861","G0387","G0387_01","inactive",0,1,1,1,0,1,1,2
"3862","G0387","G0387_02","inactive",2,0,2,1,5,0,2,1
"3863","G0387","G0387_03","inactive",7,11,13,8,9,10,9,6
"3864","G0387","G0387_04","inactive",6,2,3,3,5,5,9,4
"3865","G0387","G0387_05","inactive",4,21,15,11,11,15,24,10
"3866","G0387","G0387_06","inactive",31,59,35,19,39,52,27,29
"3867","G0387","G0387_07","inactive",2,2,2,3,3,4,5,1
"3868","G0387","G0387_08","inactive",4,14,3,2,6,14,4,6
"3869","G0387","G0387_09","inactive",3,7,4,5,5,5,4,3
"3870","G0387","G0387_10","inactive",29,46,34,33,50,34,29,36
"3871","G0388","G0388_01","decreasing",10,15,13,7,5,5,10,3
"3872","G0388","G0388_02","decreasing",0,7,4,8,0,3,4,1
"3873","G0388","G0388_03","decreasing",4,5,5,8,3,2,2,2
"3874","G0388","G0388_04","decreasing",6,7,12,11,12,4,3,5
"3875","G0388","G0388_05","decreasing",32,59,29,22,23,20,12,14
"3876","G0388","G0388_06","decreasing",5,12,6,4,6,9,2,2
"3877","G0388","G0388_07","decreasing",42,114,49,37,36,54,29,15
"3878","G0388","G0388_08","decreasing",3,8,5,3,1,1,1,2
"3879","G0388","G0388_09","decreasing",9,28,24,25,14,20,16,18
"3880","G0388","G0388_10","decreasing",6,6,3,6,5,3,0,2
"3881","G0389","G0389_01","inactive",3,17,9,7,8,6,8,9
"3882","G0389","G0389_02","inactive",5,7,8,7,11,19,3,9
"3883","G0389","G0389_03","inactive",2,10,3,3,5,5,3,8
"3884","G0389","G0389_04","inactive",8,6,7,10,7,11,10,12
"3885","G0389","G0389_05","inactive",3,8,3,2,10,3,5,1
"3886","G0389","G0389_06","inactive",9,6,13,7,7,6,15,4
"3887","G0389","G0389_07","inactive",5,12,4,8,6,10,6,8
"3888","G0389","G0389_08","inactive",9,10,10,7,7,16,11,6
"3889","G0389","G0389_09","inactive",2,13,14,5,14,11,14,4
"3890","G0389","G0389_10","inactive",6,11,9,7,22,8,9,9
"3891","G0390","G0390_01","inactive",9,15,9,16,19,21,17,18
"3892","G0390","G0390_02","inactive",0,2,2,5,2,1,2,1
"3893","G0390","G0390_03","inactive",4,17,8,8,10,8,9,7
"3894","G0390","G0390_04","inactive",3,9,9,1,2,3,7,0
"3895","G0390","G0390_05","inactive",7,2,7,7,6,5,7,4
"3896","G0390","G0390_06","inactive",3,3,1,6,4,6,0,4
"3897","G0390","G0390_07","inactive",13,17,18,16,26,14,14,13
"3898","G0390","G0390_08","inactive",39,76,41,35,61,55,47,43
"3899","G0390","G0390_09","inactive",3,4,2,3,5,2,6,5
"3900","G0390","G0390_10","inactive",15,3,7,2,23,6,10,10
"3901","G0391","G0391_01","inactive",8,10,3,6,6,13,12,7
"3902","G0391","G0391_02","inactive",14,18,8,8,10,9,12,13
"3903","G0391","G0391_03","inactive",9,18,11,7,17,18,15,14
"3904","G0391","G0391_04","inactive",29,62,25,17,54,34,41,20
"3905","G0391","G0391_05","inactive",4,7,1,7,4,6,3,10
"3906","G0391","G0391_06","inactive",12,8,4,4,9,13,11,5
"3907","G0391","G0391_07","inactive",1,3,1,4,3,1,2,2
"3908","G0391","G0391_08","inactive",19,36,38,21,34,27,34,19
"3909","G0391","G0391_09","inactive",2,1,0,0,4,2,0,3
"3910","G0391","G0391_10","inactive",2,8,11,3,9,5,14,3
"3911","G0392","G0392_01","inactive",4,6,2,7,11,3,4,5
"3912","G0392","G0392_02","inactive",6,7,4,12,6,10,5,11
"3913","G0392","G0392_03","inactive",13,17,10,10,18,15,13,18
"3914","G0392","G0392_04","inactive",3,11,1,1,3,6,4,1
"3915","G0392","G0392_05","inactive",7,36,15,17,17,24,22,14
"3916","G0392","G0392_06","inactive",1,2,2,1,6,2,4,2
"3917","G0392","G0392_07","inactive",0,4,4,0,6,6,10,1
"3918","G0392","G0392_08","inactive",11,12,9,22,21,7,10,16
"3919","G0392","G0392_09","inactive",1,4,8,0,3,5,2,2
"3920","G0392","G0392_10","inactive",1,13,9,5,7,7,7,4
"3921","G0393","G0393_01","inactive",8,19,1,3,11,15,8,3
"3922","G0393","G0393_02","inactive",3,6,4,4,6,5,7,3
"3923","G0393","G0393_03","inactive",12,20,12,14,21,18,5,13
"3924","G0393","G0393_04","inactive",28,56,27,35,40,41,35,41
"3925","G0393","G0393_05","inactive",24,44,31,34,27,38,27,25
"3926","G0393","G0393_06","inactive",8,3,5,1,8,3,5,7
"3927","G0393","G0393_07","inactive",3,12,10,8,10,8,10,5
"3928","G0393","G0393_08","inactive",2,13,6,8,10,20,7,8
"3929","G0393","G0393_09","inactive",4,13,6,5,9,8,1,5
"3930","G0393","G0393_10","inactive",15,19,8,5,13,8,16,5
"3931","G0394","G0394_01","inactive",12,22,10,15,10,11,14,10
"3932","G0394","G0394_02","inactive",2,7,9,7,14,8,10,5
"3933","G0394","G0394_03","inactive",1,10,2,3,0,6,2,4
"3934","G0394","G0394_04","inactive",8,14,5,5,3,29,9,10
"3935","G0394","G0394_05","inactive",10,12,23,8,10,6,33,8
"3936","G0394","G0394_06","inactive",2,3,0,1,1,2,3,1
"3937","G0394","G0394_07","inactive",36,94,48,37,65,73,45,44
"3938","G0394","G0394_08","inactive",7,8,10,10,4,7,12,3
"3939","G0394","G0394_09","inactive",13,16,20,20,11,16,22,20
"3940","G0394","G0394_10","inactive",2,7,6,6,11,7,11,7
"3941","G0395","G0395_01","inactive",0,9,1,4,2,7,0,0
"3942","G0395","G0395_02","inactive",39,37,31,34,37,31,38,34
"3943","G0395","G0395_03","inactive",3,11,2,7,4,11,5,4
"3944","G0395","G0395_04","inactive",6,15,11,1,9,5,4,9
"3945","G0395","G0395_05","inactive",13,16,7,13,14,13,5,10
"3946","G0395","G0395_06","inactive",7,25,12,9,14,13,14,15
"3947","G0395","G0395_07","inactive",13,25,19,6,22,22,17,6
"3948","G0395","G0395_08","inactive",8,26,11,8,15,24,20,15
"3949","G0395","G0395_09","inactive",14,43,28,17,32,21,25,26
"3950","G0395","G0395_10","inactive",2,3,9,9,6,3,10,9
"3951","G0396","G0396_01","inactive",8,9,11,4,6,11,7,6
"3952","G0396","G0396_02","inactive",12,37,19,15,24,19,18,14
"3953","G0396","G0396_03","inactive",9,20,13,15,11,22,11,21
"3954","G0396","G0396_04","inactive",1,6,6,2,3,7,6,4
"3955","G0396","G0396_05","inactive",8,20,13,2,16,9,9,7
"3956","G0396","G0396_06","inactive",3,10,11,7,11,12,9,6
"3957","G0396","G0396_07","inactive",3,14,7,4,6,8,7,6
"3958","G0396","G0396_08","inactive",5,17,7,14,7,11,10,21
"3959","G0396","G0396_09","inactive",1,3,9,3,4,6,0,8
"3960","G0396","G0396_10","inactive",7,8,2,3,5,3,2,6
"3961","G0397","G0397_01","inactive",1,4,1,3,2,4,2,1
"3962","G0397","G0397_02","inactive",34,52,43,51,41,44,32,45
"3963","G0397","G0397_03","inactive",4,12,4,10,6,5,4,8
"3964","G0397","G0397_04","inactive",11,30,13,13,13,19,4,14
"3965","G0397","G0397_05","inactive",18,39,20,43,34,46,30,24
"3966","G0397","G0397_06","inactive",8,18,5,6,5,6,9,4
"3967","G0397","G0397_07","inactive",4,6,9,5,3,13,10,3
"3968","G0397","G0397_08","inactive",9,13,10,15,28,16,18,13
"3969","G0397","G0397_09","inactive",4,7,2,2,5,4,7,4
"3970","G0397","G0397_10","inactive",2,2,8,7,6,4,9,6
"3971","G0398","G0398_01","inactive",8,6,3,5,13,9,3,8
"3972","G0398","G0398_02","inactive",6,2,8,4,1,5,6,4
"3973","G0398","G0398_03","inactive",6,8,20,8,5,12,14,7
"3974","G0398","G0398_04","inactive",15,11,19,12,16,13,13,12
"3975","G0398","G0398_05","inactive",7,14,8,10,10,14,14,7
"3976","G0398","G0398_06","inactive",11,34,19,20,25,15,16,24
"3977","G0398","G0398_07","inactive",13,22,26,14,19,14,23,25
"3978","G0398","G0398_08","inactive",32,43,27,23,42,35,28,20
"3979","G0398","G0398_09","inactive",3,8,4,4,5,5,0,1
"3980","G0398","G0398_10","inactive",5,9,2,6,4,10,6,5
"3981","G0399","G0399_01","inactive",2,6,3,1,3,3,6,9
"3982","G0399","G0399_02","inactive",3,6,7,9,16,11,14,6
"3983","G0399","G0399_03","inactive",4,1,1,2,5,0,2,10
"3984","G0399","G0399_04","inactive",5,25,10,11,13,26,11,11
"3985","G0399","G0399_05","inactive",3,9,8,2,3,5,7,6
"3986","G0399","G0399_06","inactive",6,2,3,7,6,5,3,4
"3987","G0399","G0399_07","inactive",3,14,4,0,4,5,4,4
"3988","G0399","G0399_08","inactive",7,17,26,10,19,20,12,2
"3989","G0399","G0399_09","inactive",17,23,25,20,29,33,30,20
"3990","G0399","G0399_10","inactive",27,37,43,31,48,56,47,44
"3991","G0400","G0400_01","inactive",4,10,9,6,7,9,6,4
"3992","G0400","G0400_02","inactive",1,6,4,2,1,2,4,0
"3993","G0400","G0400_03","inactive",0,7,10,7,4,3,12,11
"3994","G0400","G0400_04","inactive",5,5,5,11,5,9,11,7
"3995","G0400","G0400_05","inactive",5,36,14,6,11,21,16,10
"3996","G0400","G0400_06","inactive",2,15,11,9,12,13,8,12
"3997","G0400","G0400_07","inactive",12,16,13,12,18,17,12,11
"3998","G0400","G0400_08","inactive",0,2,1,2,4,3,5,4
"3999","G0400","G0400_09","inactive",9,21,6,12,12,17,13,15
"4000","G0400","G0400_10","inactive",3,14,3,8,6,12,6,6
"4001","G0401","G0401_01","increasing",3,22,10,7,25,29,22,11
"4002","G0401","G0401_02","increasing",5,4,9,10,13,9,15,6
"4003","G0401","G0401_03","increasing",2,7,1,4,8,7,3,11
"4004","G0401","G0401_04","increasing",13,23,12,22,54,23,29,29
"4005","G0401","G0401_05","increasing",1,2,1,1,5,4,4,4
"4006","G0401","G0401_06","increasing",8,16,6,15,31,27,32,29
"4007","G0401","G0401_07","increasing",1,10,4,2,9,9,8,4
"4008","G0401","G0401_08","increasing",6,13,2,5,24,13,21,9
"4009","G0401","G0401_09","increasing",3,5,1,0,4,6,1,2
"4010","G0401","G0401_10","increasing",3,4,4,1,17,10,13,5
"4011","G0402","G0402_01","decreasing",3,6,9,14,2,3,3,4
"4012","G0402","G0402_02","decreasing",2,6,6,9,6,4,2,3
"4013","G0402","G0402_03","decreasing",1,3,3,10,1,4,4,5
"4014","G0402","G0402_04","decreasing",76,98,65,76,66,48,33,46
"4015","G0402","G0402_05","decreasing",21,26,14,13,15,11,17,16
"4016","G0402","G0402_06","decreasing",14,38,12,30,15,13,6,20
"4017","G0402","G0402_07","decreasing",12,25,21,21,8,14,7,7
"4018","G0402","G0402_08","decreasing",16,25,9,15,16,8,14,14
"4019","G0402","G0402_09","decreasing",12,27,16,17,20,17,12,16
"4020","G0402","G0402_10","decreasing",5,14,12,8,6,6,5,6
"4021","G0403","G0403_01","inactive",29,67,57,34,56,45,49,52
"4022","G0403","G0403_02","inactive",7,16,8,11,17,15,9,10
"4023","G0403","G0403_03","inactive",3,7,7,2,7,5,11,1
"4024","G0403","G0403_04","inactive",1,12,0,5,7,4,3,3
"4025","G0403","G0403_05","inactive",4,9,2,2,3,7,7,6
"4026","G0403","G0403_06","inactive",7,26,25,16,32,27,20,14
"4027","G0403","G0403_07","inactive",15,27,15,10,15,24,23,17
"4028","G0403","G0403_08","inactive",19,24,20,13,41,19,24,15
"4029","G0403","G0403_09","inactive",5,6,7,3,9,3,9,5
"4030","G0403","G0403_10","inactive",4,25,9,6,21,15,11,11
"4031","G0404","G0404_01","inactive",8,21,15,11,13,16,8,9
"4032","G0404","G0404_02","inactive",8,9,6,2,6,3,3,5
"4033","G0404","G0404_03","inactive",16,44,13,22,18,26,25,28
"4034","G0404","G0404_04","inactive",1,14,7,8,3,9,11,8
"4035","G0404","G0404_05","inactive",12,11,12,9,16,20,14,8
"4036","G0404","G0404_06","inactive",2,11,2,3,4,2,2,3
"4037","G0404","G0404_07","inactive",2,5,2,4,4,5,1,3
"4038","G0404","G0404_08","inactive",5,12,6,7,11,9,9,6
"4039","G0404","G0404_09","inactive",3,9,7,5,6,4,12,12
"4040","G0404","G0404_10","inactive",1,9,4,1,3,3,5,4
"4041","G0405","G0405_01","inactive",3,9,1,5,1,8,4,5
"4042","G0405","G0405_02","inactive",5,5,4,3,4,5,2,1
"4043","G0405","G0405_03","inactive",6,14,6,3,11,9,13,9
"4044","G0405","G0405_04","inactive",8,15,13,8,10,12,16,10
"4045","G0405","G0405_05","inactive",13,9,15,8,23,19,11,13
"4046","G0405","G0405_06","inactive",23,26,21,15,40,8,22,21
"4047","G0405","G0405_07","inactive",5,17,11,8,10,13,17,12
"4048","G0405","G0405_08","inactive",6,14,16,11,10,27,10,17
"4049","G0405","G0405_09","inactive",5,1,7,1,7,1,9,4
"4050","G0405","G0405_10","inactive",20,43,23,14,28,37,33,15
"4051","G0406","G0406_01","inactive",9,9,9,9,11,6,10,14
"4052","G0406","G0406_02","inactive",7,11,14,9,16,9,8,6
"4053","G0406","G0406_03","inactive",17,30,18,24,28,32,14,24
"4054","G0406","G0406_04","inactive",6,21,8,4,22,12,11,6
"4055","G0406","G0406_05","inactive",3,9,5,8,6,7,5,7
"4056","G0406","G0406_06","inactive",17,34,16,15,28,25,20,14
"4057","G0406","G0406_07","inactive",28,56,50,25,44,36,49,35
"4058","G0406","G0406_08","inactive",5,14,5,7,9,5,9,3
"4059","G0406","G0406_09","inactive",5,12,15,8,22,11,19,14
"4060","G0406","G0406_10","inactive",3,11,2,6,16,4,6,12
"4061","G0407","G0407_01","inactive",8,14,4,13,6,10,5,7
"4062","G0407","G0407_02","inactive",14,34,12,26,19,22,19,17
"4063","G0407","G0407_03","inactive",11,24,15,10,10,7,20,11
"4064","G0407","G0407_04","inactive",18,46,38,18,46,37,35,28
"4065","G0407","G0407_05","inactive",12,11,18,10,10,15,12,13
"4066","G0407","G0407_06","inactive",0,5,0,1,2,0,0,1
"4067","G0407","G0407_07","inactive",0,10,7,1,3,8,9,3
"4068","G0407","G0407_08","inactive",14,25,17,11,23,15,16,10
"4069","G0407","G0407_09","inactive",8,11,13,7,10,13,3,7
"4070","G0407","G0407_10","inactive",10,10,21,14,23,16,17,10
"4071","G0408","G0408_01","increasing",1,5,2,0,10,2,2,4
"4072","G0408","G0408_02","increasing",5,10,12,7,5,2,5,5
"4073","G0408","G0408_03","increasing",13,25,12,16,24,11,16,9
"4074","G0408","G0408_04","increasing",4,6,6,4,23,8,4,15
"4075","G0408","G0408_05","increasing",2,11,3,3,5,7,4,2
"4076","G0408","G0408_06","increasing",12,18,15,7,21,26,21,8
"4077","G0408","G0408_07","increasing",0,4,8,2,2,2,5,5
"4078","G0408","G0408_08","increasing",4,8,4,8,7,13,7,16
"4079","G0408","G0408_09","increasing",11,15,17,9,17,14,19,9
"4080","G0408","G0408_10","increasing",13,21,11,17,25,21,13,33
"4081","G0409","G0409_01","inactive",1,5,5,6,3,8,16,6
"4082","G0409","G0409_02","inactive",33,49,25,33,42,41,30,23
"4083","G0409","G0409_03","inactive",3,7,5,7,5,7,4,3
"4084","G0409","G0409_04","inactive",3,10,8,4,5,6,4,2
"4085","G0409","G0409_05","inactive",4,2,2,1,4,2,0,2
"4086","G0409","G0409_06","inactive",4,1,0,4,3,7,0,3
"4087","G0409","G0409_07","inactive",23,48,23,25,41,33,27,19
"4088","G0409","G0409_08","inactive",2,4,1,7,7,4,3,3
"4089","G0409","G0409_09","inactive",12,16,21,12,9,22,20,8
"4090","G0409","G0409_10","inactive",4,5,5,12,6,7,6,14
"4091","G0410","G0410_01","increasing",10,17,8,11,13,10,14,7
"4092","G0410","G0410_02","increasing",8,3,3,4,8,9,1,3
"4093","G0410","G0410_03","increasing",17,15,7,8,16,26,8,9
"4094","G0410","G0410_04","increasing",6,12,5,3,9,10,5,2
"4095","G0410","G0410_05","increasing",21,27,21,15,32,35,38,27
"4096","G0410","G0410_06","increasing",12,26,17,19,23,30,26,21
"4097","G0410","G0410_07","increasing",2,4,4,3,12,7,13,6
"4098","G0410","G0410_08","increasing",3,6,7,1,1,12,3,1
"4099","G0410","G0410_09","increasing",3,13,5,5,11,20,4,11
"4100","G0410","G0410_10","increasing",3,4,1,0,5,10,5,1
"4101","G0411","G0411_01","inactive",3,4,3,2,6,3,5,3
"4102","G0411","G0411_02","inactive",8,11,8,8,11,11,13,4
"4103","G0411","G0411_03","inactive",9,11,5,6,5,6,8,6
"4104","G0411","G0411_04","inactive",3,1,3,2,4,3,9,1
"4105","G0411","G0411_05","inactive",10,44,26,13,17,25,23,24
"4106","G0411","G0411_06","inactive",15,8,10,9,8,11,14,11
"4107","G0411","G0411_07","inactive",1,1,1,2,2,8,2,2
"4108","G0411","G0411_08","inactive",6,23,12,10,24,19,13,21
"4109","G0411","G0411_09","inactive",1,6,4,5,8,3,3,2
"4110","G0411","G0411_10","inactive",1,7,3,6,5,2,6,9
"4111","G0412","G0412_01","inactive",5,12,6,6,15,7,11,9
"4112","G0412","G0412_02","inactive",9,18,18,2,15,11,15,8
"4113","G0412","G0412_03","inactive",5,6,4,7,7,8,0,2
"4114","G0412","G0412_04","inactive",4,3,8,6,9,4,5,4
"4115","G0412","G0412_05","inactive",15,17,16,12,24,24,18,19
"4116","G0412","G0412_06","inactive",2,0,3,1,5,0,3,2
"4117","G0412","G0412_07","inactive",4,6,6,4,9,3,8,6
"4118","G0412","G0412_08","inactive",17,48,32,26,15,36,28,26
"4119","G0412","G0412_09","inactive",1,4,3,0,1,5,1,4
"4120","G0412","G0412_10","inactive",14,23,17,10,16,30,20,18
"4121","G0413","G0413_01","increasing",3,7,3,5,11,10,5,12
"4122","G0413","G0413_02","increasing",2,2,2,4,1,6,9,8
"4123","G0413","G0413_03","increasing",27,75,39,47,91,100,68,52
"4124","G0413","G0413_04","increasing",14,6,4,7,8,4,6,12
"4125","G0413","G0413_05","increasing",3,6,5,2,6,6,13,9
"4126","G0413","G0413_06","increasing",1,0,0,2,6,1,3,2
"4127","G0413","G0413_07","increasing",5,5,8,5,4,7,6,5
"4128","G0413","G0413_08","increasing",2,9,2,1,3,8,7,5
"4129","G0413","G0413_09","increasing",13,8,8,8,22,11,24,17
"4130","G0413","G0413_10","increasing",10,9,14,9,21,14,18,21
"4131","G0414","G0414_01","inactive",3,9,6,7,5,9,6,17
"4132","G0414","G0414_02","inactive",16,26,16,20,18,22,22,21
"4133","G0414","G0414_03","inactive",3,10,5,5,7,6,4,2
"4134","G0414","G0414_04","inactive",5,10,4,6,3,13,12,9
"4135","G0414","G0414_05","inactive",31,76,55,66,61,48,52,63
"4136","G0414","G0414_06","inactive",19,22,8,8,16,8,8,7
"4137","G0414","G0414_07","inactive",7,5,14,8,4,6,11,7
"4138","G0414","G0414_08","inactive",4,11,2,5,1,9,3,3
"4139","G0414","G0414_09","inactive",2,2,4,7,9,4,8,4
"4140","G0414","G0414_10","inactive",1,1,5,0,2,2,8,0
"4141","G0415","G0415_01","inactive",1,6,8,2,2,2,6,2
"4142","G0415","G0415_02","inactive",7,0,1,9,6,0,3,5
"4143","G0415","G0415_03","inactive",2,18,10,16,6,9,16,12
"4144","G0415","G0415_04","inactive",2,2,2,1,2,0,1,0
"4145","G0415","G0415_05","inactive",19,33,23,32,49,31,41,31
"4146","G0415","G0415_06","inactive",18,16,20,16,16,14,13,13
"4147","G0415","G0415_07","inactive",12,10,19,7,17,9,8,12
"4148","G0415","G0415_08","inactive",6,12,8,12,5,7,6,8
"4149","G0415","G0415_09","inactive",5,9,8,3,6,4,7,0
"4150","G0415","G0415_10","inactive",10,13,13,12,18,12,19,10
"4151","G0416","G0416_01","inactive",6,22,19,3,13,8,13,11
"4152","G0416","G0416_02","inactive",4,12,11,5,10,6,7,5
"4153","G0416","G0416_03","inactive",1,1,1,1,2,4,4,2
"4154","G0416","G0416_04","inactive",23,39,25,21,34,44,22,35
"4155","G0416","G0416_05","inactive",4,5,3,5,3,2,0,5
"4156","G0416","G0416_06","inactive",13,24,15,17,18,10,22,10
"4157","G0416","G0416_07","inactive",5,14,10,14,14,11,8,9
"4158","G0416","G0416_08","inactive",14,26,25,15,29,17,19,19
"4159","G0416","G0416_09","inactive",8,23,17,5,11,23,12,13
"4160","G0416","G0416_10","inactive",7,13,17,5,7,18,16,8
"4161","G0417","G0417_01","negcontrol",3,13,1,5,3,7,3,5
"4162","G0417","G0417_02","negcontrol",15,26,13,12,16,14,15,23
"4163","G0417","G0417_03","negcontrol",0,4,0,0,1,6,2,0
"4164","G0417","G0417_04","negcontrol",13,26,16,10,19,18,14,19
"4165","G0417","G0417_05","negcontrol",8,9,3,4,6,5,4,7
"4166","G0417","G0417_06","negcontrol",12,39,23,18,23,32,25,18
"4167","G0417","G0417_07","negcontrol",0,8,5,0,1,6,7,2
"4168","G0417","G0417_08","negcontrol",1,3,9,5,3,1,11,6
"4169","G0417","G0417_09","negcontrol",6,15,4,4,2,8,5,9
"4170","G0417","G0417_10","negcontrol",5,7,17,4,4,6,10,9
"4171","G0418","G0418_01","inactive",2,7,5,5,1,0,1,3
"4172","G0418","G0418_02","inactive",8,23,7,14,9,14,13,13
"4173","G0418","G0418_03","inactive",6,12,4,5,6,9,1,2
"4174","G0418","G0418_04","inactive",3,11,9,7,0,7,14,8
"4175","G0418","G0418_05","inactive",3,1,5,2,3,1,1,2
"4176","G0418","G0418_06","inactive",9,18,14,5,13,14,8,13
"4177","G0418","G0418_07","inactive",5,5,1,2,6,4,0,5
"4178","G0418","G0418_08","inactive",2,3,3,3,1,1,1,2
"4179","G0418","G0418_09","inactive",13,30,17,13,17,23,14,5
"4180","G0418","G0418_10","inactive",0,2,0,1,1,0,0,1
"4181","G0419","G0419_01","inactive",17,12,12,8,11,18,17,10
"4182","G0419","G0419_02","inactive",9,35,26,9,16,15,11,19
"4183","G0419","G0419_03","inactive",6,3,12,2,11,7,12,13
"4184","G0419","G0419_04","inactive",5,14,14,4,4,14,7,6
"4185","G0419","G0419_05","inactive",3,5,2,2,0,3,5,2
"4186","G0419","G0419_06","inactive",4,5,6,1,1,10,19,3
"4187","G0419","G0419_07","inactive",12,37,21,12,24,24,32,21
"4188","G0419","G0419_08","inactive",4,15,9,3,6,11,11,5
"4189","G0419","G0419_09","inactive",6,10,4,2,9,6,5,4
"4190","G0419","G0419_10","inactive",8,11,10,3,9,10,6,7
"4191","G0420","G0420_01","inactive",7,22,4,5,5,11,10,11
"4192","G0420","G0420_02","inactive",3,4,7,5,13,8,6,6
"4193","G0420","G0420_03","inactive",4,16,5,3,3,7,11,4
"4194","G0420","G0420_04","inactive",1,5,0,1,1,1,0,0
"4195","G0420","G0420_05","inactive",1,12,4,5,3,8,7,3
"4196","G0420","G0420_06","inactive",4,3,4,6,7,1,8,9
"4197","G0420","G0420_07","inactive",2,11,13,7,6,8,12,12
"4198","G0420","G0420_08","inactive",9,26,23,13,17,23,14,11
"4199","G0420","G0420_09","inactive",1,1,0,0,0,2,0,2
"4200","G0420","G0420_10","inactive",0,5,1,3,2,3,2,4
"4201","G0421","G0421_01","inactive",1,1,0,2,2,0,2,1
"4202","G0421","G0421_02","inactive",3,14,4,2,7,9,5,3
"4203","G0421","G0421_03","inactive",9,11,1,4,14,6,5,7
"4204","G0421","G0421_04","inactive",8,7,7,4,9,8,8,8
"4205","G0421","G0421_05","inactive",19,30,34,23,45,27,15,29
"4206","G0421","G0421_06","inactive",10,17,12,6,25,12,11,11
"4207","G0421","G0421_07","inactive",12,15,21,10,15,12,15,7
"4208","G0421","G0421_08","inactive",3,25,8,13,12,19,16,12
"4209","G0421","G0421_09","inactive",7,16,16,7,11,10,8,8
"4210","G0421","G0421_10","inactive",8,21,4,10,14,13,11,2
"4211","G0422","G0422_01","decreasing",21,61,35,37,16,26,21,19
"4212","G0422","G0422_02","decreasing",6,17,16,12,12,7,9,13
"4213","G0422","G0422_03","decreasing",5,14,23,4,4,4,11,2
"4214","G0422","G0422_04","decreasing",13,48,25,30,21,24,24,16
"4215","G0422","G0422_05","decreasing",10,36,19,21,14,22,20,13
"4216","G0422","G0422_06","decreasing",11,32,18,15,10,10,16,13
"4217","G0422","G0422_07","decreasing",3,10,4,5,3,7,10,5
"4218","G0422","G0422_08","decreasing",2,8,5,6,6,3,2,4
"4219","G0422","G0422_09","decreasing",1,9,5,0,2,4,1,3
"4220","G0422","G0422_10","decreasing",9,20,10,3,16,22,10,6
"4221","G0423","G0423_01","inactive",7,8,11,10,16,12,9,10
"4222","G0423","G0423_02","inactive",1,0,3,3,8,2,2,4
"4223","G0423","G0423_03","inactive",9,21,9,9,17,11,9,9
"4224","G0423","G0423_04","inactive",2,7,2,0,4,3,2,3
"4225","G0423","G0423_05","inactive",9,12,4,2,7,3,2,1
"4226","G0423","G0423_06","inactive",5,15,11,5,16,13,9,10
"4227","G0423","G0423_07","inactive",5,11,13,11,13,11,9,9
"4228","G0423","G0423_08","inactive",12,15,15,11,21,14,12,20
"4229","G0423","G0423_09","inactive",2,19,9,6,5,13,6,7
"4230","G0423","G0423_10","inactive",4,2,3,1,4,3,4,1
"4231","G0424","G0424_01","increasing",4,17,13,9,20,27,23,17
"4232","G0424","G0424_02","increasing",8,16,20,15,17,17,22,16
"4233","G0424","G0424_03","increasing",2,3,0,3,9,1,0,12
"4234","G0424","G0424_04","increasing",6,6,2,5,18,8,12,7
"4235","G0424","G0424_05","increasing",3,8,2,5,18,8,9,11
"4236","G0424","G0424_06","increasing",27,43,27,21,65,72,52,33
"4237","G0424","G0424_07","increasing",3,2,3,0,5,0,2,1
"4238","G0424","G0424_08","increasing",3,11,13,9,7,4,12,5
"4239","G0424","G0424_09","increasing",5,14,9,14,24,16,13,29
"4240","G0424","G0424_10","increasing",13,14,11,10,20,29,23,19
"4241","G0425","G0425_01","inactive",11,27,12,17,19,29,23,14
"4242","G0425","G0425_02","inactive",6,22,13,7,18,18,18,4
"4243","G0425","G0425_03","inactive",4,8,9,8,10,8,5,3
"4244","G0425","G0425_04","inactive",5,6,12,7,18,9,15,11
"4245","G0425","G0425_05","inactive",1,14,1,0,1,6,5,3
"4246","G0425","G0425_06","inactive",6,6,7,5,8,1,4,5
"4247","G0425","G0425_07","inactive",3,7,2,4,9,1,3,3
"4248","G0425","G0425_08","inactive",11,13,4,17,15,17,8,18
"4249","G0425","G0425_09","inactive",11,34,16,8,10,20,29,18
"4250","G0425","G0425_10","inactive",10,20,11,8,9,13,11,17
"4251","G0426","G0426_01","inactive",21,54,33,39,49,63,54,38
"4252","G0426","G0426_02","inactive",6,17,3,4,6,14,1,8
"4253","G0426","G0426_03","inactive",3,24,16,15,13,23,15,10
"4254","G0426","G0426_04","inactive",4,3,3,2,7,6,2,4
"4255","G0426","G0426_05","inactive",3,6,4,2,2,4,4,1
"4256","G0426","G0426_06","inactive",15,29,13,10,36,19,16,12
"4257","G0426","G0426_07","inactive",9,19,14,5,9,7,21,6
"4258","G0426","G0426_08","inactive",4,11,5,4,1,14,6,2
"4259","G0426","G0426_09","inactive",2,12,1,5,6,9,1,3
"4260","G0426","G0426_10","inactive",3,9,4,8,8,3,2,10
"4261","G0427","G0427_01","inactive",4,8,4,8,9,2,2,7
"4262","G0427","G0427_02","inactive",4,4,9,4,7,5,5,2
"4263","G0427","G0427_03","inactive",4,2,18,7,4,7,18,3
"4264","G0427","G0427_04","inactive",14,16,8,3,6,13,11,6
"4265","G0427","G0427_05","inactive",20,43,39,15,25,24,37,19
"4266","G0427","G0427_06","inactive",5,9,4,1,8,3,4,1
"4267","G0427","G0427_07","inactive",7,12,4,4,9,5,9,4
"4268","G0427","G0427_08","inactive",12,29,17,19,25,25,25,23
"4269","G0427","G0427_09","inactive",8,12,12,5,7,12,7,9
"4270","G0427","G0427_10","inactive",3,11,5,2,10,7,5,3
"4271","G0428","G0428_01","inactive",23,25,27,15,17,21,25,10
"4272","G0428","G0428_02","inactive",19,15,18,16,24,21,30,15
"4273","G0428","G0428_03","inactive",18,15,17,9,20,18,23,19
"4274","G0428","G0428_04","inactive",6,3,6,2,7,6,10,0
"4275","G0428","G0428_05","inactive",22,49,32,19,26,28,38,16
"4276","G0428","G0428_06","inactive",15,22,6,15,19,13,12,20
"4277","G0428","G0428_07","inactive",17,25,15,22,21,26,24,23
"4278","G0428","G0428_08","inactive",6,5,7,4,5,5,4,18
"4279","G0428","G0428_09","inactive",2,15,14,6,7,9,11,7
"4280","G0428","G0428_10","inactive",7,17,8,7,11,10,9,12
"4281","G0429","G0429_01","inactive",3,3,2,6,9,5,1,6
"4282","G0429","G0429_02","inactive",10,14,4,5,5,9,5,5
"4283","G0429","G0429_03","inactive",4,4,1,4,3,4,3,4
"4284","G0429","G0429_04","inactive",4,9,4,4,2,7,4,4
"4285","G0429","G0429_05","inactive",11,26,5,3,17,10,7,5
"4286","G0429","G0429_06","inactive",9,9,6,18,12,18,7,20
"4287","G0429","G0429_07","inactive",5,6,13,1,10,7,11,6
"4288","G0429","G0429_08","inactive",17,30,19,18,39,23,27,23
"4289","G0429","G0429_09","inactive",9,12,12,13,10,10,12,11
"4290","G0429","G0429_10","inactive",7,22,6,5,9,17,10,8
"4291","G0430","G0430_01","increasing",1,7,1,13,9,12,13,15
"4292","G0430","G0430_02","increasing",5,4,7,11,14,15,12,13
"4293","G0430","G0430_03","increasing",8,5,9,12,30,12,8,7
"4294","G0430","G0430_04","increasing",6,17,10,16,10,21,12,14
"4295","G0430","G0430_05","increasing",13,25,25,12,46,23,32,20
"4296","G0430","G0430_06","increasing",10,15,10,9,23,23,16,13
"4297","G0430","G0430_07","increasing",1,5,6,6,6,7,4,6
"4298","G0430","G0430_08","increasing",4,9,8,6,11,12,6,4
"4299","G0430","G0430_09","increasing",1,7,6,5,14,4,10,9
"4300","G0430","G0430_10","increasing",8,10,10,8,15,20,20,10
"4301","G0431","G0431_01","inactive",8,11,10,4,12,14,15,5
"4302","G0431","G0431_02","inactive",9,18,15,21,14,20,26,14
"4303","G0431","G0431_03","inactive",2,8,5,4,6,5,4,5
"4304","G0431","G0431_04","inactive",9,12,8,18,18,6,10,16
"4305","G0431","G0431_05","inactive",3,18,8,3,11,7,12,2
"4306","G0431","G0431_06","inactive",14,27,17,18,28,21,16,21
"4307","G0431","G0431_07","inactive",27,59,28,30,47,35,30,42
"4308","G0431","G0431_08","inactive",3,6,9,6,4,11,4,2
"4309","G0431","G0431_09","inactive",1,9,7,4,8,4,4,5
"4310","G0431","G0431_10","inactive",8,33,24,23,24,27,20,32
"4311","G0432","G0432_01","inactive",6,9,8,13,15,10,6,4
"4312","G0432","G0432_02","inactive",13,29,9,8,15,18,11,10
"4313","G0432","G0432_03","inactive",3,9,2,2,1,15,9,5
"4314","G0432","G0432_04","inactive",7,3,4,3,5,5,3,5
"4315","G0432","G0432_05","inactive",17,30,37,19,21,19,21,24
"4316","G0432","G0432_06","inactive",3,8,8,4,11,10,10,9
"4317","G0432","G0432_07","inactive",3,10,16,9,8,14,9,8
"4318","G0432","G0432_08","inactive",11,11,24,19,14,15,26,16
"4319","G0432","G0432_09","inactive",7,10,12,11,21,8,29,16
"4320","G0432","G0432_10","inactive",12,12,9,6,12,9,10,12
"4321","G0433","G0433_01","inactive",3,11,1,3,6,3,2,5
"4322","G0433","G0433_02","inactive",0,8,4,4,9,4,5,1
"4323","G0433","G0433_03","inactive",2,0,1,0,2,5,1,0
"4324","G0433","G0433_04","inactive",7,20,4,3,9,10,5,5
"4325","G0433","G0433_05","inactive",21,61,46,32,36,52,33,31
"4326","G0433","G0433_06","inactive",3,14,4,4,5,6,10,5
"4327","G0433","G0433_07","inactive",24,49,23,15,34,39,27,24
"4328","G0433","G0433_08","inactive",11,16,13,10,17,19,14,8
"4329","G0433","G0433_09","inactive",28,19,18,20,39,24,20,26
"4330","G0433","G0433_10","inactive",17,32,16,12,38,20,22,24
"4331","G0434","G0434_01","inactive",2,9,8,4,6,7,8,10
"4332","G0434","G0434_02","inactive",6,5,6,10,2,5,11,5
"4333","G0434","G0434_03","inactive",11,29,14,15,10,26,14,18
"4334","G0434","G0434_04","inactive",6,16,6,11,8,18,13,5
"4335","G0434","G0434_05","inactive",9,30,23,9,17,21,20,12
"4336","G0434","G0434_06","inactive",14,29,10,4,19,14,19,7
"4337","G0434","G0434_07","inactive",11,22,18,8,14,21,20,18
"4338","G0434","G0434_08","inactive",4,23,10,11,18,15,25,14
"4339","G0434","G0434_09","inactive",5,12,5,3,7,3,2,5
"4340","G0434","G0434_10","inactive",8,15,8,11,11,8,6,8
"4341","G0435","G0435_01","increasing",6,6,2,5,12,5,2,5
"4342","G0435","G0435_02","increasing",5,6,4,6,11,6,3,4
"4343","G0435","G0435_03","increasing",2,0,4,2,3,1,6,4
"4344","G0435","G0435_04","increasing",15,22,16,16,25,26,29,16
"4345","G0435","G0435_05","increasing",0,2,3,3,4,2,9,2
"4346","G0435","G0435_06","increasing",20,27,28,27,40,34,42,33
"4347","G0435","G0435_07","increasing",1,5,5,1,1,8,7,1
"4348","G0435","G0435_08","increasing",12,32,12,19,41,48,28,25
"4349","G0435","G0435_09","increasing",22,37,14,6,30,33,24,30
"4350","G0435","G0435_10","increasing",7,14,2,11,13,22,17,8
"4351","G0436","G0436_01","inactive",2,6,3,3,5,4,6,6
"4352","G0436","G0436_02","inactive",11,9,11,12,12,8,15,10
"4353","G0436","G0436_03","inactive",16,41,17,5,37,36,17,12
"4354","G0436","G0436_04","inactive",6,6,10,5,6,6,5,7
"4355","G0436","G0436_05","inactive",4,4,12,4,6,0,9,4
"4356","G0436","G0436_06","inactive",12,18,14,5,13,6,10,8
"4357","G0436","G0436_07","inactive",1,6,4,2,6,7,2,5
"4358","G0436","G0436_08","inactive",6,14,6,13,10,18,7,12
"4359","G0436","G0436_09","inactive",8,4,11,1,10,6,7,9
"4360","G0436","G0436_10","inactive",11,21,11,15,12,9,5,13
"4361","G0437","G0437_01","inactive",0,5,7,9,1,8,5,6
"4362","G0437","G0437_02","inactive",3,4,9,6,8,9,13,6
"4363","G0437","G0437_03","inactive",6,11,3,8,7,8,2,5
"4364","G0437","G0437_04","inactive",11,6,3,2,6,6,1,3
"4365","G0437","G0437_05","inactive",4,19,13,20,13,12,8,5
"4366","G0437","G0437_06","inactive",8,19,6,12,11,10,13,16
"4367","G0437","G0437_07","inactive",6,11,7,9,15,12,7,5
"4368","G0437","G0437_08","inactive",2,5,5,1,1,6,4,2
"4369","G0437","G0437_09","inactive",1,5,3,6,3,9,6,6
"4370","G0437","G0437_10","inactive",8,32,28,27,23,18,22,18
"4371","G0438","G0438_01","inactive",16,58,23,19,37,41,19,11
"4372","G0438","G0438_02","inactive",12,12,7,2,17,7,12,6
"4373","G0438","G0438_03","inactive",3,6,11,2,15,5,9,6
"4374","G0438","G0438_04","inactive",12,36,25,19,14,25,23,10
"4375","G0438","G0438_05","inactive",8,8,6,3,11,12,6,2
"4376","G0438","G0438_06","inactive",4,6,2,9,9,9,4,7
"4377","G0438","G0438_07","inactive",4,29,7,6,13,17,19,9
"4378","G0438","G0438_08","inactive",2,15,18,12,12,13,14,6
"4379","G0438","G0438_09","inactive",3,19,7,8,13,20,8,9
"4380","G0438","G0438_10","inactive",13,21,8,7,15,12,6,19
"4381","G0439","G0439_01","inactive",11,11,8,3,9,7,15,12
"4382","G0439","G0439_02","inactive",17,55,34,33,34,38,40,22
"4383","G0439","G0439_03","inactive",7,22,19,19,17,15,19,14
"4384","G0439","G0439_04","inactive",23,32,30,6,37,31,31,9
"4385","G0439","G0439_05","inactive",9,17,13,6,7,19,20,11
"4386","G0439","G0439_06","inactive",8,17,11,14,12,7,10,12
"4387","G0439","G0439_07","inactive",4,18,3,4,6,5,4,4
"4388","G0439","G0439_08","inactive",4,20,7,14,7,18,7,7
"4389","G0439","G0439_09","inactive",5,7,8,1,8,5,5,3
"4390","G0439","G0439_10","inactive",21,42,41,33,23,41,37,28
"4391","G0440","G0440_01","inactive",3,5,5,7,12,7,2,6
"4392","G0440","G0440_02","inactive",1,6,3,0,5,8,5,1
"4393","G0440","G0440_03","inactive",4,11,4,3,9,10,2,0
"4394","G0440","G0440_04","inactive",8,22,14,16,12,21,17,11
"4395","G0440","G0440_05","inactive",6,21,17,13,14,15,18,16
"4396","G0440","G0440_06","inactive",10,25,15,9,19,26,23,11
"4397","G0440","G0440_07","inactive",3,4,6,1,0,2,13,0
"4398","G0440","G0440_08","inactive",6,8,4,5,11,5,1,15
"4399","G0440","G0440_09","inactive",13,25,25,17,18,14,21,18
"4400","G0440","G0440_10","inactive",17,21,12,19,38,12,10,13
"4401","G0441","G0441_01","inactive",8,5,3,8,8,9,2,6
"4402","G0441","G0441_02","inactive",7,15,9,15,17,6,12,7
"4403","G0441","G0441_03","inactive",10,19,17,22,10,8,8,16
"4404","G0441","G0441_04","inactive",8,39,18,10,8,18,22,15
"4405","G0441","G0441_05","inactive",2,3,2,3,2,5,2,6
"4406","G0441","G0441_06","inactive",12,26,6,16,20,13,14,9
"4407","G0441","G0441_07","inactive",5,20,5,11,14,14,5,11
"4408","G0441","G0441_08","inactive",7,11,15,6,5,9,13,5
"4409","G0441","G0441_09","inactive",3,19,5,5,8,13,3,5
"4410","G0441","G0441_10","inactive",3,13,4,3,14,18,13,2
"4411","G0442","G0442_01","inactive",7,22,7,14,10,13,5,11
"4412","G0442","G0442_02","inactive",0,7,2,7,1,7,7,4
"4413","G0442","G0442_03","inactive",1,8,1,2,2,8,1,5
"4414","G0442","G0442_04","inactive",11,16,10,9,23,18,11,5
"4415","G0442","G0442_05","inactive",8,17,12,4,9,13,20,9
"4416","G0442","G0442_06","inactive",8,16,18,9,18,16,26,3
"4417","G0442","G0442_07","inactive",25,36,27,18,23,32,29,32
"4418","G0442","G0442_08","inactive",2,10,13,3,6,9,11,7
"4419","G0442","G0442_09","inactive",37,45,30,29,38,27,27,40
"4420","G0442","G0442_10","inactive",5,21,5,8,8,19,12,7
"4421","G0443","G0443_01","inactive",4,12,16,7,16,7,15,19
"4422","G0443","G0443_02","inactive",9,19,16,15,15,11,12,16
"4423","G0443","G0443_03","inactive",2,4,6,4,7,7,8,6
"4424","G0443","G0443_04","inactive",5,9,10,10,9,13,17,10
"4425","G0443","G0443_05","inactive",8,8,9,7,15,7,17,13
"4426","G0443","G0443_06","inactive",3,15,16,5,7,11,7,8
"4427","G0443","G0443_07","inactive",12,13,9,11,7,8,10,5
"4428","G0443","G0443_08","inactive",3,14,4,3,5,8,6,3
"4429","G0443","G0443_09","inactive",9,18,9,13,18,11,13,7
"4430","G0443","G0443_10","inactive",3,10,5,5,3,8,8,3
"4431","G0444","G0444_01","inactive",9,13,3,6,9,11,7,5
"4432","G0444","G0444_02","inactive",12,8,4,4,4,6,16,13
"4433","G0444","G0444_03","inactive",12,16,18,5,10,6,11,12
"4434","G0444","G0444_04","inactive",5,9,12,10,18,8,16,15
"4435","G0444","G0444_05","inactive",2,7,1,2,0,4,5,4
"4436","G0444","G0444_06","inactive",12,22,16,14,19,9,23,18
"4437","G0444","G0444_07","inactive",6,15,10,3,25,17,15,13
"4438","G0444","G0444_08","inactive",3,6,8,3,6,6,10,6
"4439","G0444","G0444_09","inactive",6,9,4,2,6,6,6,0
"4440","G0444","G0444_10","inactive",3,1,4,8,8,7,13,5
"4441","G0445","G0445_01","inactive",1,8,6,6,3,6,5,4
"4442","G0445","G0445_02","inactive",3,16,10,5,12,13,12,8
"4443","G0445","G0445_03","inactive",9,13,7,1,16,12,3,4
"4444","G0445","G0445_04","inactive",12,23,15,17,24,15,25,25
"4445","G0445","G0445_05","inactive",7,11,2,4,8,4,0,5
"4446","G0445","G0445_06","inactive",3,2,5,2,5,5,8,3
"4447","G0445","G0445_07","inactive",5,15,4,2,2,12,4,4
"4448","G0445","G0445_08","inactive",0,10,2,3,6,2,5,5
"4449","G0445","G0445_09","inactive",22,32,24,14,23,25,14,20
"4450","G0445","G0445_10","inactive",7,8,0,3,8,4,1,5
"4451","G0446","G0446_01","inactive",8,13,12,9,18,15,19,13
"4452","G0446","G0446_02","inactive",8,11,16,12,12,8,8,9
"4453","G0446","G0446_03","inactive",5,22,5,7,10,8,11,11
"4454","G0446","G0446_04","inactive",5,4,11,3,6,7,16,11
"4455","G0446","G0446_05","inactive",5,8,8,2,8,5,4,5
"4456","G0446","G0446_06","inactive",5,3,2,7,5,7,1,11
"4457","G0446","G0446_07","inactive",7,24,14,11,25,10,15,8
"4458","G0446","G0446_08","inactive",3,3,7,2,2,2,3,2
"4459","G0446","G0446_09","inactive",3,8,9,4,3,3,3,6
"4460","G0446","G0446_10","inactive",3,22,14,6,3,19,13,6
"4461","G0447","G0447_01","inactive",7,6,7,11,3,5,8,13
"4462","G0447","G0447_02","inactive",10,23,7,9,15,11,8,14
"4463","G0447","G0447_03","inactive",12,27,16,12,23,12,24,21
"4464","G0447","G0447_04","inactive",6,29,20,15,17,27,25,18
"4465","G0447","G0447_05","inactive",13,31,21,10,17,18,20,17
"4466","G0447","G0447_06","inactive",24,48,26,36,44,43,35,37
"4467","G0447","G0447_07","inactive",6,9,8,13,9,9,21,4
"4468","G0447","G0447_08","inactive",2,6,6,6,1,14,7,7
"4469","G0447","G0447_09","inactive",6,18,7,9,12,9,11,5
"4470","G0447","G0447_10","inactive",15,10,12,10,18,19,9,14
"4471","G0448","G0448_01","inactive",6,15,18,9,18,10,19,13
"4472","G0448","G0448_02","inactive",8,31,22,4,23,18,15,1
"4473","G0448","G0448_03","inactive",3,1,1,2,2,2,0,2
"4474","G0448","G0448_04","inactive",3,2,0,1,4,0,1,4
"4475","G0448","G0448_05","inactive",2,5,6,4,3,7,5,7
"4476","G0448","G0448_06","inactive",1,5,2,3,2,6,1,3
"4477","G0448","G0448_07","inactive",9,5,17,11,8,8,4,14
"4478","G0448","G0448_08","inactive",5,14,4,6,9,14,8,7
"4479","G0448","G0448_09","inactive",3,16,6,8,7,10,11,6
"4480","G0448","G0448_10","inactive",11,35,9,13,23,29,11,10
"4481","G0449","G0449_01","inactive",10,25,21,16,21,15,19,16
"4482","G0449","G0449_02","inactive",2,4,2,6,7,3,7,4
"4483","G0449","G0449_03","inactive",0,6,1,1,5,3,2,7
"4484","G0449","G0449_04","inactive",10,36,19,24,13,34,14,24
"4485","G0449","G0449_05","inactive",12,27,12,6,15,19,14,9
"4486","G0449","G0449_06","inactive",9,15,9,8,7,8,9,6
"4487","G0449","G0449_07","inactive",12,22,16,24,22,22,13,30
"4488","G0449","G0449_08","inactive",13,21,11,8,15,20,12,20
"4489","G0449","G0449_09","inactive",5,14,10,9,9,7,11,11
"4490","G0449","G0449_10","inactive",4,15,14,14,13,17,20,7
"4491","G0450","G0450_01","decreasing",4,10,4,0,10,1,5,6
"4492","G0450","G0450_02","decreasing",4,12,5,4,7,7,8,7
"4493","G0450","G0450_03","decreasing",19,48,32,29,27,26,20,19
"4494","G0450","G0450_04","decreasing",3,14,2,5,7,5,0,2
"4495","G0450","G0450_05","decreasing",4,2,4,0,7,1,3,3
"4496","G0450","G0450_06","decreasing",0,10,3,5,5,5,0,4
"4497","G0450","G0450_07","decreasing",20,41,19,25,21,19,17,18
"4498","G0450","G0450_08","decreasing",3,5,5,7,13,4,4,5
"4499","G0450","G0450_09","decreasing",14,38,19,12,12,26,12,6
"4500","G0450","G0450_10","decreasing",13,21,31,21,9,15,19,10
"4501","G0451","G0451_01","inactive",28,62,41,33,63,54,36,36
"4502","G0451","G0451_02","inactive",10,24,6,12,23,29,12,11
"4503","G0451","G0451_03","inactive",2,2,6,1,4,2,3,2
"4504","G0451","G0451_04","inactive",7,10,3,3,8,5,5,2
"4505","G0451","G0451_05","inactive",0,10,10,5,4,2,7,3
"4506","G0451","G0451_06","inactive",3,10,3,1,5,4,2,1
"4507","G0451","G0451_07","inactive",4,9,9,8,13,13,11,5
"4508","G0451","G0451_08","inactive",9,11,19,12,12,11,13,8
"4509","G0451","G0451_09","inactive",6,15,9,7,10,7,9,11
"4510","G0451","G0451_10","inactive",12,33,20,16,22,25,27,17
"4511","G0452","G0452_01","inactive",35,88,47,46,62,66,59,56
"4512","G0452","G0452_02","inactive",7,3,0,4,3,5,3,0
"4513","G0452","G0452_03","inactive",5,16,8,12,8,18,13,7
"4514","G0452","G0452_04","inactive",9,10,10,6,10,8,10,5
"4515","G0452","G0452_05","inactive",6,13,8,14,15,10,14,16
"4516","G0452","G0452_06","inactive",1,19,14,9,3,14,13,4
"4517","G0452","G0452_07","inactive",1,11,3,3,4,8,6,2
"4518","G0452","G0452_08","inactive",8,17,12,15,15,15,12,10
"4519","G0452","G0452_09","inactive",5,6,7,0,4,1,8,1
"4520","G0452","G0452_10","inactive",7,11,15,11,9,11,8,16
"4521","G0453","G0453_01","inactive",26,62,53,45,41,44,42,46
"4522","G0453","G0453_02","inactive",2,17,8,10,14,11,10,15
"4523","G0453","G0453_03","inactive",3,6,9,3,10,6,4,3
"4524","G0453","G0453_04","inactive",8,9,10,3,10,6,10,5
"4525","G0453","G0453_05","inactive",11,14,15,16,12,14,12,10
"4526","G0453","G0453_06","inactive",3,14,7,9,2,9,10,9
"4527","G0453","G0453_07","inactive",5,1,4,6,10,3,8,4
"4528","G0453","G0453_08","inactive",13,14,15,5,12,13,7,8
"4529","G0453","G0453_09","inactive",5,11,2,11,10,7,5,8
"4530","G0453","G0453_10","inactive",5,2,7,4,7,3,5,3
"4531","G0454","G0454_01","increasing",2,7,3,4,0,9,4,12
"4532","G0454","G0454_02","increasing",13,29,31,21,36,39,29,43
"4533","G0454","G0454_03","increasing",1,4,5,5,8,3,20,8
"4534","G0454","G0454_04","increasing",2,9,9,10,10,11,19,11
"4535","G0454","G0454_05","increasing",11,14,21,13,21,12,23,13
"4536","G0454","G0454_06","increasing",4,3,8,3,4,11,12,11
"4537","G0454","G0454_07","increasing",19,42,30,30,53,41,39,27
"4538","G0454","G0454_08","increasing",7,25,9,6,16,16,18,13
"4539","G0454","G0454_09","increasing",2,5,2,0,4,3,3,3
"4540","G0454","G0454_10","increasing",22,19,10,14,33,18,17,21
"4541","G0455","G0455_01","inactive",6,32,13,7,19,15,12,9
"4542","G0455","G0455_02","inactive",2,6,5,0,0,2,2,2
"4543","G0455","G0455_03","inactive",11,51,37,33,20,36,33,35
"4544","G0455","G0455_04","inactive",17,42,31,15,31,30,21,17
"4545","G0455","G0455_05","inactive",13,26,23,21,28,21,9,29
"4546","G0455","G0455_06","inactive",5,4,10,1,7,2,2,3
"4547","G0455","G0455_07","inactive",9,7,5,7,14,1,5,11
"4548","G0455","G0455_08","inactive",6,12,13,14,7,13,7,4
"4549","G0455","G0455_09","inactive",5,10,7,2,9,17,5,3
"4550","G0455","G0455_10","inactive",3,7,9,4,6,3,5,8
"4551","G0456","G0456_01","decreasing",8,15,12,8,19,13,13,10
"4552","G0456","G0456_02","decreasing",4,12,15,5,8,14,10,2
"4553","G0456","G0456_03","decreasing",24,20,17,14,20,11,5,9
"4554","G0456","G0456_04","decreasing",18,22,16,28,14,16,17,20
"4555","G0456","G0456_05","decreasing",7,21,12,11,7,9,11,9
"4556","G0456","G0456_06","decreasing",5,14,19,14,8,4,6,1
"4557","G0456","G0456_07","decreasing",5,7,5,2,4,6,1,3
"4558","G0456","G0456_08","decreasing",2,10,6,14,6,1,5,3
"4559","G0456","G0456_09","decreasing",9,27,9,5,4,18,11,12
"4560","G0456","G0456_10","decreasing",64,101,90,61,74,52,61,40
"4561","G0457","G0457_01","inactive",7,11,7,11,13,9,8,10
"4562","G0457","G0457_02","inactive",4,8,14,3,6,11,8,11
"4563","G0457","G0457_03","inactive",10,10,8,5,17,20,9,4
"4564","G0457","G0457_04","inactive",3,3,11,4,7,5,12,7
"4565","G0457","G0457_05","inactive",4,17,7,8,18,8,9,3
"4566","G0457","G0457_06","inactive",14,43,12,13,14,36,33,19
"4567","G0457","G0457_07","inactive",5,11,4,9,6,7,10,6
"4568","G0457","G0457_08","inactive",16,16,23,8,26,24,21,24
"4569","G0457","G0457_09","inactive",4,20,3,4,6,16,7,4
"4570","G0457","G0457_10","inactive",12,21,15,15,23,20,12,12
"4571","G0458","G0458_01","inactive",4,7,3,4,7,7,3,1
"4572","G0458","G0458_02","inactive",3,7,20,9,11,13,12,12
"4573","G0458","G0458_03","inactive",3,10,0,1,1,2,1,1
"4574","G0458","G0458_04","inactive",9,6,10,5,7,8,17,9
"4575","G0458","G0458_05","inactive",13,27,7,8,11,16,9,8
"4576","G0458","G0458_06","inactive",13,23,8,27,31,21,17,24
"4577","G0458","G0458_07","inactive",10,38,27,26,25,20,18,26
"4578","G0458","G0458_08","inactive",7,8,7,2,12,2,6,9
"4579","G0458","G0458_09","inactive",5,26,6,3,14,12,8,4
"4580","G0458","G0458_10","inactive",9,20,8,5,21,17,8,11
"4581","G0459","G0459_01","inactive",10,12,9,4,21,13,12,9
"4582","G0459","G0459_02","inactive",9,16,9,8,26,12,20,9
"4583","G0459","G0459_03","inactive",11,27,16,11,19,20,11,7
"4584","G0459","G0459_04","inactive",4,6,5,3,8,1,2,5
"4585","G0459","G0459_05","inactive",0,13,1,4,7,9,8,9
"4586","G0459","G0459_06","inactive",3,3,1,1,10,2,0,3
"4587","G0459","G0459_07","inactive",2,6,4,6,3,7,11,11
"4588","G0459","G0459_08","inactive",29,37,20,29,39,44,35,35
"4589","G0459","G0459_09","inactive",8,25,14,9,11,12,18,12
"4590","G0459","G0459_10","inactive",7,23,13,15,17,13,12,11
"4591","G0460","G0460_01","inactive",11,18,8,8,11,12,19,14
"4592","G0460","G0460_02","inactive",8,19,19,15,17,16,20,20
"4593","G0460","G0460_03","inactive",2,4,4,3,4,2,3,3
"4594","G0460","G0460_04","inactive",2,3,2,2,3,3,1,6
"4595","G0460","G0460_05","inactive",7,7,6,6,13,11,12,6
"4596","G0460","G0460_06","inactive",2,8,2,6,2,8,6,4
"4597","G0460","G0460_07","inactive",6,28,11,22,18,21,11,20
"4598","G0460","G0460_08","inactive",1,3,5,2,7,7,7,2
"4599","G0460","G0460_09","inactive",7,14,15,4,9,6,5,9
"4600","G0460","G0460_10","inactive",9,28,14,4,18,20,14,10
"4601","G0461","G0461_01","inactive",0,1,1,1,0,1,2,2
"4602","G0461","G0461_02","inactive",5,13,9,4,6,7,6,3
"4603","G0461","G0461_03","inactive",4,3,7,4,7,3,5,6
"4604","G0461","G0461_04","inactive",4,3,3,6,4,5,1,6
"4605","G0461","G0461_05","inactive",7,17,7,5,8,12,7,8
"4606","G0461","G0461_06","inactive",8,13,13,9,4,5,10,14
"4607","G0461","G0461_07","inactive",8,5,3,7,7,4,9,11
"4608","G0461","G0461_08","inactive",22,41,30,37,40,35,34,37
"4609","G0461","G0461_09","inactive",12,50,35,20,20,26,34,29
"4610","G0461","G0461_10","inactive",8,4,13,3,10,5,9,4
"4611","G0462","G0462_01","inactive",3,9,2,5,5,2,2,1
"4612","G0462","G0462_02","inactive",77,110,53,64,91,81,66,60
"4613","G0462","G0462_03","inactive",22,41,31,15,37,40,25,19
"4614","G0462","G0462_04","inactive",0,4,1,3,5,6,1,1
"4615","G0462","G0462_05","inactive",5,3,1,3,4,4,3,3
"4616","G0462","G0462_06","inactive",20,27,14,14,29,22,17,27
"4617","G0462","G0462_07","inactive",11,17,4,10,20,12,9,11
"4618","G0462","G0462_08","inactive",9,12,10,15,5,9,4,11
"4619","G0462","G0462_09","inactive",12,15,16,19,12,12,13,16
"4620","G0462","G0462_10","inactive",8,16,4,8,11,14,5,4
"4621","G0463","G0463_01","inactive",8,20,14,10,16,16,11,12
"4622","G0463","G0463_02","inactive",0,6,4,2,2,5,0,2
"4623","G0463","G0463_03","inactive",4,3,2,5,5,5,7,5
"4624","G0463","G0463_04","inactive",15,24,14,16,30,28,13,14
"4625","G0463","G0463_05","inactive",4,4,4,4,5,4,4,2
"4626","G0463","G0463_06","inactive",3,11,6,4,9,8,6,4
"4627","G0463","G0463_07","inactive",15,35,29,20,33,32,21,28
"4628","G0463","G0463_08","inactive",5,4,13,11,11,0,8,4
"4629","G0463","G0463_09","inactive",0,6,4,3,3,6,2,3
"4630","G0463","G0463_10","inactive",12,26,18,16,29,13,14,17
"4631","G0464","G0464_01","negcontrol",19,22,19,14,28,17,26,9
"4632","G0464","G0464_02","negcontrol",6,6,4,5,2,5,9,8
"4633","G0464","G0464_03","negcontrol",8,7,8,5,1,2,8,7
"4634","G0464","G0464_04","negcontrol",9,25,6,4,11,16,5,9
"4635","G0464","G0464_05","negcontrol",9,14,15,7,9,8,26,11
"4636","G0464","G0464_06","negcontrol",4,9,1,3,8,5,4,2
"4637","G0464","G0464_07","negcontrol",8,15,7,6,11,18,17,9
"4638","G0464","G0464_08","negcontrol",3,10,10,3,4,5,4,6
"4639","G0464","G0464_09","negcontrol",3,5,7,12,3,13,4,13
"4640","G0464","G0464_10","negcontrol",28,44,31,20,42,45,41,30
"4641","G0465","G0465_01","inactive",5,18,11,5,9,11,10,11
"4642","G0465","G0465_02","inactive",33,42,37,30,44,35,38,27
"4643","G0465","G0465_03","inactive",27,47,30,24,18,32,34,23
"4644","G0465","G0465_04","inactive",7,7,6,1,7,6,2,0
"4645","G0465","G0465_05","inactive",9,17,10,13,10,12,10,20
"4646","G0465","G0465_06","inactive",4,8,7,7,4,11,11,10
"4647","G0465","G0465_07","inactive",1,9,6,6,1,1,10,6
"4648","G0465","G0465_08","inactive",8,10,5,8,8,5,3,5
"4649","G0465","G0465_09","inactive",19,52,18,16,20,25,25,14
"4650","G0465","G0465_10","inactive",3,10,3,4,3,8,6,2
"4651","G0466","G0466_01","inactive",2,7,9,0,5,3,9,3
"4652","G0466","G0466_02","inactive",3,14,9,10,17,8,19,11
"4653","G0466","G0466_03","inactive",4,15,4,5,4,18,9,5
"4654","G0466","G0466_04","inactive",15,34,11,17,9,26,20,12
"4655","G0466","G0466_05","inactive",12,14,7,13,17,15,11,15
"4656","G0466","G0466_06","inactive",9,8,3,4,3,11,3,3
"4657","G0466","G0466_07","inactive",9,23,9,18,11,18,5,13
"4658","G0466","G0466_08","inactive",14,23,19,11,12,17,21,13
"4659","G0466","G0466_09","inactive",6,6,10,10,13,7,3,5
"4660","G0466","G0466_10","inactive",8,14,8,10,8,22,15,5
"4661","G0467","G0467_01","inactive",10,10,9,10,22,20,14,10
"4662","G0467","G0467_02","inactive",11,39,17,11,25,23,24,11
"4663","G0467","G0467_03","inactive",3,9,8,9,10,7,7,11
"4664","G0467","G0467_04","inactive",6,7,4,6,6,4,2,9
"4665","G0467","G0467_05","inactive",5,10,5,1,4,8,2,7
"4666","G0467","G0467_06","inactive",8,36,19,10,11,18,25,13
"4667","G0467","G0467_07","inactive",9,24,21,10,14,18,21,23
"4668","G0467","G0467_08","inactive",13,28,15,16,11,13,28,8
"4669","G0467","G0467_09","inactive",4,7,6,10,6,9,9,3
"4670","G0467","G0467_10","inactive",5,10,7,7,5,10,4,10
"4671","G0468","G0468_01","inactive",9,10,8,13,5,17,10,5
"4672","G0468","G0468_02","inactive",0,1,0,3,5,1,0,1
"4673","G0468","G0468_03","inactive",3,20,13,8,9,13,8,16
"4674","G0468","G0468_04","inactive",0,5,3,1,0,1,3,4
"4675","G0468","G0468_05","inactive",13,10,3,5,12,10,10,4
"4676","G0468","G0468_06","inactive",10,14,27,12,20,23,21,21
"4677","G0468","G0468_07","inactive",14,16,13,16,26,17,16,23
"4678","G0468","G0468_08","inactive",18,32,21,13,24,32,24,17
"4679","G0468","G0468_09","inactive",11,18,14,13,12,15,18,16
"4680","G0468","G0468_10","inactive",2,3,0,2,2,1,1,8
"4681","G0469","G0469_01","inactive",7,28,11,15,24,27,16,13
"4682","G0469","G0469_02","inactive",4,9,6,9,9,15,15,7
"4683","G0469","G0469_03","inactive",40,90,53,51,58,78,54,42
"4684","G0469","G0469_04","inactive",5,4,12,13,7,7,5,21
"4685","G0469","G0469_05","inactive",5,14,2,5,11,7,5,2
"4686","G0469","G0469_06","inactive",5,12,10,13,6,9,13,7
"4687","G0469","G0469_07","inactive",9,14,8,11,10,11,9,4
"4688","G0469","G0469_08","inactive",5,8,15,9,14,9,12,7
"4689","G0469","G0469_09","inactive",8,18,6,9,2,9,7,5
"4690","G0469","G0469_10","inactive",1,8,3,4,1,6,5,1
"4691","G0470","G0470_01","inactive",9,2,7,10,10,8,6,6
"4692","G0470","G0470_02","inactive",24,58,23,26,40,58,35,34
"4693","G0470","G0470_03","inactive",11,28,33,10,17,27,29,10
"4694","G0470","G0470_04","inactive",13,21,24,2,19,18,18,14
"4695","G0470","G0470_05","inactive",4,19,8,11,14,14,14,15
"4696","G0470","G0470_06","inactive",10,22,4,8,12,17,12,4
"4697","G0470","G0470_07","inactive",2,1,3,1,6,1,10,5
"4698","G0470","G0470_08","inactive",13,32,34,20,30,8,31,26
"4699","G0470","G0470_09","inactive",4,13,7,4,9,4,7,9
"4700","G0470","G0470_10","inactive",1,0,9,1,4,3,4,1
"4701","G0471","G0471_01","inactive",2,1,7,1,4,3,6,4
"4702","G0471","G0471_02","inactive",7,18,7,6,7,13,2,8
"4703","G0471","G0471_03","inactive",16,40,30,17,28,45,25,34
"4704","G0471","G0471_04","inactive",1,3,4,6,3,6,5,9
"4705","G0471","G0471_05","inactive",11,28,11,6,15,12,9,8
"4706","G0471","G0471_06","inactive",4,8,4,0,3,11,3,4
"4707","G0471","G0471_07","inactive",8,23,17,12,20,23,17,21
"4708","G0471","G0471_08","inactive",6,0,2,3,9,1,7,3
"4709","G0471","G0471_09","inactive",3,1,1,5,7,0,0,7
"4710","G0471","G0471_10","inactive",12,17,22,21,18,19,19,18
"4711","G0472","G0472_01","inactive",2,2,9,4,2,5,10,6
"4712","G0472","G0472_02","inactive",12,9,6,8,16,10,17,10
"4713","G0472","G0472_03","inactive",4,13,2,6,4,11,2,4
"4714","G0472","G0472_04","inactive",2,8,1,4,3,6,4,1
"4715","G0472","G0472_05","inactive",6,11,3,5,10,6,6,8
"4716","G0472","G0472_06","inactive",8,16,15,6,18,14,13,13
"4717","G0472","G0472_07","inactive",12,29,20,9,21,15,17,9
"4718","G0472","G0472_08","inactive",3,14,5,5,2,7,2,10
"4719","G0472","G0472_09","inactive",8,19,17,12,11,20,17,11
"4720","G0472","G0472_10","inactive",14,23,20,17,19,18,35,21
"4721","G0473","G0473_01","inactive",8,25,12,13,13,17,16,19
"4722","G0473","G0473_02","inactive",2,11,2,4,1,7,4,3
"4723","G0473","G0473_03","inactive",7,9,12,8,13,5,8,7
"4724","G0473","G0473_04","inactive",7,22,21,2,15,12,5,6
"4725","G0473","G0473_05","inactive",10,15,11,13,25,20,15,14
"4726","G0473","G0473_06","inactive",12,36,30,20,37,31,39,12
"4727","G0473","G0473_07","inactive",11,37,16,13,21,19,22,21
"4728","G0473","G0473_08","inactive",7,30,13,4,15,24,13,3
"4729","G0473","G0473_09","inactive",8,22,13,12,27,19,20,23
"4730","G0473","G0473_10","inactive",3,16,11,10,8,4,10,9
"4731","G0474","G0474_01","negcontrol",18,18,13,13,18,18,15,18
"4732","G0474","G0474_02","negcontrol",13,28,17,6,21,27,18,12
"4733","G0474","G0474_03","negcontrol",3,11,11,12,10,6,9,9
"4734","G0474","G0474_04","negcontrol",6,23,18,4,4,25,22,7
"4735","G0474","G0474_05","negcontrol",6,30,9,14,7,22,7,8
"4736","G0474","G0474_06","negcontrol",22,54,36,30,37,39,30,18
"4737","G0474","G0474_07","negcontrol",3,20,11,12,13,10,20,14
"4738","G0474","G0474_08","negcontrol",13,17,13,3,21,15,11,17
"4739","G0474","G0474_09","negcontrol",11,7,11,8,10,12,8,7
"4740","G0474","G0474_10","negcontrol",2,10,9,6,7,7,10,6
"4741","G0475","G0475_01","inactive",2,10,11,5,4,5,10,12
"4742","G0475","G0475_02","inactive",13,25,14,18,24,28,20,24
"4743","G0475","G0475_03","inactive",12,52,30,34,34,29,33,25
"4744","G0475","G0475_04","inactive",37,67,56,30,57,54,57,28
"4745","G0475","G0475_05","inactive",11,27,15,12,24,11,28,18
"4746","G0475","G0475_06","inactive",5,7,10,13,12,8,19,15
"4747","G0475","G0475_07","inactive",12,33,13,12,11,22,14,9
"4748","G0475","G0475_08","inactive",10,22,17,13,15,20,23,7
"4749","G0475","G0475_09","inactive",6,13,8,2,9,10,3,4
"4750","G0475","G0475_10","inactive",15,20,15,16,32,15,18,18
"4751","G0476","G0476_01","inactive",18,25,17,13,25,24,8,24
"4752","G0476","G0476_02","inactive",9,17,22,8,14,13,15,8
"4753","G0476","G0476_03","inactive",7,19,13,11,23,14,24,6
"4754","G0476","G0476_04","inactive",27,64,52,34,53,41,58,39
"4755","G0476","G0476_05","inactive",12,15,10,8,21,14,20,13
"4756","G0476","G0476_06","inactive",20,31,40,17,37,34,31,16
"4757","G0476","G0476_07","inactive",1,13,11,12,11,18,18,15
"4758","G0476","G0476_08","inactive",5,2,6,4,11,6,2,5
"4759","G0476","G0476_09","inactive",5,5,3,5,5,2,0,3
"4760","G0476","G0476_10","inactive",11,21,6,12,16,9,8,10
"4761","G0477","G0477_01","inactive",8,14,4,4,9,3,4,7
"4762","G0477","G0477_02","inactive",6,8,6,8,5,8,4,5
"4763","G0477","G0477_03","inactive",5,19,8,7,8,14,5,11
"4764","G0477","G0477_04","inactive",0,3,0,0,4,0,0,3
"4765","G0477","G0477_05","inactive",3,4,7,4,2,1,5,3
"4766","G0477","G0477_06","inactive",0,8,7,5,1,7,7,9
"4767","G0477","G0477_07","inactive",10,39,28,29,32,44,26,24
"4768","G0477","G0477_08","inactive",1,1,4,5,8,3,5,8
"4769","G0477","G0477_09","inactive",25,41,24,28,34,30,31,21
"4770","G0477","G0477_10","inactive",1,4,2,2,5,3,6,1
"4771","G0478","G0478_01","negcontrol",22,34,37,21,28,23,28,34
"4772","G0478","G0478_02","negcontrol",12,26,20,23,29,32,22,27
"4773","G0478","G0478_03","negcontrol",6,15,4,5,5,9,3,3
"4774","G0478","G0478_04","negcontrol",5,20,10,12,9,12,16,10
"4775","G0478","G0478_05","negcontrol",4,11,7,6,5,4,5,8
"4776","G0478","G0478_06","negcontrol",0,5,4,2,6,3,0,6
"4777","G0478","G0478_07","negcontrol",4,2,1,4,2,1,3,0
"4778","G0478","G0478_08","negcontrol",9,24,16,19,19,14,14,17
"4779","G0478","G0478_09","negcontrol",0,14,5,3,9,9,8,11
"4780","G0478","G0478_10","negcontrol",11,8,8,10,18,11,19,7
"4781","G0479","G0479_01","inactive",7,20,15,19,10,19,23,19
"4782","G0479","G0479_02","inactive",6,9,4,7,8,11,4,5
"4783","G0479","G0479_03","inactive",10,10,8,7,24,7,10,2
"4784","G0479","G0479_04","inactive",3,6,2,1,4,4,1,4
"4785","G0479","G0479_05","inactive",2,1,9,2,5,2,6,6
"4786","G0479","G0479_06","inactive",5,18,12,12,13,18,7,8
"4787","G0479","G0479_07","inactive",14,33,43,12,30,23,25,19
"4788","G0479","G0479_08","inactive",12,14,9,9,13,20,8,18
"4789","G0479","G0479_09","inactive",2,7,15,6,9,17,16,7
"4790","G0479","G0479_10","inactive",2,8,2,1,4,2,4,1
"4791","G0480","G0480_01","inactive",3,8,3,2,2,5,5,4
"4792","G0480","G0480_02","inactive",2,3,6,6,8,2,8,3
"4793","G0480","G0480_03","inactive",12,22,9,17,21,12,12,20
"4794","G0480","G0480_04","inactive",7,9,5,8,3,6,8,9
"4795","G0480","G0480_05","inactive",3,12,3,3,5,5,4,4
"4796","G0480","G0480_06","inactive",5,4,5,3,5,2,5,2
"4797","G0480","G0480_07","inactive",3,3,4,5,9,7,5,5
"4798","G0480","G0480_08","inactive",6,6,1,2,10,14,7,3
"4799","G0480","G0480_09","inactive",9,18,9,6,5,8,5,6
"4800","G0480","G0480_10","inactive",12,30,18,8,13,18,24,11
"4801","G0481","G0481_01","inactive",5,8,4,9,10,7,11,14
"4802","G0481","G0481_02","inactive",8,14,18,7,7,12,20,10
"4803","G0481","G0481_03","inactive",3,25,13,17,6,22,13,12
"4804","G0481","G0481_04","inactive",3,3,6,1,7,1,2,2
"4805","G0481","G0481_05","inactive",6,24,12,6,13,8,9,10
"4806","G0481","G0481_06","inactive",15,9,6,4,10,5,8,1
"4807","G0481","G0481_07","inactive",8,28,10,10,7,20,8,15
"4808","G0481","G0481_08","inactive",5,15,16,13,9,14,18,9
"4809","G0481","G0481_09","inactive",15,16,14,6,25,17,22,3
"4810","G0481","G0481_10","inactive",12,23,28,10,19,18,27,18
"4811","G0482","G0482_01","inactive",15,14,16,15,14,11,15,11
"4812","G0482","G0482_02","inactive",18,20,18,19,32,24,16,28
"4813","G0482","G0482_03","inactive",5,16,23,7,15,12,26,8
"4814","G0482","G0482_04","inactive",0,4,0,0,0,2,2,0
"4815","G0482","G0482_05","inactive",8,18,4,13,11,6,5,21
"4816","G0482","G0482_06","inactive",4,13,17,8,14,24,15,9
"4817","G0482","G0482_07","inactive",9,20,9,13,9,20,15,6
"4818","G0482","G0482_08","inactive",4,12,7,3,10,9,7,1
"4819","G0482","G0482_09","inactive",3,23,7,5,3,10,7,7
"4820","G0482","G0482_10","inactive",3,9,3,2,4,3,4,2
"4821","G0483","G0483_01","inactive",6,20,14,8,9,11,7,10
"4822","G0483","G0483_02","inactive",18,27,37,24,23,21,51,24
"4823","G0483","G0483_03","inactive",16,25,12,8,18,21,13,9
"4824","G0483","G0483_04","inactive",0,11,13,3,3,6,10,2
"4825","G0483","G0483_05","inactive",15,33,13,13,15,29,11,33
"4826","G0483","G0483_06","inactive",1,2,1,5,7,1,7,2
"4827","G0483","G0483_07","inactive",8,22,24,8,21,29,23,22
"4828","G0483","G0483_08","inactive",2,2,2,2,3,0,1,2
"4829","G0483","G0483_09","inactive",5,13,12,5,7,6,11,10
"4830","G0483","G0483_10","inactive",10,13,11,17,19,6,12,6
"4831","G0484","G0484_01","inactive",3,5,3,3,3,2,8,2
"4832","G0484","G0484_02","inactive",7,23,19,5,12,11,14,7
"4833","G0484","G0484_03","inactive",7,15,15,10,12,22,14,15
"4834","G0484","G0484_04","inactive",2,3,9,2,10,2,6,0
"4835","G0484","G0484_05","inactive",1,8,1,2,2,3,3,7
"4836","G0484","G0484_06","inactive",11,29,8,14,24,37,15,23
"4837","G0484","G0484_07","inactive",5,42,17,19,20,38,15,22
"4838","G0484","G0484_08","inactive",0,8,3,2,1,4,2,1
"4839","G0484","G0484_09","inactive",1,12,4,13,8,14,6,4
"4840","G0484","G0484_10","inactive",15,35,18,16,17,24,10,15
"4841","G0485","G0485_01","increasing",11,26,15,10,26,40,22,27
"4842","G0485","G0485_02","increasing",6,14,9,10,16,16,18,10
"4843","G0485","G0485_03","increasing",11,15,8,5,24,9,20,20
"4844","G0485","G0485_04","increasing",1,4,7,2,0,6,8,5
"4845","G0485","G0485_05","increasing",6,22,4,3,12,17,13,5
"4846","G0485","G0485_06","increasing",3,3,10,1,5,10,8,3
"4847","G0485","G0485_07","increasing",14,20,25,24,46,42,33,35
"4848","G0485","G0485_08","increasing",33,58,48,36,85,70,60,67
"4849","G0485","G0485_09","increasing",10,8,4,11,31,13,8,13
"4850","G0485","G0485_10","increasing",4,4,3,6,13,5,15,10
"4851","G0486","G0486_01","inactive",7,16,3,4,6,6,3,5
"4852","G0486","G0486_02","inactive",5,26,20,10,7,13,18,10
"4853","G0486","G0486_03","inactive",7,18,7,6,8,8,6,4
"4854","G0486","G0486_04","inactive",6,17,10,11,12,9,8,15
"4855","G0486","G0486_05","inactive",1,4,6,4,7,5,6,5
"4856","G0486","G0486_06","inactive",16,20,20,16,27,17,24,16
"4857","G0486","G0486_07","inactive",10,15,3,8,14,19,15,9
"4858","G0486","G0486_08","inactive",11,16,2,11,17,8,10,11
"4859","G0486","G0486_09","inactive",0,0,0,1,0,0,0,3
"4860","G0486","G0486_10","inactive",4,11,11,4,19,10,19,5
"4861","G0487","G0487_01","inactive",8,18,12,15,12,14,17,22
"4862","G0487","G0487_02","inactive",3,3,11,4,3,2,7,7
"4863","G0487","G0487_03","inactive",5,13,3,6,2,4,7,5
"4864","G0487","G0487_04","inactive",9,29,29,13,14,27,25,14
"4865","G0487","G0487_05","inactive",10,11,23,4,16,8,8,7
"4866","G0487","G0487_06","inactive",7,12,13,4,16,18,12,15
"4867","G0487","G0487_07","inactive",12,10,13,7,16,14,7,6
"4868","G0487","G0487_08","inactive",6,28,20,20,17,13,17,13
"4869","G0487","G0487_09","inactive",4,11,1,7,11,10,1,16
"4870","G0487","G0487_10","inactive",8,2,2,3,8,5,5,4
"4871","G0488","G0488_01","inactive",0,14,0,5,3,8,4,4
"4872","G0488","G0488_02","inactive",3,6,3,2,4,5,3,1
"4873","G0488","G0488_03","inactive",15,25,24,11,26,26,31,7
"4874","G0488","G0488_04","inactive",9,14,15,19,10,18,16,22
"4875","G0488","G0488_05","inactive",7,3,2,4,5,3,1,0
"4876","G0488","G0488_06","inactive",10,20,25,16,17,25,19,18
"4877","G0488","G0488_07","inactive",3,5,2,4,5,4,4,1
"4878","G0488","G0488_08","inactive",7,5,9,5,6,15,6,3
"4879","G0488","G0488_09","inactive",8,11,14,8,12,7,10,5
"4880","G0488","G0488_10","inactive",4,10,6,2,4,4,7,2
"4881","G0489","G0489_01","inactive",0,6,2,5,3,2,6,1
"4882","G0489","G0489_02","inactive",4,25,9,5,13,13,15,9
"4883","G0489","G0489_03","inactive",0,4,2,3,1,1,1,5
"4884","G0489","G0489_04","inactive",5,9,14,1,9,10,11,2
"4885","G0489","G0489_05","inactive",9,8,5,7,14,5,6,7
"4886","G0489","G0489_06","inactive",10,18,13,4,29,26,18,8
"4887","G0489","G0489_07","inactive",10,9,4,4,14,3,9,12
"4888","G0489","G0489_08","inactive",2,10,2,1,5,2,4,1
"4889","G0489","G0489_09","inactive",10,25,20,23,24,20,19,11
"4890","G0489","G0489_10","inactive",4,6,13,11,9,6,7,3
"4891","G0490","G0490_01","inactive",1,0,3,1,2,0,6,2
"4892","G0490","G0490_02","inactive",4,28,9,7,18,11,12,5
"4893","G0490","G0490_03","inactive",8,19,13,5,13,15,12,8
"4894","G0490","G0490_04","inactive",3,6,4,0,2,12,5,1
"4895","G0490","G0490_05","inactive",9,24,25,15,18,24,22,18
"4896","G0490","G0490_06","inactive",4,29,14,11,13,22,15,22
"4897","G0490","G0490_07","inactive",5,9,6,10,5,8,12,8
"4898","G0490","G0490_08","inactive",21,33,35,34,23,25,32,20
"4899","G0490","G0490_09","inactive",4,11,6,8,16,15,12,10
"4900","G0490","G0490_10","inactive",6,16,12,4,13,15,18,9
"4901","G0491","G0491_01","decreasing",3,11,3,7,0,1,1,5
"4902","G0491","G0491_02","decreasing",11,21,16,18,10,10,5,10
"4903","G0491","G0491_03","decreasing",1,16,11,6,4,8,8,12
"4904","G0491","G0491_04","decreasing",4,5,13,4,4,2,8,4
"4905","G0491","G0491_05","decreasing",18,6,11,21,9,11,5,3
"4906","G0491","G0491_06","decreasing",4,0,6,3,1,1,7,2
"4907","G0491","G0491_07","decreasing",2,36,11,8,6,7,6,7
"4908","G0491","G0491_08","decreasing",9,28,20,19,12,13,11,12
"4909","G0491","G0491_09","decreasing",11,20,23,16,9,15,9,12
"4910","G0491","G0491_10","decreasing",6,14,8,7,3,10,1,5
"4911","G0492","G0492_01","inactive",9,21,12,17,10,17,8,6
"4912","G0492","G0492_02","inactive",11,10,3,6,18,11,8,6
"4913","G0492","G0492_03","inactive",6,10,6,3,8,8,9,8
"4914","G0492","G0492_04","inactive",9,18,21,7,12,14,12,7
"4915","G0492","G0492_05","inactive",3,6,7,5,8,7,5,3
"4916","G0492","G0492_06","inactive",43,72,62,53,42,67,58,55
"4917","G0492","G0492_07","inactive",16,24,21,6,18,15,21,9
"4918","G0492","G0492_08","inactive",21,31,31,20,31,17,39,12
"4919","G0492","G0492_09","inactive",5,5,6,4,8,1,5,3
"4920","G0492","G0492_10","inactive",11,16,12,14,18,21,16,14
"4921","G0493","G0493_01","inactive",1,15,3,3,7,12,3,5
"4922","G0493","G0493_02","inactive",1,10,6,1,3,10,6,5
"4923","G0493","G0493_03","inactive",9,23,10,17,13,12,5,9
"4924","G0493","G0493_04","inactive",21,20,10,15,19,12,12,10
"4925","G0493","G0493_05","inactive",5,2,4,3,7,7,6,2
"4926","G0493","G0493_06","inactive",2,1,4,0,8,5,1,1
"4927","G0493","G0493_07","inactive",4,24,6,12,12,11,10,9
"4928","G0493","G0493_08","inactive",2,6,6,1,1,2,7,1
"4929","G0493","G0493_09","inactive",1,7,10,7,4,6,8,11
"4930","G0493","G0493_10","inactive",11,15,15,5,3,5,17,8
"4931","G0494","G0494_01","inactive",2,1,2,3,1,5,5,2
"4932","G0494","G0494_02","inactive",10,15,10,7,18,10,11,7
"4933","G0494","G0494_03","inactive",7,16,8,10,6,9,6,9
"4934","G0494","G0494_04","inactive",5,3,2,6,9,6,2,7
"4935","G0494","G0494_05","inactive",4,5,2,0,4,6,1,2
"4936","G0494","G0494_06","inactive",8,12,12,10,7,5,5,9
"4937","G0494","G0494_07","inactive",7,14,14,18,9,15,14,7
"4938","G0494","G0494_08","inactive",7,6,6,7,3,6,7,8
"4939","G0494","G0494_09","inactive",1,1,1,2,1,2,3,2
"4940","G0494","G0494_10","inactive",7,4,13,6,3,1,6,11
"4941","G0495","G0495_01","inactive",1,4,2,2,1,1,3,5
"4942","G0495","G0495_02","inactive",0,9,4,5,1,14,1,4
"4943","G0495","G0495_03","inactive",2,14,9,1,0,10,4,2
"4944","G0495","G0495_04","inactive",14,29,13,13,25,24,22,12
"4945","G0495","G0495_05","inactive",6,20,7,12,18,20,19,6
"4946","G0495","G0495_06","inactive",3,8,10,12,7,6,8,4
"4947","G0495","G0495_07","inactive",3,21,14,8,12,17,9,9
"4948","G0495","G0495_08","inactive",5,7,2,1,8,1,1,1
"4949","G0495","G0495_09","inactive",9,7,9,4,19,7,9,6
"4950","G0495","G0495_10","inactive",11,16,14,11,14,8,13,4
"4951","G0496","G0496_01","inactive",2,8,7,6,10,10,3,7
"4952","G0496","G0496_02","inactive",22,24,28,28,38,22,26,31
"4953","G0496","G0496_03","inactive",7,21,12,15,9,16,13,10
"4954","G0496","G0496_04","inactive",2,8,6,4,0,3,5,3
"4955","G0496","G0496_05","inactive",7,9,8,10,8,12,6,11
"4956","G0496","G0496_06","inactive",12,18,16,0,16,11,15,7
"4957","G0496","G0496_07","inactive",4,4,7,2,6,1,3,2
"4958","G0496","G0496_08","inactive",8,18,8,11,9,17,13,17
"4959","G0496","G0496_09","inactive",0,12,3,6,1,11,4,8
"4960","G0496","G0496_10","inactive",6,11,9,8,10,9,13,7
"4961","G0497","G0497_01","inactive",4,3,12,3,2,4,4,9
"4962","G0497","G0497_02","inactive",5,13,5,4,9,9,1,5
"4963","G0497","G0497_03","inactive",0,4,1,3,1,4,3,1
"4964","G0497","G0497_04","inactive",0,6,4,3,4,1,2,0
"4965","G0497","G0497_05","inactive",10,38,32,16,17,20,22,19
"4966","G0497","G0497_06","inactive",5,12,12,12,5,6,12,9
"4967","G0497","G0497_07","inactive",15,24,22,21,21,23,26,22
"4968","G0497","G0497_08","inactive",3,18,4,7,12,16,9,6
"4969","G0497","G0497_09","inactive",10,10,4,9,10,11,12,8
"4970","G0497","G0497_10","inactive",7,22,13,23,19,12,9,14
"4971","G0498","G0498_01","decreasing",2,10,5,3,5,12,9,6
"4972","G0498","G0498_02","decreasing",5,11,13,7,10,9,6,1
"4973","G0498","G0498_03","decreasing",6,8,10,7,3,5,4,2
"4974","G0498","G0498_04","decreasing",5,16,12,5,6,8,9,7
"4975","G0498","G0498_05","decreasing",11,34,13,5,20,15,9,5
"4976","G0498","G0498_06","decreasing",1,6,2,4,2,1,3,3
"4977","G0498","G0498_07","decreasing",20,95,39,36,31,38,29,36
"4978","G0498","G0498_08","decreasing",21,62,25,22,43,23,25,14
"4979","G0498","G0498_09","decreasing",6,9,9,12,10,14,14,3
"4980","G0498","G0498_10","decreasing",3,13,6,7,2,6,5,2
"4981","G0499","G0499_01","inactive",6,5,0,8,9,4,5,7
"4982","G0499","G0499_02","inactive",15,19,22,11,13,15,25,17
"4983","G0499","G0499_03","inactive",4,16,4,7,11,10,5,6
"4984","G0499","G0499_04","inactive",10,8,6,1,6,5,4,1
"4985","G0499","G0499_05","inactive",11,21,7,14,13,18,9,19
"4986","G0499","G0499_06","inactive",7,12,5,6,21,12,3,3
"4987","G0499","G0499_07","inactive",20,71,50,19,54,43,46,24
"4988","G0499","G0499_08","inactive",1,9,4,3,8,9,8,5
"4989","G0499","G0499_09","inactive",26,31,30,20,41,26,33,24
"4990","G0499","G0499_10","inactive",5,19,13,9,11,11,8,11
"4991","G0500","G0500_01","inactive",14,23,14,11,18,23,16,13
"4992","G0500","G0500_02","inactive",6,13,10,4,6,10,7,11
"4993","G0500","G0500_03","inactive",37,78,47,36,44,55,49,42
"4994","G0500","G0500_04","inactive",2,9,7,3,10,8,8,7
"4995","G0500","G0500_05","inactive",12,21,21,6,12,22,22,12
"4996","G0500","G0500_06","inactive",4,11,1,4,1,9,2,3
"4997","G0500","G0500_07","inactive",14,19,13,10,25,11,8,6
"4998","G0500","G0500_08","inactive",6,16,17,8,22,28,24,10
"4999","G0500","G0500_09","inactive",14,34,22,21,33,19,32,12
"5000","G0500","G0500_10","inactive",13,26,13,12,12,19,15,9
"5001","G0501","G0501_01","inactive",8,3,7,2,9,4,9,2
"5002","G0501","G0501_02","inactive",0,4,4,6,5,2,9,9
"5003","G0501","G0501_03","inactive",3,17,15,8,6,5,9,7
"5004","G0501","G0501_04","inactive",23,39,21,18,24,39,15,15
"5005","G0501","G0501_05","inactive",11,25,15,16,19,16,16,3
"5006","G0501","G0501_06","inactive",5,10,6,6,11,10,21,3
"5007","G0501","G0501_07","inactive",3,5,5,4,1,2,7,5
"5008","G0501","G0501_08","inactive",4,9,6,4,12,11,11,7
"5009","G0501","G0501_09","inactive",15,14,14,13,31,16,23,13
"5010","G0501","G0501_10","inactive",4,14,13,13,13,11,16,12
"5011","G0502","G0502_01","inactive",4,8,5,8,14,6,10,6
"5012","G0502","G0502_02","inactive",5,14,3,2,8,7,2,3
"5013","G0502","G0502_03","inactive",11,35,22,24,28,17,28,29
"5014","G0502","G0502_04","inactive",22,36,21,15,27,28,32,30
"5015","G0502","G0502_05","inactive",6,7,4,0,9,8,5,3
"5016","G0502","G0502_06","inactive",2,6,3,5,5,2,2,3
"5017","G0502","G0502_07","inactive",14,27,14,20,27,28,16,16
"5018","G0502","G0502_08","inactive",12,44,17,8,25,22,32,11
"5019","G0502","G0502_09","inactive",21,51,10,13,28,28,16,28
"5020","G0502","G0502_10","inactive",12,30,19,14,27,24,30,18
"5021","G0503","G0503_01","decreasing",14,28,14,6,7,8,14,5
"5022","G0503","G0503_02","decreasing",12,11,10,16,11,12,5,6
"5023","G0503","G0503_03","decreasing",9,22,9,6,6,3,5,2
"5024","G0503","G0503_04","decreasing",4,9,4,7,1,4,1,0
"5025","G0503","G0503_05","decreasing",6,13,7,9,13,4,9,6
"5026","G0503","G0503_06","decreasing",11,33,19,18,11,8,5,5
"5027","G0503","G0503_07","decreasing",21,33,19,15,16,15,7,14
"5028","G0503","G0503_08","decreasing",7,2,8,4,6,6,8,3
"5029","G0503","G0503_09","decreasing",2,5,1,8,2,8,1,3
"5030","G0503","G0503_10","decreasing",6,11,10,7,12,7,12,15
"5031","G0504","G0504_01","negcontrol",5,11,13,15,11,10,10,21
"5032","G0504","G0504_02","negcontrol",5,10,8,3,7,12,15,9
"5033","G0504","G0504_03","negcontrol",6,8,9,4,11,2,5,1
"5034","G0504","G0504_04","negcontrol",1,13,2,10,3,16,6,22
"5035","G0504","G0504_05","negcontrol",2,7,5,2,4,5,3,2
"5036","G0504","G0504_06","negcontrol",2,5,3,6,4,7,1,8
"5037","G0504","G0504_07","negcontrol",13,19,8,23,25,28,18,17
"5038","G0504","G0504_08","negcontrol",1,7,4,3,5,5,4,4
"5039","G0504","G0504_09","negcontrol",2,7,7,2,6,10,8,8
"5040","G0504","G0504_10","negcontrol",1,6,3,3,0,8,6,2
"5041","G0505","G0505_01","inactive",2,13,4,9,7,12,4,3
"5042","G0505","G0505_02","inactive",11,27,21,19,25,20,31,18
"5043","G0505","G0505_03","inactive",6,20,11,5,6,16,7,5
"5044","G0505","G0505_04","inactive",4,13,6,5,7,13,11,8
"5045","G0505","G0505_05","inactive",7,17,8,13,16,15,12,18
"5046","G0505","G0505_06","inactive",0,5,5,2,3,2,2,3
"5047","G0505","G0505_07","inactive",1,2,5,1,1,4,9,2
"5048","G0505","G0505_08","inactive",6,16,8,10,11,16,14,4
"5049","G0505","G0505_09","inactive",14,11,16,9,24,15,8,5
"5050","G0505","G0505_10","inactive",0,2,2,1,2,2,4,1
"5051","G0506","G0506_01","inactive",4,2,3,2,8,2,6,4
"5052","G0506","G0506_02","inactive",4,5,7,14,10,9,5,13
"5053","G0506","G0506_03","inactive",2,6,2,0,3,5,5,0
"5054","G0506","G0506_04","inactive",1,10,4,1,1,3,1,3
"5055","G0506","G0506_05","inactive",15,28,23,19,25,24,24,32
"5056","G0506","G0506_06","inactive",11,18,14,13,10,13,17,25
"5057","G0506","G0506_07","inactive",3,5,11,5,7,5,8,2
"5058","G0506","G0506_08","inactive",10,33,7,7,17,22,17,5
"5059","G0506","G0506_09","inactive",4,21,7,9,10,15,10,11
"5060","G0506","G0506_10","inactive",9,18,22,10,7,12,20,21
"5061","G0507","G0507_01","inactive",11,13,13,18,9,15,13,17
"5062","G0507","G0507_02","inactive",15,40,21,11,11,28,25,19
"5063","G0507","G0507_03","inactive",10,21,21,13,17,18,20,16
"5064","G0507","G0507_04","inactive",22,49,18,28,30,30,31,31
"5065","G0507","G0507_05","inactive",1,11,2,9,2,5,5,3
"5066","G0507","G0507_06","inactive",6,22,11,9,14,15,13,13
"5067","G0507","G0507_07","inactive",3,5,3,5,5,3,3,8
"5068","G0507","G0507_08","inactive",0,4,3,2,2,4,2,2
"5069","G0507","G0507_09","inactive",8,31,12,13,12,16,13,13
"5070","G0507","G0507_10","inactive",21,39,32,23,30,33,26,36
"5071","G0508","G0508_01","inactive",1,4,1,0,1,4,3,6
"5072","G0508","G0508_02","inactive",5,5,7,7,7,8,8,5
"5073","G0508","G0508_03","inactive",2,4,2,1,9,4,1,3
"5074","G0508","G0508_04","inactive",5,13,3,4,6,12,1,6
"5075","G0508","G0508_05","inactive",10,14,4,3,14,15,10,12
"5076","G0508","G0508_06","inactive",5,20,12,14,14,15,25,17
"5077","G0508","G0508_07","inactive",16,15,7,6,12,17,10,8
"5078","G0508","G0508_08","inactive",13,10,9,6,11,8,14,10
"5079","G0508","G0508_09","inactive",4,12,8,0,11,9,3,3
"5080","G0508","G0508_10","inactive",6,22,9,4,11,14,7,12
"5081","G0509","G0509_01","inactive",4,7,8,6,5,6,9,6
"5082","G0509","G0509_02","inactive",7,12,10,8,18,4,7,7
"5083","G0509","G0509_03","inactive",2,8,4,2,4,6,1,2
"5084","G0509","G0509_04","inactive",10,17,21,25,14,17,8,17
"5085","G0509","G0509_05","inactive",12,21,8,5,11,24,7,11
"5086","G0509","G0509_06","inactive",0,15,5,6,5,6,4,8
"5087","G0509","G0509_07","inactive",24,56,20,28,34,39,31,26
"5088","G0509","G0509_08","inactive",12,11,15,20,18,14,18,10
"5089","G0509","G0509_09","inactive",9,30,17,7,28,17,15,12
"5090","G0509","G0509_10","inactive",6,9,7,3,5,12,4,9
"5091","G0510","G0510_01","inactive",6,1,2,5,5,5,4,6
"5092","G0510","G0510_02","inactive",10,26,14,9,13,18,16,10
"5093","G0510","G0510_03","inactive",4,7,7,4,5,3,12,8
"5094","G0510","G0510_04","inactive",4,10,8,5,5,7,6,2
"5095","G0510","G0510_05","inactive",2,11,7,4,7,4,13,3
"5096","G0510","G0510_06","inactive",6,15,9,5,4,14,6,6
"5097","G0510","G0510_07","inactive",25,26,16,25,33,27,37,31
"5098","G0510","G0510_08","inactive",3,7,8,4,10,2,11,6
"5099","G0510","G0510_09","inactive",8,9,6,8,11,9,14,5
"5100","G0510","G0510_10","inactive",17,18,4,11,14,20,6,11
"5101","G0511","G0511_01","inactive",21,35,35,19,32,36,29,19
"5102","G0511","G0511_02","inactive",11,12,17,10,16,11,11,8
"5103","G0511","G0511_03","inactive",11,52,28,14,32,26,26,17
"5104","G0511","G0511_04","inactive",10,5,4,5,4,8,2,3
"5105","G0511","G0511_05","inactive",8,8,9,7,11,15,7,8
"5106","G0511","G0511_06","inactive",9,17,7,15,10,15,6,13
"5107","G0511","G0511_07","inactive",5,12,10,6,7,7,6,4
"5108","G0511","G0511_08","inactive",1,3,2,0,6,5,3,2
"5109","G0511","G0511_09","inactive",1,0,1,0,1,1,2,1
"5110","G0511","G0511_10","inactive",7,6,3,14,7,2,5,3
"5111","G0512","G0512_01","inactive",9,28,6,11,7,14,9,15
"5112","G0512","G0512_02","inactive",17,45,19,13,28,26,20,12
"5113","G0512","G0512_03","inactive",1,7,3,8,2,1,5,6
"5114","G0512","G0512_04","inactive",3,4,8,6,9,2,8,4
"5115","G0512","G0512_05","inactive",10,25,14,11,29,18,18,14
"5116","G0512","G0512_06","inactive",2,6,2,5,6,5,4,3
"5117","G0512","G0512_07","inactive",4,20,7,9,9,25,13,12
"5118","G0512","G0512_08","inactive",4,3,4,3,5,0,2,3
"5119","G0512","G0512_09","inactive",0,18,14,8,1,6,8,7
"5120","G0512","G0512_10","inactive",11,25,15,30,16,24,21,18
"5121","G0513","G0513_01","inactive",1,6,4,2,4,11,7,7
"5122","G0513","G0513_02","inactive",2,10,10,6,7,9,14,11
"5123","G0513","G0513_03","inactive",2,7,5,2,6,4,7,6
"5124","G0513","G0513_04","inactive",4,15,18,12,8,16,11,12
"5125","G0513","G0513_05","inactive",8,9,13,11,22,19,10,12
"5126","G0513","G0513_06","inactive",5,8,5,5,1,2,15,5
"5127","G0513","G0513_07","inactive",7,9,11,7,11,4,7,5
"5128","G0513","G0513_08","inactive",32,51,34,30,48,49,50,51
"5129","G0513","G0513_09","inactive",6,5,0,2,3,2,13,7
"5130","G0513","G0513_10","inactive",1,2,0,0,5,1,2,0
"5131","G0514","G0514_01","negcontrol",12,9,7,13,17,4,9,9
"5132","G0514","G0514_02","negcontrol",12,28,24,23,21,26,26,24
"5133","G0514","G0514_03","negcontrol",9,13,15,4,11,6,8,11
"5134","G0514","G0514_04","negcontrol",7,3,3,2,3,6,0,1
"5135","G0514","G0514_05","negcontrol",5,9,6,11,9,3,5,8
"5136","G0514","G0514_06","negcontrol",7,12,4,4,6,7,3,7
"5137","G0514","G0514_07","negcontrol",10,25,9,9,14,24,15,9
"5138","G0514","G0514_08","negcontrol",19,50,23,24,25,44,14,29
"5139","G0514","G0514_09","negcontrol",5,4,8,2,3,5,10,5
"5140","G0514","G0514_10","negcontrol",10,17,17,20,15,24,16,14
"5141","G0515","G0515_01","inactive",10,20,14,13,13,18,22,8
"5142","G0515","G0515_02","inactive",5,14,12,8,7,15,16,8
"5143","G0515","G0515_03","inactive",4,16,9,6,15,6,4,5
"5144","G0515","G0515_04","inactive",5,13,11,9,11,16,11,5
"5145","G0515","G0515_05","inactive",15,20,18,15,24,18,18,19
"5146","G0515","G0515_06","inactive",4,5,1,4,2,7,3,5
"5147","G0515","G0515_07","inactive",2,10,4,8,6,8,5,6
"5148","G0515","G0515_08","inactive",7,15,5,4,19,15,3,7
"5149","G0515","G0515_09","inactive",8,20,8,5,19,16,6,11
"5150","G0515","G0515_10","inactive",12,27,18,15,12,17,23,10
"5151","G0516","G0516_01","inactive",1,6,5,0,3,4,4,2
"5152","G0516","G0516_02","inactive",0,11,3,0,0,6,14,1
"5153","G0516","G0516_03","inactive",18,27,27,11,14,16,19,14
"5154","G0516","G0516_04","inactive",8,23,8,19,17,17,6,5
"5155","G0516","G0516_05","inactive",7,24,11,5,15,16,9,10
"5156","G0516","G0516_06","inactive",9,20,22,19,12,12,21,30
"5157","G0516","G0516_07","inactive",9,1,9,3,7,6,7,0
"5158","G0516","G0516_08","inactive",16,23,18,13,24,28,19,10
"5159","G0516","G0516_09","inactive",7,17,7,10,14,9,14,5
"5160","G0516","G0516_10","inactive",2,18,7,6,8,8,5,4
"5161","G0517","G0517_01","inactive",5,9,3,3,4,6,4,1
"5162","G0517","G0517_02","inactive",3,23,20,19,19,25,17,12
"5163","G0517","G0517_03","inactive",7,27,10,12,8,17,6,13
"5164","G0517","G0517_04","inactive",3,9,6,7,7,10,6,1
"5165","G0517","G0517_05","inactive",11,6,6,5,7,3,2,4
"5166","G0517","G0517_06","inactive",5,24,4,3,9,15,10,18
"5167","G0517","G0517_07","inactive",5,6,11,2,7,8,9,5
"5168","G0517","G0517_08","inactive",5,7,8,4,3,0,4,4
"5169","G0517","G0517_09","inactive",4,1,2,1,7,1,7,3
"5170","G0517","G0517_10","inactive",9,11,5,1,8,4,6,10
"5171","G0518","G0518_01","inactive",5,10,6,4,5,2,3,7
"5172","G0518","G0518_02","inactive",5,9,4,7,3,5,4,6
"5173","G0518","G0518_03","inactive",26,73,28,27,52,48,34,39
"5174","G0518","G0518_04","inactive",10,14,10,11,12,10,15,13
"5175","G0518","G0518_05","inactive",3,10,6,4,5,10,11,6
"5176","G0518","G0518_06","inactive",19,24,14,18,25,27,18,20
"5177","G0518","G0518_07","inactive",1,2,0,3,0,3,0,2
"5178","G0518","G0518_08","inactive",9,15,12,13,16,16,7,9
"5179","G0518","G0518_09","inactive",7,4,3,7,3,3,5,7
"5180","G0518","G0518_10","inactive",7,32,7,13,23,14,11,9
"5181","G0519","G0519_01","inactive",6,7,1,4,13,6,3,5
"5182","G0519","G0519_02","inactive",2,7,7,5,2,7,8,3
"5183","G0519","G0519_03","inactive",7,12,17,13,5,14,17,8
"5184","G0519","G0519_04","inactive",2,9,3,6,8,7,0,4
"5185","G0519","G0519_05","inactive",8,18,12,14,13,16,10,9
"5186","G0519","G0519_06","inactive",11,13,8,9,14,16,9,12
"5187","G0519","G0519_07","inactive",5,6,8,3,4,13,3,3
"5188","G0519","G0519_08","inactive",7,10,1,3,6,2,1,5
"5189","G0519","G0519_09","inactive",25,23,20,15,30,26,26,21
"5190","G0519","G0519_10","inactive",2,7,6,7,10,9,12,9
"5191","G0520","G0520_01","inactive",2,4,0,4,4,0,2,1
"5192","G0520","G0520_02","inactive",17,17,9,8,16,10,7,14
"5193","G0520","G0520_03","inactive",29,39,45,26,38,37,35,28
"5194","G0520","G0520_04","inactive",3,10,7,6,8,6,6,7
"5195","G0520","G0520_05","inactive",2,13,4,6,4,5,2,6
"5196","G0520","G0520_06","inactive",1,0,3,3,1,4,1,1
"5197","G0520","G0520_07","inactive",12,11,6,6,29,19,20,12
"5198","G0520","G0520_08","inactive",7,28,29,10,16,28,28,10
"5199","G0520","G0520_09","inactive",4,3,5,7,12,5,5,1
"5200","G0520","G0520_10","inactive",29,29,27,19,34,22,18,35
"5201","G0521","G0521_01","inactive",1,13,4,3,3,5,9,4
"5202","G0521","G0521_02","inactive",5,19,11,11,5,10,13,10
"5203","G0521","G0521_03","inactive",6,9,8,11,13,3,7,12
"5204","G0521","G0521_04","inactive",8,15,12,9,13,20,18,20
"5205","G0521","G0521_05","inactive",2,4,5,6,3,3,2,9
"5206","G0521","G0521_06","inactive",0,8,0,1,5,2,1,1
"5207","G0521","G0521_07","inactive",18,32,28,15,19,24,30,19
"5208","G0521","G0521_08","inactive",32,32,28,25,36,27,27,31
"5209","G0521","G0521_09","inactive",5,10,10,7,3,9,17,3
"5210","G0521","G0521_10","inactive",8,9,5,9,12,11,10,6
"5211","G0522","G0522_01","inactive",7,7,1,5,12,5,4,14
"5212","G0522","G0522_02","inactive",14,13,7,8,17,10,15,10
"5213","G0522","G0522_03","inactive",8,20,21,5,24,16,25,10
"5214","G0522","G0522_04","inactive",1,14,1,4,3,6,5,4
"5215","G0522","G0522_05","inactive",3,12,6,6,4,11,11,2
"5216","G0522","G0522_06","inactive",1,14,6,5,8,10,4,4
"5217","G0522","G0522_07","inactive",6,11,9,7,15,10,11,5
"5218","G0522","G0522_08","inactive",9,5,11,9,12,10,6,5
"5219","G0522","G0522_09","inactive",3,20,7,3,3,21,7,4
"5220","G0522","G0522_10","inactive",4,16,5,5,9,5,1,5
"5221","G0523","G0523_01","inactive",5,11,5,6,6,4,14,5
"5222","G0523","G0523_02","inactive",3,11,4,2,6,6,5,0
"5223","G0523","G0523_03","inactive",6,13,10,11,5,10,10,28
"5224","G0523","G0523_04","inactive",30,40,23,17,31,31,24,18
"5225","G0523","G0523_05","inactive",9,13,6,3,16,13,6,2
"5226","G0523","G0523_06","inactive",5,15,12,14,12,8,14,6
"5227","G0523","G0523_07","inactive",10,17,11,6,15,24,20,8
"5228","G0523","G0523_08","inactive",18,14,8,17,29,32,19,17
"5229","G0523","G0523_09","inactive",0,1,1,0,0,0,2,0
"5230","G0523","G0523_10","inactive",2,8,1,7,7,9,5,9
"5231","G0524","G0524_01","inactive",6,6,5,14,12,5,8,13
"5232","G0524","G0524_02","inactive",22,31,12,11,34,22,23,15
"5233","G0524","G0524_03","inactive",2,14,10,2,2,10,7,2
"5234","G0524","G0524_04","inactive",4,4,0,1,11,5,0,2
"5235","G0524","G0524_05","inactive",2,14,5,8,3,5,10,6
"5236","G0524","G0524_06","inactive",4,7,8,3,5,1,5,8
"5237","G0524","G0524_07","inactive",18,47,23,28,31,46,30,16
"5238","G0524","G0524_08","inactive",13,41,29,11,35,29,31,19
"5239","G0524","G0524_09","inactive",2,3,6,6,8,9,4,4
"5240","G0524","G0524_10","inactive",0,3,3,1,0,6,3,1
"5241","G0525","G0525_01","inactive",1,7,6,3,10,3,6,2
"5242","G0525","G0525_02","inactive",3,2,1,8,3,2,4,3
"5243","G0525","G0525_03","inactive",4,10,1,4,7,6,5,4
"5244","G0525","G0525_04","inactive",6,8,6,3,13,3,5,2
"5245","G0525","G0525_05","inactive",9,18,12,19,3,8,11,13
"5246","G0525","G0525_06","inactive",4,9,6,6,13,7,5,4
"5247","G0525","G0525_07","inactive",6,10,9,6,18,9,6,6
"5248","G0525","G0525_08","inactive",7,8,7,8,2,5,9,8
"5249","G0525","G0525_09","inactive",12,20,17,9,7,6,6,11
"5250","G0525","G0525_10","inactive",7,14,9,12,17,7,3,9
"5251","G0526","G0526_01","inactive",12,14,7,14,14,15,15,13
"5252","G0526","G0526_02","inactive",28,50,30,21,21,32,30,21
"5253","G0526","G0526_03","inactive",5,23,8,13,19,13,11,8
"5254","G0526","G0526_04","inactive",3,22,4,6,9,22,7,1
"5255","G0526","G0526_05","inactive",1,15,4,4,4,6,1,2
"5256","G0526","G0526_06","inactive",1,11,2,3,2,4,1,5
"5257","G0526","G0526_07","inactive",11,16,6,2,13,6,5,4
"5258","G0526","G0526_08","inactive",7,9,9,11,8,12,9,7
"5259","G0526","G0526_09","inactive",3,14,11,9,12,8,1,2
"5260","G0526","G0526_10","inactive",7,10,9,2,13,15,4,6
"5261","G0527","G0527_01","inactive",21,23,26,25,27,29,26,27
"5262","G0527","G0527_02","inactive",1,4,0,0,1,2,0,3
"5263","G0527","G0527_03","inactive",21,32,36,16,32,25,32,21
"5264","G0527","G0527_04","inactive",4,3,4,4,1,1,4,4
"5265","G0527","G0527_05","inactive",4,5,10,8,6,3,7,10
"5266","G0527","G0527_06","inactive",9,29,12,16,18,15,25,14
"5267","G0527","G0527_07","inactive",8,9,7,3,12,5,1,5
"5268","G0527","G0527_08","inactive",18,25,3,15,16,13,10,16
"5269","G0527","G0527_09","inactive",6,3,3,8,7,4,9,4
"5270","G0527","G0527_10","inactive",2,1,3,6,3,1,4,13
"5271","G0528","G0528_01","inactive",1,6,2,1,2,1,4,5
"5272","G0528","G0528_02","inactive",8,8,5,11,10,10,9,2
"5273","G0528","G0528_03","inactive",5,12,8,5,14,5,15,6
"5274","G0528","G0528_04","inactive",5,0,0,1,2,2,1,0
"5275","G0528","G0528_05","inactive",9,23,12,9,12,16,14,13
"5276","G0528","G0528_06","inactive",1,14,6,12,8,14,5,8
"5277","G0528","G0528_07","inactive",3,10,6,4,4,7,8,6
"5278","G0528","G0528_08","inactive",22,26,27,18,33,17,34,31
"5279","G0528","G0528_09","inactive",6,7,3,7,6,10,4,7
"5280","G0528","G0528_10","inactive",1,7,7,0,6,4,6,1
"5281","G0529","G0529_01","inactive",9,4,9,0,9,9,7,2
"5282","G0529","G0529_02","inactive",3,10,7,5,3,9,9,7
"5283","G0529","G0529_03","inactive",9,7,5,4,13,12,12,9
"5284","G0529","G0529_04","inactive",1,4,0,4,6,2,2,3
"5285","G0529","G0529_05","inactive",18,33,17,22,30,29,20,28
"5286","G0529","G0529_06","inactive",3,7,2,6,2,3,4,4
"5287","G0529","G0529_07","inactive",1,17,9,3,4,6,7,7
"5288","G0529","G0529_08","inactive",3,16,15,13,10,3,10,8
"5289","G0529","G0529_09","inactive",3,9,5,7,1,7,7,5
"5290","G0529","G0529_10","inactive",4,10,2,2,7,9,4,0
"5291","G0530","G0530_01","increasing",13,21,14,10,17,28,24,13
"5292","G0530","G0530_02","increasing",2,2,1,4,5,6,2,5
"5293","G0530","G0530_03","increasing",3,9,9,6,17,11,15,8
"5294","G0530","G0530_04","increasing",1,3,5,1,4,10,5,6
"5295","G0530","G0530_05","increasing",2,6,3,3,2,3,7,4
"5296","G0530","G0530_06","increasing",7,4,8,6,5,3,11,7
"5297","G0530","G0530_07","increasing",10,15,11,5,11,13,9,14
"5298","G0530","G0530_08","increasing",0,12,3,5,3,15,6,3
"5299","G0530","G0530_09","increasing",8,26,16,14,22,30,17,11
"5300","G0530","G0530_10","increasing",4,3,2,4,9,2,1,3
"5301","G0531","G0531_01","inactive",0,6,0,1,2,3,3,1
"5302","G0531","G0531_02","inactive",9,20,6,16,15,6,6,12
"5303","G0531","G0531_03","inactive",8,13,20,10,11,15,17,8
"5304","G0531","G0531_04","inactive",9,21,10,12,6,15,17,12
"5305","G0531","G0531_05","inactive",9,21,19,11,12,10,16,9
"5306","G0531","G0531_06","inactive",1,1,6,2,3,0,6,2
"5307","G0531","G0531_07","inactive",2,0,1,1,2,0,3,0
"5308","G0531","G0531_08","inactive",2,9,1,13,7,1,9,7
"5309","G0531","G0531_09","inactive",2,9,9,3,3,2,2,9
"5310","G0531","G0531_10","inactive",3,15,1,0,6,5,4,2
"5311","G0532","G0532_01","inactive",23,54,26,24,32,49,27,19
"5312","G0532","G0532_02","inactive",1,4,0,2,2,3,1,3
"5313","G0532","G0532_03","inactive",16,13,24,15,34,13,27,12
"5314","G0532","G0532_04","inactive",13,25,19,18,26,19,12,14
"5315","G0532","G0532_05","inactive",4,5,4,10,7,5,3,7
"5316","G0532","G0532_06","inactive",40,74,63,30,65,40,58,53
"5317","G0532","G0532_07","inactive",26,38,39,24,32,44,40,19
"5318","G0532","G0532_08","inactive",2,16,13,11,5,14,12,12
"5319","G0532","G0532_09","inactive",1,3,1,2,1,2,4,1
"5320","G0532","G0532_10","inactive",8,10,4,4,18,5,8,6
"5321","G0533","G0533_01","inactive",8,16,6,9,6,8,11,15
"5322","G0533","G0533_02","inactive",3,10,9,10,5,9,9,13
"5323","G0533","G0533_03","inactive",7,8,12,1,4,5,17,6
"5324","G0533","G0533_04","inactive",5,8,1,6,10,4,3,5
"5325","G0533","G0533_05","inactive",4,4,4,4,5,6,2,8
"5326","G0533","G0533_06","inactive",13,19,11,9,11,18,6,18
"5327","G0533","G0533_07","inactive",10,5,9,9,11,11,6,6
"5328","G0533","G0533_08","inactive",5,1,2,3,4,4,5,4
"5329","G0533","G0533_09","inactive",2,4,0,5,1,3,0,3
"5330","G0533","G0533_10","inactive",2,11,2,8,7,7,6,10
"5331","G0534","G0534_01","inactive",12,16,9,12,13,18,14,17
"5332","G0534","G0534_02","inactive",16,8,2,7,14,6,10,9
"5333","G0534","G0534_03","inactive",10,18,16,9,15,17,15,10
"5334","G0534","G0534_04","inactive",1,4,3,0,1,2,0,0
"5335","G0534","G0534_05","inactive",9,18,9,7,12,14,8,6
"5336","G0534","G0534_06","inactive",5,18,11,8,5,14,9,4
"5337","G0534","G0534_07","inactive",8,14,5,11,9,13,11,14
"5338","G0534","G0534_08","inactive",5,12,7,2,6,2,4,1
"5339","G0534","G0534_09","inactive",3,7,8,4,4,5,13,4
"5340","G0534","G0534_10","inactive",11,21,2,1,15,15,6,6
"5341","G0535","G0535_01","inactive",15,23,8,7,24,26,14,13
"5342","G0535","G0535_02","inactive",12,17,10,10,21,3,8,12
"5343","G0535","G0535_03","inactive",9,16,11,12,15,23,5,5
"5344","G0535","G0535_04","inactive",0,1,1,3,2,2,0,2
"5345","G0535","G0535_05","inactive",8,17,22,13,25,13,18,8
"5346","G0535","G0535_06","inactive",3,1,2,2,2,2,2,2
"5347","G0535","G0535_07","inactive",10,15,9,8,15,10,7,10
"5348","G0535","G0535_08","inactive",12,16,5,4,13,10,7,11
"5349","G0535","G0535_09","inactive",2,10,5,9,5,2,10,3
"5350","G0535","G0535_10","inactive",1,7,5,2,0,0,4,1
"5351","G0536","G0536_01","inactive",3,9,10,1,4,10,9,3
"5352","G0536","G0536_02","inactive",10,6,4,4,6,7,1,5
"5353","G0536","G0536_03","inactive",4,14,4,2,10,4,11,1
"5354","G0536","G0536_04","inactive",1,3,2,5,4,2,7,3
"5355","G0536","G0536_05","inactive",27,64,32,30,37,52,34,28
"5356","G0536","G0536_06","inactive",14,27,20,12,15,14,22,15
"5357","G0536","G0536_07","inactive",4,2,3,4,4,4,6,6
"5358","G0536","G0536_08","inactive",2,3,0,3,1,1,0,3
"5359","G0536","G0536_09","inactive",2,5,6,3,1,2,2,2
"5360","G0536","G0536_10","inactive",3,3,6,2,2,3,6,3
"5361","G0537","G0537_01","inactive",16,30,22,12,17,25,20,12
"5362","G0537","G0537_02","inactive",16,32,10,10,23,18,11,14
"5363","G0537","G0537_03","inactive",6,10,10,17,8,9,5,12
"5364","G0537","G0537_04","inactive",13,11,9,12,23,10,9,16
"5365","G0537","G0537_05","inactive",2,6,0,5,3,15,0,2
"5366","G0537","G0537_06","inactive",16,16,24,8,11,4,15,14
"5367","G0537","G0537_07","inactive",5,19,12,6,14,13,11,5
"5368","G0537","G0537_08","inactive",1,0,3,4,4,4,2,5
"5369","G0537","G0537_09","inactive",3,3,2,1,5,8,3,5
"5370","G0537","G0537_10","inactive",7,11,14,4,8,14,18,4
"5371","G0538","G0538_01","inactive",3,2,5,0,1,3,4,0
"5372","G0538","G0538_02","inactive",2,8,5,4,12,7,7,1
"5373","G0538","G0538_03","inactive",1,5,1,6,3,3,4,7
"5374","G0538","G0538_04","inactive",3,8,1,2,4,14,5,2
"5375","G0538","G0538_05","inactive",22,51,31,34,37,35,41,31
"5376","G0538","G0538_06","inactive",1,3,4,3,6,5,8,9
"5377","G0538","G0538_07","inactive",12,12,7,5,12,12,5,3
"5378","G0538","G0538_08","inactive",40,51,48,35,60,45,61,47
"5379","G0538","G0538_09","inactive",5,19,8,7,16,6,9,7
"5380","G0538","G0538_10","inactive",7,5,9,7,18,8,14,8
"5381","G0539","G0539_01","inactive",1,13,4,3,8,8,5,5
"5382","G0539","G0539_02","inactive",19,31,30,27,35,26,24,22
"5383","G0539","G0539_03","inactive",3,14,6,2,16,8,9,2
"5384","G0539","G0539_04","inactive",2,2,3,5,7,5,0,5
"5385","G0539","G0539_05","inactive",0,6,2,1,1,4,7,1
"5386","G0539","G0539_06","inactive",7,2,0,1,4,0,5,8
"5387","G0539","G0539_07","inactive",1,2,5,2,7,3,6,1
"5388","G0539","G0539_08","inactive",1,2,5,1,3,3,2,3
"5389","G0539","G0539_09","inactive",7,16,23,5,17,12,8,4
"5390","G0539","G0539_10","inactive",6,9,7,11,11,12,8,4
"5391","G0540","G0540_01","increasing",1,4,1,4,5,8,3,2
"5392","G0540","G0540_02","increasing",8,12,10,9,22,12,16,11
"5393","G0540","G0540_03","increasing",14,8,11,10,11,17,20,15
"5394","G0540","G0540_04","increasing",3,11,20,13,10,12,8,12
"5395","G0540","G0540_05","increasing",8,16,12,3,23,15,21,14
"5396","G0540","G0540_06","increasing",0,0,0,3,0,0,0,1
"5397","G0540","G0540_07","increasing",30,90,44,40,54,67,67,33
"5398","G0540","G0540_08","increasing",3,3,3,1,2,1,9,8
"5399","G0540","G0540_09","increasing",7,19,13,6,17,11,15,10
"5400","G0540","G0540_10","increasing",6,4,9,5,10,4,5,2
"5401","G0541","G0541_01","inactive",4,4,10,0,5,10,3,3
"5402","G0541","G0541_02","inactive",19,35,21,23,17,27,20,31
"5403","G0541","G0541_03","inactive",12,12,15,11,12,8,8,10
"5404","G0541","G0541_04","inactive",4,14,11,5,8,10,5,1
"5405","G0541","G0541_05","inactive",4,2,1,5,4,1,2,5
"5406","G0541","G0541_06","inactive",13,34,18,14,22,14,14,28
"5407","G0541","G0541_07","inactive",12,10,13,7,4,9,10,12
"5408","G0541","G0541_08","inactive",6,16,12,7,5,9,8,3
"5409","G0541","G0541_09","inactive",4,13,5,6,4,8,4,11
"5410","G0541","G0541_10","inactive",9,3,4,1,6,3,5,2
"5411","G0542","G0542_01","inactive",6,13,10,5,13,17,13,5
"5412","G0542","G0542_02","inactive",17,20,14,10,19,19,13,12
"5413","G0542","G0542_03","inactive",7,20,14,5,24,13,20,10
"5414","G0542","G0542_04","inactive",7,20,4,3,9,16,12,5
"5415","G0542","G0542_05","inactive",2,4,1,2,5,3,4,3
"5416","G0542","G0542_06","inactive",3,5,1,3,3,9,0,4
"5417","G0542","G0542_07","inactive",10,11,13,9,17,15,8,12
"5418","G0542","G0542_08","inactive",32,37,46,33,31,40,37,44
"5419","G0542","G0542_09","inactive",3,8,7,1,1,4,4,1
"5420","G0542","G0542_10","inactive",6,11,11,3,11,5,3,10
"5421","G0543","G0543_01","inactive",6,6,6,3,13,6,6,3
"5422","G0543","G0543_02","inactive",3,7,8,9,7,14,3,8
"5423","G0543","G0543_03","inactive",24,40,25,25,38,41,35,34
"5424","G0543","G0543_04","inactive",9,8,2,6,13,7,4,10
"5425","G0543","G0543_05","inactive",10,27,16,20,16,18,15,11
"5426","G0543","G0543_06","inactive",5,4,9,4,14,5,7,6
"5427","G0543","G0543_07","inactive",6,7,11,1,12,7,7,1
"5428","G0543","G0543_08","inactive",15,12,13,6,13,15,15,7
"5429","G0543","G0543_09","inactive",4,5,6,2,8,4,3,6
"5430","G0543","G0543_10","inactive",20,37,43,36,42,27,36,33
"5431","G0544","G0544_01","inactive",0,9,5,5,5,9,11,4
"5432","G0544","G0544_02","inactive",1,7,5,6,1,3,7,5
"5433","G0544","G0544_03","inactive",2,11,8,3,5,10,3,5
"5434","G0544","G0544_04","inactive",1,6,2,3,7,3,4,4
"5435","G0544","G0544_05","inactive",4,25,11,8,19,23,17,13
"5436","G0544","G0544_06","inactive",1,6,5,2,10,2,7,2
"5437","G0544","G0544_07","inactive",17,40,26,26,20,32,28,21
"5438","G0544","G0544_08","inactive",2,5,7,4,3,2,2,5
"5439","G0544","G0544_09","inactive",5,16,1,6,3,13,6,9
"5440","G0544","G0544_10","inactive",8,8,8,11,10,5,6,4
"5441","G0545","G0545_01","increasing",6,17,14,11,11,14,15,14
"5442","G0545","G0545_02","increasing",6,7,5,8,15,5,8,7
"5443","G0545","G0545_03","increasing",7,10,9,4,12,14,10,8
"5444","G0545","G0545_04","increasing",7,9,12,2,14,12,15,10
"5445","G0545","G0545_05","increasing",6,15,9,4,12,8,7,12
"5446","G0545","G0545_06","increasing",57,67,55,38,127,82,101,75
"5447","G0545","G0545_07","increasing",12,29,16,8,27,30,24,19
"5448","G0545","G0545_08","increasing",33,69,62,65,88,123,79,86
"5449","G0545","G0545_09","increasing",8,13,6,10,44,18,18,11
"5450","G0545","G0545_10","increasing",2,9,4,5,4,2,4,3
"5451","G0546","G0546_01","inactive",1,5,0,5,2,6,4,0
"5452","G0546","G0546_02","inactive",5,9,7,6,8,13,12,7
"5453","G0546","G0546_03","inactive",19,30,13,20,26,26,12,19
"5454","G0546","G0546_04","inactive",3,5,4,7,7,3,3,7
"5455","G0546","G0546_05","inactive",5,6,9,3,15,3,13,4
"5456","G0546","G0546_06","inactive",21,25,28,25,36,30,27,20
"5457","G0546","G0546_07","inactive",2,8,6,6,8,2,4,3
"5458","G0546","G0546_08","inactive",7,22,10,1,13,10,15,12
"5459","G0546","G0546_09","inactive",8,26,14,13,26,27,13,14
"5460","G0546","G0546_10","inactive",1,6,1,5,3,8,0,4
"5461","G0547","G0547_01","inactive",55,120,76,58,111,113,84,65
"5462","G0547","G0547_02","inactive",9,23,9,6,17,8,13,7
"5463","G0547","G0547_03","inactive",24,59,50,41,67,48,50,41
"5464","G0547","G0547_04","inactive",6,8,8,1,11,6,8,2
"5465","G0547","G0547_05","inactive",5,14,8,6,3,4,8,4
"5466","G0547","G0547_06","inactive",22,40,23,22,28,35,26,26
"5467","G0547","G0547_07","inactive",6,16,11,8,8,22,17,8
"5468","G0547","G0547_08","inactive",3,8,3,8,11,8,7,12
"5469","G0547","G0547_09","inactive",9,33,3,8,8,13,7,11
"5470","G0547","G0547_10","inactive",4,8,4,7,1,6,2,5
"5471","G0548","G0548_01","inactive",36,38,39,30,45,36,33,40
"5472","G0548","G0548_02","inactive",2,13,5,7,4,6,2,7
"5473","G0548","G0548_03","inactive",3,5,4,4,7,2,3,8
"5474","G0548","G0548_04","inactive",10,8,8,7,4,9,8,2
"5475","G0548","G0548_05","inactive",4,14,6,8,18,12,9,4
"5476","G0548","G0548_06","inactive",20,22,21,18,21,18,22,21
"5477","G0548","G0548_07","inactive",5,5,3,8,6,10,17,8
"5478","G0548","G0548_08","inactive",10,30,12,9,16,24,10,9
"5479","G0548","G0548_09","inactive",11,10,14,6,15,10,11,8
"5480","G0548","G0548_10","inactive",15,21,2,8,21,18,8,8
"5481","G0549","G0549_01","inactive",0,3,2,4,0,1,3,2
"5482","G0549","G0549_02","inactive",2,1,5,4,5,3,5,5
"5483","G0549","G0549_03","inactive",5,2,2,6,8,7,6,2
"5484","G0549","G0549_04","inactive",2,7,5,0,3,5,4,1
"5485","G0549","G0549_05","inactive",29,39,34,30,53,54,66,25
"5486","G0549","G0549_06","inactive",11,26,14,9,19,15,6,12
"5487","G0549","G0549_07","inactive",2,9,4,5,11,10,5,7
"5488","G0549","G0549_08","inactive",9,37,20,13,13,18,31,22
"5489","G0549","G0549_09","inactive",1,7,2,3,1,1,3,2
"5490","G0549","G0549_10","inactive",13,16,11,5,34,12,14,12
"5491","G0550","G0550_01","decreasing",3,17,5,9,0,3,7,5
"5492","G0550","G0550_02","decreasing",3,14,11,13,5,10,9,4
"5493","G0550","G0550_03","decreasing",9,14,7,6,3,13,4,2
"5494","G0550","G0550_04","decreasing",33,40,47,19,21,13,15,21
"5495","G0550","G0550_05","decreasing",5,3,4,3,8,1,1,6
"5496","G0550","G0550_06","decreasing",89,156,115,97,52,61,60,57
"5497","G0550","G0550_07","decreasing",14,20,22,17,20,5,4,9
"5498","G0550","G0550_08","decreasing",5,7,3,8,3,3,1,4
"5499","G0550","G0550_09","decreasing",23,32,19,14,12,11,9,14
"5500","G0550","G0550_10","decreasing",7,19,9,2,5,12,5,3
"5501","G0551","G0551_01","inactive",11,12,13,11,15,6,11,15
"5502","G0551","G0551_02","inactive",3,3,3,1,6,7,3,10
"5503","G0551","G0551_03","inactive",12,24,14,17,30,25,15,18
"5504","G0551","G0551_04","inactive",3,9,3,2,3,2,3,1
"5505","G0551","G0551_05","inactive",7,13,11,9,11,8,16,6
"5506","G0551","G0551_06","inactive",4,7,10,4,12,6,7,6
"5507","G0551","G0551_07","inactive",5,6,3,5,2,5,3,12
"5508","G0551","G0551_08","inactive",3,23,18,7,9,6,20,9
"5509","G0551","G0551_09","inactive",5,10,14,5,11,6,20,4
"5510","G0551","G0551_10","inactive",8,17,8,5,18,23,6,7
"5511","G0552","G0552_01","inactive",17,74,41,29,40,41,38,36
"5512","G0552","G0552_02","inactive",5,7,6,4,8,5,8,6
"5513","G0552","G0552_03","inactive",5,5,10,6,9,4,6,5
"5514","G0552","G0552_04","inactive",6,1,8,0,3,1,5,2
"5515","G0552","G0552_05","inactive",12,29,19,18,19,25,23,14
"5516","G0552","G0552_06","inactive",5,13,15,13,15,19,3,15
"5517","G0552","G0552_07","inactive",10,25,23,17,30,21,27,26
"5518","G0552","G0552_08","inactive",10,18,16,7,16,25,20,13
"5519","G0552","G0552_09","inactive",10,9,18,8,22,14,12,14
"5520","G0552","G0552_10","inactive",1,2,0,2,2,5,2,4
"5521","G0553","G0553_01","increasing",3,8,6,1,9,5,12,3
"5522","G0553","G0553_02","increasing",1,17,5,8,13,16,4,8
"5523","G0553","G0553_03","increasing",9,13,4,5,16,17,11,6
"5524","G0553","G0553_04","increasing",5,10,9,10,23,9,14,10
"5525","G0553","G0553_05","increasing",6,5,0,3,14,6,7,3
"5526","G0553","G0553_06","increasing",6,3,5,6,15,9,3,7
"5527","G0553","G0553_07","increasing",3,0,2,5,2,0,2,7
"5528","G0553","G0553_08","increasing",11,28,24,13,22,21,17,27
"5529","G0553","G0553_09","increasing",3,9,9,7,8,21,8,1
"5530","G0553","G0553_10","increasing",23,25,10,27,48,20,28,29
"5531","G0554","G0554_01","inactive",7,20,27,17,29,25,23,32
"5532","G0554","G0554_02","inactive",12,15,13,12,16,13,14,16
"5533","G0554","G0554_03","inactive",5,2,1,2,4,7,3,6
"5534","G0554","G0554_04","inactive",2,24,18,5,9,14,16,11
"5535","G0554","G0554_05","inactive",4,4,7,8,2,6,3,7
"5536","G0554","G0554_06","inactive",2,2,1,2,6,5,4,4
"5537","G0554","G0554_07","inactive",3,14,7,1,7,4,5,7
"5538","G0554","G0554_08","inactive",1,7,5,4,6,8,5,4
"5539","G0554","G0554_09","inactive",7,10,10,5,9,3,8,6
"5540","G0554","G0554_10","inactive",7,9,7,4,8,6,12,14
"5541","G0555","G0555_01","inactive",6,10,3,5,12,10,7,7
"5542","G0555","G0555_02","inactive",11,35,22,13,18,22,32,17
"5543","G0555","G0555_03","inactive",5,14,2,5,6,9,7,8
"5544","G0555","G0555_04","inactive",2,5,1,5,2,5,3,4
"5545","G0555","G0555_05","inactive",12,24,20,20,25,20,24,15
"5546","G0555","G0555_06","inactive",9,30,14,7,22,16,11,5
"5547","G0555","G0555_07","inactive",5,19,7,10,14,9,7,13
"5548","G0555","G0555_08","inactive",7,7,4,3,10,6,6,6
"5549","G0555","G0555_09","inactive",5,17,10,5,2,9,14,4
"5550","G0555","G0555_10","inactive",13,24,6,5,16,11,8,13
"5551","G0556","G0556_01","increasing",5,8,10,2,5,11,12,9
"5552","G0556","G0556_02","increasing",4,5,3,2,8,8,5,4
"5553","G0556","G0556_03","increasing",30,50,43,25,83,86,72,52
"5554","G0556","G0556_04","increasing",4,8,3,4,8,4,7,3
"5555","G0556","G0556_05","increasing",1,1,0,1,0,0,0,2
"5556","G0556","G0556_06","increasing",3,2,2,1,5,7,7,6
"5557","G0556","G0556_07","increasing",11,15,19,10,26,23,28,17
"5558","G0556","G0556_08","increasing",9,19,13,8,21,38,34,26
"5559","G0556","G0556_09","increasing",7,17,3,3,19,20,12,14
"5560","G0556","G0556_10","increasing",6,7,7,11,10,10,18,10
"5561","G0557","G0557_01","inactive",14,10,7,7,9,4,8,12
"5562","G0557","G0557_02","inactive",4,17,4,3,5,7,2,10
"5563","G0557","G0557_03","inactive",0,3,1,4,6,3,6,2
"5564","G0557","G0557_04","inactive",8,6,2,2,2,5,2,6
"5565","G0557","G0557_05","inactive",9,15,3,1,7,10,6,4
"5566","G0557","G0557_06","inactive",10,14,13,9,10,12,12,7
"5567","G0557","G0557_07","inactive",3,11,2,6,6,5,4,7
"5568","G0557","G0557_08","inactive",7,14,14,5,21,12,11,5
"5569","G0557","G0557_09","inactive",7,13,6,6,7,13,11,6
"5570","G0557","G0557_10","inactive",18,49,30,12,16,39,28,18
"5571","G0558","G0558_01","inactive",4,3,4,0,7,3,4,0
"5572","G0558","G0558_02","inactive",1,3,0,0,1,3,0,1
"5573","G0558","G0558_03","inactive",6,19,13,6,10,17,13,6
"5574","G0558","G0558_04","inactive",6,8,5,1,6,7,5,2
"5575","G0558","G0558_05","inactive",11,8,15,10,14,4,14,13
"5576","G0558","G0558_06","inactive",3,5,11,3,7,4,8,2
"5577","G0558","G0558_07","inactive",7,10,4,7,6,11,5,13
"5578","G0558","G0558_08","inactive",7,19,8,8,11,16,7,10
"5579","G0558","G0558_09","inactive",9,28,14,30,24,13,13,19
"5580","G0558","G0558_10","inactive",1,11,3,9,13,7,11,9
"5581","G0559","G0559_01","inactive",23,30,27,20,38,24,16,34
"5582","G0559","G0559_02","inactive",5,13,11,17,7,13,16,20
"5583","G0559","G0559_03","inactive",26,23,12,22,15,17,24,23
"5584","G0559","G0559_04","inactive",9,9,8,8,11,8,3,13
"5585","G0559","G0559_05","inactive",6,22,11,5,3,8,4,10
"5586","G0559","G0559_06","inactive",13,18,13,11,15,18,17,24
"5587","G0559","G0559_07","inactive",6,6,5,7,8,12,1,5
"5588","G0559","G0559_08","inactive",5,7,5,8,13,6,7,7
"5589","G0559","G0559_09","inactive",8,22,10,10,14,18,15,9
"5590","G0559","G0559_10","inactive",4,8,10,8,10,11,13,10
"5591","G0560","G0560_01","inactive",4,4,0,6,3,4,6,5
"5592","G0560","G0560_02","inactive",15,18,10,8,16,27,7,12
"5593","G0560","G0560_03","inactive",23,33,21,11,22,17,30,17
"5594","G0560","G0560_04","inactive",20,42,26,36,37,34,32,25
"5595","G0560","G0560_05","inactive",5,3,13,5,8,4,6,10
"5596","G0560","G0560_06","inactive",9,10,13,5,17,11,12,6
"5597","G0560","G0560_07","inactive",3,5,5,7,5,5,7,2
"5598","G0560","G0560_08","inactive",15,43,29,31,34,45,42,33
"5599","G0560","G0560_09","inactive",6,16,6,8,14,10,6,7
"5600","G0560","G0560_10","inactive",1,5,4,0,1,2,4,3
"5601","G0561","G0561_01","inactive",10,7,8,5,10,4,6,8
"5602","G0561","G0561_02","inactive",8,21,5,9,11,14,9,5
"5603","G0561","G0561_03","inactive",7,11,7,5,17,7,11,6
"5604","G0561","G0561_04","inactive",12,20,9,4,14,10,15,15
"5605","G0561","G0561_05","inactive",0,5,9,6,4,6,10,5
"5606","G0561","G0561_06","inactive",4,1,3,4,3,0,0,1
"5607","G0561","G0561_07","inactive",1,0,1,1,2,0,0,2
"5608","G0561","G0561_08","inactive",1,21,9,9,5,12,14,4
"5609","G0561","G0561_09","inactive",29,28,24,23,38,30,34,20
"5610","G0561","G0561_10","inactive",4,3,1,3,5,3,2,5
"5611","G0562","G0562_01","inactive",1,9,8,6,7,7,3,10
"5612","G0562","G0562_02","inactive",5,17,3,6,7,7,0,9
"5613","G0562","G0562_03","inactive",4,0,9,1,3,1,3,0
"5614","G0562","G0562_04","inactive",1,7,5,8,5,8,3,5
"5615","G0562","G0562_05","inactive",5,4,2,4,8,1,6,4
"5616","G0562","G0562_06","inactive",7,6,3,3,17,6,4,0
"5617","G0562","G0562_07","inactive",12,16,10,8,8,7,11,17
"5618","G0562","G0562_08","inactive",2,11,4,5,5,7,7,1
"5619","G0562","G0562_09","inactive",10,14,12,6,17,8,15,5
"5620","G0562","G0562_10","inactive",4,6,5,4,9,3,4,0
"5621","G0563","G0563_01","inactive",3,2,1,6,8,4,2,4
"5622","G0563","G0563_02","inactive",18,24,13,14,19,29,11,16
"5623","G0563","G0563_03","inactive",5,18,7,7,10,15,10,5
"5624","G0563","G0563_04","inactive",9,11,14,8,15,12,10,9
"5625","G0563","G0563_05","inactive",10,27,11,11,21,16,15,22
"5626","G0563","G0563_06","inactive",0,3,2,8,4,5,6,3
"5627","G0563","G0563_07","inactive",8,34,28,13,22,23,28,18
"5628","G0563","G0563_08","inactive",2,6,3,4,13,1,4,7
"5629","G0563","G0563_09","inactive",0,0,5,0,1,0,2,1
"5630","G0563","G0563_10","inactive",2,10,6,3,4,6,9,4
"5631","G0564","G0564_01","inactive",7,12,6,7,6,7,11,4
"5632","G0564","G0564_02","inactive",0,2,2,1,11,6,5,0
"5633","G0564","G0564_03","inactive",11,17,2,6,19,17,4,7
"5634","G0564","G0564_04","inactive",9,13,6,4,13,7,2,9
"5635","G0564","G0564_05","inactive",3,12,9,5,12,4,10,3
"5636","G0564","G0564_06","inactive",9,15,13,5,16,8,18,9
"5637","G0564","G0564_07","inactive",3,7,9,5,10,4,11,7
"5638","G0564","G0564_08","inactive",2,11,2,1,8,4,6,4
"5639","G0564","G0564_09","inactive",0,9,7,4,4,4,14,6
"5640","G0564","G0564_10","inactive",7,10,10,5,12,11,6,12
"5641","G0565","G0565_01","inactive",5,6,3,11,2,6,5,9
"5642","G0565","G0565_02","inactive",10,22,19,19,18,18,18,14
"5643","G0565","G0565_03","inactive",4,4,3,6,8,6,1,4
"5644","G0565","G0565_04","inactive",7,7,6,8,11,5,8,14
"5645","G0565","G0565_05","inactive",9,12,8,7,4,11,8,11
"5646","G0565","G0565_06","inactive",1,2,4,4,4,6,2,2
"5647","G0565","G0565_07","inactive",9,9,13,11,9,14,17,3
"5648","G0565","G0565_08","inactive",28,46,24,32,44,41,22,19
"5649","G0565","G0565_09","inactive",11,23,8,11,11,19,10,17
"5650","G0565","G0565_10","inactive",0,3,3,1,2,2,4,2
"5651","G0566","G0566_01","inactive",7,17,19,5,21,13,8,10
"5652","G0566","G0566_02","inactive",3,7,16,3,3,4,3,1
"5653","G0566","G0566_03","inactive",2,4,4,0,3,10,1,1
"5654","G0566","G0566_04","inactive",8,10,8,7,5,7,11,5
"5655","G0566","G0566_05","inactive",3,3,3,0,7,0,8,2
"5656","G0566","G0566_06","inactive",2,6,7,5,1,10,4,3
"5657","G0566","G0566_07","inactive",7,8,6,5,13,12,8,5
"5658","G0566","G0566_08","inactive",8,16,8,8,12,13,8,11
"5659","G0566","G0566_09","inactive",17,46,25,17,21,40,38,16
"5660","G0566","G0566_10","inactive",7,14,11,8,3,8,8,11
"5661","G0567","G0567_01","increasing",7,14,3,7,10,18,9,10
"5662","G0567","G0567_02","increasing",5,12,9,3,4,9,15,11
"5663","G0567","G0567_03","increasing",5,10,20,10,19,8,18,12
"5664","G0567","G0567_04","increasing",0,3,3,1,4,4,6,4
"5665","G0567","G0567_05","increasing",5,9,15,6,9,11,9,20
"5666","G0567","G0567_06","increasing",1,8,6,8,11,7,16,8
"5667","G0567","G0567_07","increasing",9,41,16,12,20,38,30,29
"5668","G0567","G0567_08","increasing",3,5,2,0,1,11,2,4
"5669","G0567","G0567_09","increasing",1,10,3,6,1,8,7,10
"5670","G0567","G0567_10","increasing",1,1,2,0,2,2,1,0
"5671","G0568","G0568_01","inactive",1,0,4,3,0,2,4,2
"5672","G0568","G0568_02","inactive",4,7,3,1,7,1,5,3
"5673","G0568","G0568_03","inactive",26,39,29,27,46,29,46,38
"5674","G0568","G0568_04","inactive",5,9,4,6,4,3,1,9
"5675","G0568","G0568_05","inactive",7,15,3,5,6,16,5,4
"5676","G0568","G0568_06","inactive",4,14,22,9,12,7,11,17
"5677","G0568","G0568_07","inactive",2,4,1,1,1,2,4,1
"5678","G0568","G0568_08","inactive",19,38,27,20,31,35,41,21
"5679","G0568","G0568_09","inactive",11,21,16,11,16,23,17,15
"5680","G0568","G0568_10","inactive",9,14,8,8,15,17,7,9
"5681","G0569","G0569_01","inactive",3,6,11,3,15,6,10,4
"5682","G0569","G0569_02","inactive",5,15,10,3,8,16,12,6
"5683","G0569","G0569_03","inactive",5,7,11,6,4,5,9,5
"5684","G0569","G0569_04","inactive",50,73,45,44,71,63,43,36
"5685","G0569","G0569_05","inactive",4,2,7,0,0,3,5,0
"5686","G0569","G0569_06","inactive",8,8,3,0,8,8,11,1
"5687","G0569","G0569_07","inactive",8,10,11,8,11,8,10,11
"5688","G0569","G0569_08","inactive",12,16,9,12,6,12,11,10
"5689","G0569","G0569_09","inactive",9,10,16,6,18,16,21,11
"5690","G0569","G0569_10","inactive",11,19,1,11,11,11,5,8
"5691","G0570","G0570_01","increasing",3,33,8,9,20,45,24,19
"5692","G0570","G0570_02","increasing",8,11,16,11,14,6,15,18
"5693","G0570","G0570_03","increasing",16,35,30,30,52,56,49,33
"5694","G0570","G0570_04","increasing",17,33,16,11,20,22,25,23
"5695","G0570","G0570_05","increasing",8,21,12,8,18,27,19,24
"5696","G0570","G0570_06","increasing",4,23,14,9,13,29,12,9
"5697","G0570","G0570_07","increasing",2,13,6,7,1,13,8,14
"5698","G0570","G0570_08","increasing",1,5,4,3,1,10,6,2
"5699","G0570","G0570_09","increasing",6,0,4,2,11,5,5,5
"5700","G0570","G0570_10","increasing",6,18,6,10,16,22,9,13
"5701","G0571","G0571_01","inactive",13,11,8,12,18,14,7,10
"5702","G0571","G0571_02","inactive",6,25,16,17,10,23,14,17
"5703","G0571","G0571_03","inactive",3,23,16,9,13,12,21,11
"5704","G0571","G0571_04","inactive",3,22,14,7,7,16,12,11
"5705","G0571","G0571_05","inactive",4,5,5,5,13,10,3,7
"5706","G0571","G0571_06","inactive",5,10,6,3,4,10,8,3
"5707","G0571","G0571_07","inactive",9,14,14,16,18,11,12,34
"5708","G0571","G0571_08","inactive",9,15,6,6,7,13,6,5
"5709","G0571","G0571_09","inactive",4,5,12,2,9,2,5,1
"5710","G0571","G0571_10","inactive",9,19,19,8,19,15,13,13
"5711","G0572","G0572_01","inactive",9,16,12,15,20,14,18,19
"5712","G0572","G0572_02","inactive",7,9,12,12,12,8,6,12
"5713","G0572","G0572_03","inactive",3,13,4,1,3,5,7,4
"5714","G0572","G0572_04","inactive",7,20,4,13,13,16,7,20
"5715","G0572","G0572_05","inactive",2,14,3,1,3,11,3,9
"5716","G0572","G0572_06","inactive",12,22,15,7,18,24,22,19
"5717","G0572","G0572_07","inactive",4,4,2,1,4,2,4,0
"5718","G0572","G0572_08","inactive",3,5,9,5,5,4,5,4
"5719","G0572","G0572_09","inactive",1,2,2,1,6,8,2,3
"5720","G0572","G0572_10","inactive",7,15,11,13,15,11,16,18
"5721","G0573","G0573_01","negcontrol",12,42,19,18,15,27,21,23
"5722","G0573","G0573_02","negcontrol",5,9,3,6,13,5,4,4
"5723","G0573","G0573_03","negcontrol",7,6,1,3,12,5,4,4
"5724","G0573","G0573_04","negcontrol",3,11,12,11,17,11,15,13
"5725","G0573","G0573_05","negcontrol",3,6,1,2,0,1,1,2
"5726","G0573","G0573_06","negcontrol",9,12,12,12,14,11,13,9
"5727","G0573","G0573_07","negcontrol",28,67,67,41,39,60,63,48
"5728","G0573","G0573_08","negcontrol",4,3,4,4,11,8,6,7
"5729","G0573","G0573_09","negcontrol",9,12,5,4,5,8,11,17
"5730","G0573","G0573_10","negcontrol",18,31,41,22,27,34,27,19
"5731","G0574","G0574_01","inactive",2,5,3,2,1,3,0,4
"5732","G0574","G0574_02","inactive",9,15,5,10,12,20,16,17
"5733","G0574","G0574_03","inactive",6,12,16,5,4,9,4,3
"5734","G0574","G0574_04","inactive",7,10,4,11,8,8,5,10
"5735","G0574","G0574_05","inactive",2,3,8,5,8,2,9,5
"5736","G0574","G0574_06","inactive",2,9,8,7,4,1,4,3
"5737","G0574","G0574_07","inactive",3,14,7,2,12,10,2,2
"5738","G0574","G0574_08","inactive",11,22,17,12,19,13,13,11
"5739","G0574","G0574_09","inactive",2,8,3,7,4,4,3,1
"5740","G0574","G0574_10","inactive",3,22,23,11,17,11,27,11
"5741","G0575","G0575_01","inactive",2,3,5,2,5,4,7,17
"5742","G0575","G0575_02","inactive",1,22,8,7,8,16,9,7
"5743","G0575","G0575_03","inactive",17,44,28,31,31,30,21,20
"5744","G0575","G0575_04","inactive",15,20,16,7,36,27,15,15
"5745","G0575","G0575_05","inactive",3,8,15,6,12,13,9,12
"5746","G0575","G0575_06","inactive",14,27,18,16,24,11,20,20
"5747","G0575","G0575_07","inactive",13,36,14,9,25,30,18,7
"5748","G0575","G0575_08","inactive",2,12,5,11,9,15,5,10
"5749","G0575","G0575_09","inactive",4,16,5,6,7,14,3,2
"5750","G0575","G0575_10","inactive",8,8,0,6,20,11,8,7
"5751","G0576","G0576_01","inactive",15,30,10,12,15,7,14,13
"5752","G0576","G0576_02","inactive",13,10,10,10,28,11,11,8
"5753","G0576","G0576_03","inactive",2,12,9,2,9,13,11,8
"5754","G0576","G0576_04","inactive",13,14,5,5,13,10,7,4
"5755","G0576","G0576_05","inactive",3,8,13,8,4,8,19,4
"5756","G0576","G0576_06","inactive",1,8,7,1,1,3,11,5
"5757","G0576","G0576_07","inactive",3,12,6,9,8,13,9,15
"5758","G0576","G0576_08","inactive",9,40,15,27,17,24,38,24
"5759","G0576","G0576_09","inactive",23,44,25,20,29,31,37,22
"5760","G0576","G0576_10","inactive",0,13,3,4,7,17,7,4
"5761","G0577","G0577_01","inactive",3,3,7,10,5,5,14,7
"5762","G0577","G0577_02","inactive",6,5,10,8,16,8,5,10
"5763","G0577","G0577_03","inactive",16,28,28,9,27,20,24,9
"5764","G0577","G0577_04","inactive",21,35,34,19,35,30,35,20
"5765","G0577","G0577_05","inactive",8,1,7,3,6,3,1,4
"5766","G0577","G0577_06","inactive",2,6,2,3,6,4,6,7
"5767","G0577","G0577_07","inactive",8,16,12,8,8,3,11,7
"5768","G0577","G0577_08","inactive",21,29,34,18,23,20,29,29
"5769","G0577","G0577_09","inactive",2,9,3,3,3,3,8,4
"5770","G0577","G0577_10","inactive",7,17,11,6,30,11,11,15
"5771","G0578","G0578_01","inactive",15,17,20,17,29,23,33,19
"5772","G0578","G0578_02","inactive",6,20,11,7,9,9,17,5
"5773","G0578","G0578_03","inactive",0,9,2,1,2,5,3,1
"5774","G0578","G0578_04","inactive",5,6,7,3,10,3,8,5
"5775","G0578","G0578_05","inactive",9,6,11,2,5,4,5,2
"5776","G0578","G0578_06","inactive",2,9,6,3,8,4,7,10
"5777","G0578","G0578_07","inactive",22,37,22,19,22,30,17,21
"5778","G0578","G0578_08","inactive",21,40,25,24,44,23,24,26
"5779","G0578","G0578_09","inactive",7,8,6,10,5,5,9,3
"5780","G0578","G0578_10","inactive",7,18,5,11,14,12,8,11
"5781","G0579","G0579_01","inactive",24,31,29,17,35,31,26,20
"5782","G0579","G0579_02","inactive",16,19,27,22,39,20,19,24
"5783","G0579","G0579_03","inactive",7,23,4,6,8,11,4,6
"5784","G0579","G0579_04","inactive",7,12,4,8,8,4,10,13
"5785","G0579","G0579_05","inactive",14,16,12,4,21,6,11,6
"5786","G0579","G0579_06","inactive",18,15,7,15,24,15,9,12
"5787","G0579","G0579_07","inactive",5,8,8,6,6,11,13,9
"5788","G0579","G0579_08","inactive",5,5,4,5,3,5,8,6
"5789","G0579","G0579_09","inactive",13,44,25,14,28,30,20,17
"5790","G0579","G0579_10","inactive",8,26,13,20,29,29,23,11
"5791","G0580","G0580_01","increasing",4,5,4,0,4,6,2,4
"5792","G0580","G0580_02","increasing",1,5,5,2,7,18,12,13
"5793","G0580","G0580_03","increasing",2,5,0,2,15,4,12,15
"5794","G0580","G0580_04","increasing",8,12,7,7,34,15,16,17
"5795","G0580","G0580_05","increasing",9,7,5,4,24,16,9,9
"5796","G0580","G0580_06","increasing",4,9,8,4,10,7,14,10
"5797","G0580","G0580_07","increasing",1,1,2,6,2,5,12,5
"5798","G0580","G0580_08","increasing",0,10,10,17,8,7,8,11
"5799","G0580","G0580_09","increasing",6,6,10,5,17,23,18,14
"5800","G0580","G0580_10","increasing",7,1,6,2,15,11,14,11
"5801","G0581","G0581_01","inactive",19,27,23,20,42,25,25,20
"5802","G0581","G0581_02","inactive",2,21,20,11,9,15,20,11
"5803","G0581","G0581_03","inactive",6,15,6,16,12,9,5,12
"5804","G0581","G0581_04","inactive",6,3,6,4,5,7,6,6
"5805","G0581","G0581_05","inactive",7,11,7,10,6,14,8,13
"5806","G0581","G0581_06","inactive",4,11,3,8,6,13,4,5
"5807","G0581","G0581_07","inactive",5,9,8,5,11,14,12,3
"5808","G0581","G0581_08","inactive",5,2,22,2,7,6,14,8
"5809","G0581","G0581_09","inactive",10,39,15,8,18,20,22,5
"5810","G0581","G0581_10","inactive",13,18,8,6,11,15,9,4
"5811","G0582","G0582_01","inactive",4,4,5,1,4,1,2,4
"5812","G0582","G0582_02","inactive",13,29,20,10,18,10,15,14
"5813","G0582","G0582_03","inactive",35,97,56,53,71,59,56,54
"5814","G0582","G0582_04","inactive",5,12,12,5,8,9,10,4
"5815","G0582","G0582_05","inactive",10,14,16,8,14,8,19,14
"5816","G0582","G0582_06","inactive",0,0,5,3,6,0,8,1
"5817","G0582","G0582_07","inactive",11,15,12,9,35,12,10,12
"5818","G0582","G0582_08","inactive",16,44,22,10,20,39,22,13
"5819","G0582","G0582_09","inactive",16,40,20,35,30,29,28,33
"5820","G0582","G0582_10","inactive",8,17,23,7,23,14,20,9
"5821","G0583","G0583_01","inactive",1,5,5,2,6,4,9,0
"5822","G0583","G0583_02","inactive",6,8,7,8,13,6,10,2
"5823","G0583","G0583_03","inactive",2,4,5,4,0,9,4,4
"5824","G0583","G0583_04","inactive",21,24,30,14,25,23,27,20
"5825","G0583","G0583_05","inactive",2,4,1,2,4,5,5,2
"5826","G0583","G0583_06","inactive",4,5,5,11,2,6,8,4
"5827","G0583","G0583_07","inactive",1,9,2,0,6,5,9,2
"5828","G0583","G0583_08","inactive",17,20,30,20,28,33,27,18
"5829","G0583","G0583_09","inactive",1,5,7,9,1,3,3,6
"5830","G0583","G0583_10","inactive",15,22,14,22,17,14,19,18
"5831","G0584","G0584_01","inactive",10,22,8,17,23,15,26,20
"5832","G0584","G0584_02","inactive",5,9,4,3,6,4,7,1
"5833","G0584","G0584_03","inactive",5,1,9,0,8,15,8,1
"5834","G0584","G0584_04","inactive",11,33,27,16,30,14,41,28
"5835","G0584","G0584_05","inactive",10,44,25,11,16,22,29,19
"5836","G0584","G0584_06","inactive",4,8,10,6,4,9,12,8
"5837","G0584","G0584_07","inactive",0,4,7,0,7,5,6,3
"5838","G0584","G0584_08","inactive",3,0,0,2,6,3,0,2
"5839","G0584","G0584_09","inactive",13,21,19,19,23,22,30,28
"5840","G0584","G0584_10","inactive",6,7,5,8,11,7,4,11
"5841","G0585","G0585_01","inactive",1,3,5,6,4,5,7,5
"5842","G0585","G0585_02","inactive",4,20,13,7,6,15,9,8
"5843","G0585","G0585_03","inactive",10,6,16,8,13,11,11,14
"5844","G0585","G0585_04","inactive",27,37,24,17,32,41,30,16
"5845","G0585","G0585_05","inactive",2,1,2,1,0,0,6,3
"5846","G0585","G0585_06","inactive",7,8,17,6,9,11,9,6
"5847","G0585","G0585_07","inactive",0,11,12,8,5,4,3,6
"5848","G0585","G0585_08","inactive",6,8,12,6,11,5,13,6
"5849","G0585","G0585_09","inactive",4,8,5,2,5,9,7,4
"5850","G0585","G0585_10","inactive",13,28,14,11,32,18,12,9
"5851","G0586","G0586_01","inactive",1,8,8,2,4,10,6,9
"5852","G0586","G0586_02","inactive",2,12,2,4,14,7,4,12
"5853","G0586","G0586_03","inactive",6,14,5,8,8,10,6,8
"5854","G0586","G0586_04","inactive",20,23,34,26,26,30,28,31
"5855","G0586","G0586_05","inactive",4,0,14,0,4,2,14,6
"5856","G0586","G0586_06","inactive",9,10,13,6,14,6,9,4
"5857","G0586","G0586_07","inactive",4,14,3,6,9,13,13,6
"5858","G0586","G0586_08","inactive",7,18,17,12,7,10,20,19
"5859","G0586","G0586_09","inactive",2,6,5,1,10,6,8,5
"5860","G0586","G0586_10","inactive",9,3,8,1,10,8,7,3
"5861","G0587","G0587_01","inactive",14,27,17,17,24,24,26,22
"5862","G0587","G0587_02","inactive",1,6,3,2,5,0,2,1
"5863","G0587","G0587_03","inactive",3,2,3,4,6,3,1,1
"5864","G0587","G0587_04","inactive",13,17,17,15,15,13,10,15
"5865","G0587","G0587_05","inactive",9,7,7,7,18,2,6,5
"5866","G0587","G0587_06","inactive",17,35,18,21,24,17,20,14
"5867","G0587","G0587_07","inactive",4,16,7,5,12,14,21,9
"5868","G0587","G0587_08","inactive",4,6,6,2,6,5,8,3
"5869","G0587","G0587_09","inactive",3,15,6,7,5,9,5,8
"5870","G0587","G0587_10","inactive",11,6,7,6,6,8,11,9
"5871","G0588","G0588_01","inactive",0,4,0,0,0,5,3,2
"5872","G0588","G0588_02","inactive",0,9,4,0,6,4,2,1
"5873","G0588","G0588_03","inactive",9,13,5,5,5,9,2,11
"5874","G0588","G0588_04","inactive",5,5,17,3,9,9,14,6
"5875","G0588","G0588_05","inactive",11,15,13,14,13,23,19,17
"5876","G0588","G0588_06","inactive",2,1,7,6,6,5,1,2
"5877","G0588","G0588_07","inactive",0,9,19,7,1,4,10,9
"5878","G0588","G0588_08","inactive",5,16,5,12,4,8,2,9
"5879","G0588","G0588_09","inactive",15,12,12,4,13,10,7,6
"5880","G0588","G0588_10","inactive",11,20,14,15,28,15,18,10
"5881","G0589","G0589_01","negcontrol",7,17,21,8,24,16,18,13
"5882","G0589","G0589_02","negcontrol",1,6,3,2,4,3,7,3
"5883","G0589","G0589_03","negcontrol",3,2,8,3,7,8,7,9
"5884","G0589","G0589_04","negcontrol",9,14,12,2,14,10,14,12
"5885","G0589","G0589_05","negcontrol",3,2,4,0,4,2,2,0
"5886","G0589","G0589_06","negcontrol",15,39,35,23,21,23,28,28
"5887","G0589","G0589_07","negcontrol",3,3,0,3,5,2,5,7
"5888","G0589","G0589_08","negcontrol",5,4,6,11,3,9,3,4
"5889","G0589","G0589_09","negcontrol",14,13,6,3,12,6,10,2
"5890","G0589","G0589_10","negcontrol",6,21,10,8,9,15,20,12
"5891","G0590","G0590_01","inactive",3,4,6,3,3,4,4,4
"5892","G0590","G0590_02","inactive",3,7,1,5,3,9,8,3
"5893","G0590","G0590_03","inactive",25,46,37,24,31,46,35,26
"5894","G0590","G0590_04","inactive",8,14,11,8,15,11,15,7
"5895","G0590","G0590_05","inactive",14,7,19,20,19,12,9,19
"5896","G0590","G0590_06","inactive",19,35,24,18,24,43,33,27
"5897","G0590","G0590_07","inactive",9,15,14,14,24,20,14,11
"5898","G0590","G0590_08","inactive",6,7,3,3,7,2,1,5
"5899","G0590","G0590_09","inactive",5,15,6,9,11,12,5,10
"5900","G0590","G0590_10","inactive",7,14,8,9,10,13,13,0
"5901","G0591","G0591_01","increasing",14,22,14,26,29,43,27,30
"5902","G0591","G0591_02","increasing",24,31,24,15,42,42,57,39
"5903","G0591","G0591_03","increasing",2,10,6,9,2,7,3,8
"5904","G0591","G0591_04","increasing",1,2,10,10,4,12,15,3
"5905","G0591","G0591_05","increasing",3,6,5,1,13,4,4,6
"5906","G0591","G0591_06","increasing",1,8,9,3,10,11,16,12
"5907","G0591","G0591_07","increasing",3,6,1,6,12,4,15,7
"5908","G0591","G0591_08","increasing",3,2,1,1,12,0,4,7
"5909","G0591","G0591_09","increasing",16,28,15,8,56,59,46,16
"5910","G0591","G0591_10","increasing",8,20,16,10,17,23,17,24
"5911","G0592","G0592_01","inactive",0,6,2,2,0,3,1,3
"5912","G0592","G0592_02","inactive",1,11,8,7,8,7,16,10
"5913","G0592","G0592_03","inactive",3,5,3,4,0,5,2,9
"5914","G0592","G0592_04","inactive",5,6,6,8,3,2,10,11
"5915","G0592","G0592_05","inactive",6,10,3,8,4,4,6,8
"5916","G0592","G0592_06","inactive",3,2,3,1,8,4,7,4
"5917","G0592","G0592_07","inactive",6,3,0,3,3,0,0,2
"5918","G0592","G0592_08","inactive",4,8,7,3,12,6,15,9
"5919","G0592","G0592_09","inactive",10,13,6,17,10,11,3,15
"5920","G0592","G0592_10","inactive",28,40,28,32,41,37,38,32
"5921","G0593","G0593_01","negcontrol",22,49,15,33,23,31,29,31
"5922","G0593","G0593_02","negcontrol",14,40,23,29,32,36,18,21
"5923","G0593","G0593_03","negcontrol",10,19,14,7,13,14,16,12
"5924","G0593","G0593_04","negcontrol",15,47,23,16,22,24,17,26
"5925","G0593","G0593_05","negcontrol",15,29,16,8,20,26,10,20
"5926","G0593","G0593_06","negcontrol",21,20,27,18,35,40,22,25
"5927","G0593","G0593_07","negcontrol",7,14,13,5,16,18,15,3
"5928","G0593","G0593_08","negcontrol",12,16,16,12,11,10,13,9
"5929","G0593","G0593_09","negcontrol",6,11,10,6,4,15,9,10
"5930","G0593","G0593_10","negcontrol",9,8,8,13,20,10,16,12
"5931","G0594","G0594_01","inactive",4,5,3,7,3,9,10,4
"5932","G0594","G0594_02","inactive",5,11,8,5,6,2,4,6
"5933","G0594","G0594_03","inactive",13,28,15,14,20,20,13,12
"5934","G0594","G0594_04","inactive",1,0,2,1,3,2,1,2
"5935","G0594","G0594_05","inactive",3,6,11,9,6,6,10,9
"5936","G0594","G0594_06","inactive",5,2,0,1,4,1,0,5
"5937","G0594","G0594_07","inactive",7,8,5,8,9,6,12,9
"5938","G0594","G0594_08","inactive",22,54,33,32,39,43,44,38
"5939","G0594","G0594_09","inactive",1,2,1,0,1,1,0,1
"5940","G0594","G0594_10","inactive",3,14,13,8,11,7,9,9
"5941","G0595","G0595_01","inactive",7,15,9,8,9,11,9,9
"5942","G0595","G0595_02","inactive",3,8,3,4,4,3,6,6
"5943","G0595","G0595_03","inactive",1,7,6,8,0,11,0,5
"5944","G0595","G0595_04","inactive",1,12,2,7,6,5,3,3
"5945","G0595","G0595_05","inactive",4,7,3,3,1,11,6,5
"5946","G0595","G0595_06","inactive",1,7,2,1,2,8,10,3
"5947","G0595","G0595_07","inactive",7,20,15,9,16,17,13,11
"5948","G0595","G0595_08","inactive",4,8,4,0,5,8,4,5
"5949","G0595","G0595_09","inactive",1,14,1,2,7,3,0,6
"5950","G0595","G0595_10","inactive",18,26,14,7,22,13,9,18
"5951","G0596","G0596_01","inactive",17,19,26,19,21,24,26,9
"5952","G0596","G0596_02","inactive",16,37,23,5,18,24,15,11
"5953","G0596","G0596_03","inactive",9,5,3,0,4,8,0,2
"5954","G0596","G0596_04","inactive",4,7,10,3,1,2,5,5
"5955","G0596","G0596_05","inactive",13,17,22,16,14,12,14,16
"5956","G0596","G0596_06","inactive",13,29,29,15,28,36,23,23
"5957","G0596","G0596_07","inactive",31,54,41,28,42,49,34,38
"5958","G0596","G0596_08","inactive",18,21,8,8,18,10,6,9
"5959","G0596","G0596_09","inactive",7,12,2,6,6,6,4,8
"5960","G0596","G0596_10","inactive",7,10,5,2,3,11,2,2
"5961","G0597","G0597_01","increasing",5,10,4,1,21,11,14,8
"5962","G0597","G0597_02","increasing",12,27,20,18,26,39,45,37
"5963","G0597","G0597_03","increasing",2,1,4,6,8,4,9,2
"5964","G0597","G0597_04","increasing",9,9,9,10,13,26,24,17
"5965","G0597","G0597_05","increasing",6,7,0,4,9,4,8,8
"5966","G0597","G0597_06","increasing",23,34,26,22,55,41,48,30
"5967","G0597","G0597_07","increasing",6,19,7,19,28,30,17,39
"5968","G0597","G0597_08","increasing",2,9,9,4,3,7,11,6
"5969","G0597","G0597_09","increasing",8,12,13,6,15,10,27,16
"5970","G0597","G0597_10","increasing",5,8,5,4,11,18,8,5
"5971","G0598","G0598_01","inactive",5,10,4,4,1,5,6,7
"5972","G0598","G0598_02","inactive",1,15,6,4,7,11,3,2
"5973","G0598","G0598_03","inactive",12,13,17,7,19,9,21,17
"5974","G0598","G0598_04","inactive",11,33,24,10,7,11,26,7
"5975","G0598","G0598_05","inactive",11,16,17,12,19,21,19,20
"5976","G0598","G0598_06","inactive",16,34,43,26,29,36,40,31
"5977","G0598","G0598_07","inactive",12,17,14,11,9,13,22,3
"5978","G0598","G0598_08","inactive",4,5,7,3,9,3,4,3
"5979","G0598","G0598_09","inactive",4,10,9,9,7,13,3,5
"5980","G0598","G0598_10","inactive",14,21,11,16,18,9,23,8
"5981","G0599","G0599_01","inactive",5,10,16,4,5,8,14,4
"5982","G0599","G0599_02","inactive",17,46,31,12,31,39,32,25
"5983","G0599","G0599_03","inactive",4,13,7,9,3,15,7,7
"5984","G0599","G0599_04","inactive",15,20,11,3,17,12,11,17
"5985","G0599","G0599_05","inactive",3,4,1,8,7,3,9,7
"5986","G0599","G0599_06","inactive",22,48,23,17,36,39,28,25
"5987","G0599","G0599_07","inactive",4,3,6,0,1,0,3,1
"5988","G0599","G0599_08","inactive",16,24,9,4,18,15,6,7
"5989","G0599","G0599_09","inactive",32,54,42,22,30,35,45,46
"5990","G0599","G0599_10","inactive",12,25,13,15,13,28,15,13
"5991","G0600","G0600_01","decreasing",49,125,100,68,64,100,83,45
"5992","G0600","G0600_02","decreasing",3,19,12,9,9,13,7,8
"5993","G0600","G0600_03","decreasing",7,4,6,2,3,4,2,6
"5994","G0600","G0600_04","decreasing",7,1,1,5,1,0,0,1
"5995","G0600","G0600_05","decreasing",8,1,1,3,7,1,0,3
"5996","G0600","G0600_06","decreasing",26,33,34,19,24,15,12,16
"5997","G0600","G0600_07","decreasing",5,21,5,8,2,7,5,3
"5998","G0600","G0600_08","decreasing",7,15,16,12,3,3,7,9
"5999","G0600","G0600_09","decreasing",11,20,14,8,8,19,11,6
"6000","G0600","G0600_10","decreasing",2,14,6,2,7,11,6,6
"6001","G0601","G0601_01","inactive",3,13,15,4,13,14,16,12
"6002","G0601","G0601_02","inactive",15,20,15,12,23,17,20,16
"6003","G0601","G0601_03","inactive",3,12,6,8,7,13,10,13
"6004","G0601","G0601_04","inactive",1,6,3,3,6,7,2,5
"6005","G0601","G0601_05","inactive",13,12,9,2,10,18,13,6
"6006","G0601","G0601_06","inactive",7,12,11,5,18,17,13,4
"6007","G0601","G0601_07","inactive",12,40,23,13,15,32,22,23
"6008","G0601","G0601_08","inactive",17,22,26,8,33,19,17,18
"6009","G0601","G0601_09","inactive",3,12,3,2,7,10,2,7
"6010","G0601","G0601_10","inactive",5,8,4,4,4,1,9,3
"6011","G0602","G0602_01","inactive",4,5,10,2,6,7,6,5
"6012","G0602","G0602_02","inactive",13,21,24,12,15,21,17,15
"6013","G0602","G0602_03","inactive",2,4,2,3,1,3,3,3
"6014","G0602","G0602_04","inactive",30,55,54,27,59,42,46,35
"6015","G0602","G0602_05","inactive",16,9,13,17,23,12,23,24
"6016","G0602","G0602_06","inactive",5,12,5,2,5,9,6,2
"6017","G0602","G0602_07","inactive",9,25,11,14,19,18,8,23
"6018","G0602","G0602_08","inactive",12,21,8,5,13,17,19,12
"6019","G0602","G0602_09","inactive",2,17,6,6,4,11,13,5
"6020","G0602","G0602_10","inactive",4,5,9,9,7,9,5,10
"6021","G0603","G0603_01","inactive",8,11,6,9,7,7,10,10
"6022","G0603","G0603_02","inactive",5,1,5,2,5,2,3,0
"6023","G0603","G0603_03","inactive",4,17,8,7,18,15,16,15
"6024","G0603","G0603_04","inactive",0,16,6,1,1,8,4,1
"6025","G0603","G0603_05","inactive",4,9,7,15,8,6,12,4
"6026","G0603","G0603_06","inactive",3,8,2,8,10,4,6,9
"6027","G0603","G0603_07","inactive",11,10,6,7,12,8,11,1
"6028","G0603","G0603_08","inactive",3,16,7,9,9,23,14,13
"6029","G0603","G0603_09","inactive",1,7,3,0,6,8,3,2
"6030","G0603","G0603_10","inactive",3,3,0,4,1,3,6,4
"6031","G0604","G0604_01","inactive",18,45,27,22,27,33,43,18
"6032","G0604","G0604_02","inactive",10,8,9,6,12,6,15,12
"6033","G0604","G0604_03","inactive",2,3,1,5,6,5,8,3
"6034","G0604","G0604_04","inactive",5,7,6,3,2,3,4,6
"6035","G0604","G0604_05","inactive",2,7,4,1,2,8,4,4
"6036","G0604","G0604_06","inactive",2,20,9,2,3,8,12,5
"6037","G0604","G0604_07","inactive",24,43,20,14,35,29,22,28
"6038","G0604","G0604_08","inactive",9,6,4,13,12,6,9,10
"6039","G0604","G0604_09","inactive",9,15,9,12,13,13,9,7
"6040","G0604","G0604_10","inactive",4,12,7,4,3,5,3,3
"6041","G0605","G0605_01","decreasing",3,7,10,9,4,6,2,3
"6042","G0605","G0605_02","decreasing",4,3,10,8,3,1,9,8
"6043","G0605","G0605_03","decreasing",6,27,15,3,11,10,9,1
"6044","G0605","G0605_04","decreasing",14,27,21,14,18,24,18,7
"6045","G0605","G0605_05","decreasing",16,22,22,8,19,11,13,5
"6046","G0605","G0605_06","decreasing",8,13,10,4,12,11,5,4
"6047","G0605","G0605_07","decreasing",21,19,11,16,17,10,9,12
"6048","G0605","G0605_08","decreasing",3,13,3,9,6,9,2,1
"6049","G0605","G0605_09","decreasing",7,19,7,8,11,8,1,6
"6050","G0605","G0605_10","decreasing",25,39,15,25,25,20,10,12
"6051","G0606","G0606_01","inactive",4,5,5,7,4,10,3,9
"6052","G0606","G0606_02","inactive",7,17,14,11,19,18,20,20
"6053","G0606","G0606_03","inactive",10,15,17,8,19,13,23,8
"6054","G0606","G0606_04","inactive",5,5,7,2,6,9,5,7
"6055","G0606","G0606_05","inactive",6,28,8,20,9,29,16,16
"6056","G0606","G0606_06","inactive",2,0,3,3,4,5,4,3
"6057","G0606","G0606_07","inactive",13,15,6,10,11,12,7,13
"6058","G0606","G0606_08","inactive",4,14,8,4,11,8,13,7
"6059","G0606","G0606_09","inactive",4,14,5,7,4,10,17,6
"6060","G0606","G0606_10","inactive",11,27,9,4,16,22,17,9
"6061","G0607","G0607_01","inactive",11,11,10,13,8,18,7,14
"6062","G0607","G0607_02","inactive",6,7,9,4,7,6,3,2
"6063","G0607","G0607_03","inactive",15,21,9,7,18,14,21,12
"6064","G0607","G0607_04","inactive",5,8,1,1,8,7,3,2
"6065","G0607","G0607_05","inactive",23,38,21,26,34,23,35,22
"6066","G0607","G0607_06","inactive",1,5,1,1,3,5,4,1
"6067","G0607","G0607_07","inactive",1,3,1,5,6,0,2,2
"6068","G0607","G0607_08","inactive",10,25,16,7,28,21,13,14
"6069","G0607","G0607_09","inactive",4,7,6,4,2,8,5,4
"6070","G0607","G0607_10","inactive",27,51,36,40,31,54,32,40
"6071","G0608","G0608_01","inactive",18,34,12,17,20,35,17,15
"6072","G0608","G0608_02","inactive",9,22,15,9,18,6,14,12
"6073","G0608","G0608_03","inactive",4,11,6,4,8,12,12,2
"6074","G0608","G0608_04","inactive",3,2,3,6,2,2,0,2
"6075","G0608","G0608_05","inactive",16,30,30,16,22,24,25,19
"6076","G0608","G0608_06","inactive",7,4,5,3,9,5,5,2
"6077","G0608","G0608_07","inactive",13,28,24,21,17,11,22,22
"6078","G0608","G0608_08","inactive",9,8,5,6,6,3,4,12
"6079","G0608","G0608_09","inactive",15,20,17,5,23,28,21,12
"6080","G0608","G0608_10","inactive",14,29,25,18,23,22,28,21
"6081","G0609","G0609_01","increasing",4,10,8,1,14,6,8,4
"6082","G0609","G0609_02","increasing",6,6,6,1,14,15,17,7
"6083","G0609","G0609_03","increasing",3,6,6,15,14,13,9,13
"6084","G0609","G0609_04","increasing",7,12,9,9,23,26,16,16
"6085","G0609","G0609_05","increasing",14,28,24,17,39,43,38,27
"6086","G0609","G0609_06","increasing",5,12,12,14,14,21,10,14
"6087","G0609","G0609_07","increasing",7,11,7,3,10,8,12,9
"6088","G0609","G0609_08","increasing",1,4,0,1,2,3,2,4
"6089","G0609","G0609_09","increasing",0,1,2,4,6,3,4,6
"6090","G0609","G0609_10","increasing",10,23,15,19,10,21,25,14
"6091","G0610","G0610_01","inactive",12,23,23,27,28,21,35,19
"6092","G0610","G0610_02","inactive",8,12,12,16,15,11,18,13
"6093","G0610","G0610_03","inactive",1,12,9,6,5,5,8,7
"6094","G0610","G0610_04","inactive",5,21,7,13,18,11,10,7
"6095","G0610","G0610_05","inactive",5,9,4,5,3,4,2,3
"6096","G0610","G0610_06","inactive",7,10,6,7,11,3,10,12
"6097","G0610","G0610_07","inactive",13,19,16,14,9,13,26,11
"6098","G0610","G0610_08","inactive",57,105,61,62,94,88,79,50
"6099","G0610","G0610_09","inactive",3,10,10,10,8,14,12,7
"6100","G0610","G0610_10","inactive",1,12,10,10,8,18,8,3
"6101","G0611","G0611_01","inactive",3,11,4,2,6,8,3,3
"6102","G0611","G0611_02","inactive",15,56,31,18,28,36,22,21
"6103","G0611","G0611_03","inactive",7,5,9,12,16,9,8,7
"6104","G0611","G0611_04","inactive",23,29,30,27,30,23,29,29
"6105","G0611","G0611_05","inactive",5,8,9,16,13,5,12,4
"6106","G0611","G0611_06","inactive",4,7,7,5,6,6,11,6
"6107","G0611","G0611_07","inactive",6,8,17,10,8,9,12,6
"6108","G0611","G0611_08","inactive",7,14,6,1,13,8,12,4
"6109","G0611","G0611_09","inactive",12,24,18,19,16,14,24,13
"6110","G0611","G0611_10","inactive",7,9,22,8,12,13,11,11
"6111","G0612","G0612_01","inactive",9,9,6,10,13,1,9,14
"6112","G0612","G0612_02","inactive",9,11,8,2,14,18,7,8
"6113","G0612","G0612_03","inactive",1,8,4,4,1,5,5,6
"6114","G0612","G0612_04","inactive",8,22,12,9,17,15,14,16
"6115","G0612","G0612_05","inactive",9,9,8,13,6,11,10,11
"6116","G0612","G0612_06","inactive",21,32,8,17,20,17,19,12
"6117","G0612","G0612_07","inactive",6,21,14,7,9,20,12,7
"6118","G0612","G0612_08","inactive",10,30,10,12,21,24,13,9
"6119","G0612","G0612_09","inactive",8,8,5,4,12,6,9,10
"6120","G0612","G0612_10","inactive",2,2,2,2,13,2,2,10
"6121","G0613","G0613_01","inactive",14,15,11,8,12,8,9,3
"6122","G0613","G0613_02","inactive",7,10,15,3,12,9,9,6
"6123","G0613","G0613_03","inactive",1,9,6,5,1,6,2,3
"6124","G0613","G0613_04","inactive",22,31,28,28,42,25,18,14
"6125","G0613","G0613_05","inactive",5,8,9,3,6,4,4,9
"6126","G0613","G0613_06","inactive",8,12,9,3,11,8,9,8
"6127","G0613","G0613_07","inactive",18,45,40,19,48,29,42,15
"6128","G0613","G0613_08","inactive",8,12,9,2,5,9,4,6
"6129","G0613","G0613_09","inactive",5,14,3,4,13,10,5,6
"6130","G0613","G0613_10","inactive",2,5,4,2,6,2,6,4
"6131","G0614","G0614_01","inactive",19,47,32,22,25,29,31,23
"6132","G0614","G0614_02","inactive",5,2,6,2,13,4,7,5
"6133","G0614","G0614_03","inactive",4,8,3,2,8,14,9,0
"6134","G0614","G0614_04","inactive",3,9,0,3,7,13,7,1
"6135","G0614","G0614_05","inactive",4,9,14,10,17,12,19,18
"6136","G0614","G0614_06","inactive",7,25,25,12,13,21,23,6
"6137","G0614","G0614_07","inactive",3,13,4,6,12,7,3,9
"6138","G0614","G0614_08","inactive",13,16,21,13,32,28,13,12
"6139","G0614","G0614_09","inactive",14,24,7,6,10,14,18,1
"6140","G0614","G0614_10","inactive",9,16,6,2,20,12,5,2
"6141","G0615","G0615_01","inactive",4,6,4,2,0,5,7,2
"6142","G0615","G0615_02","inactive",2,5,3,2,3,4,2,3
"6143","G0615","G0615_03","inactive",3,1,4,8,5,1,3,7
"6144","G0615","G0615_04","inactive",7,9,9,5,6,4,5,11
"6145","G0615","G0615_05","inactive",8,14,3,5,10,11,7,2
"6146","G0615","G0615_06","inactive",6,29,6,8,8,18,9,4
"6147","G0615","G0615_07","inactive",1,6,0,0,5,3,3,1
"6148","G0615","G0615_08","inactive",11,27,13,9,13,13,15,14
"6149","G0615","G0615_09","inactive",29,42,39,20,45,25,46,25
"6150","G0615","G0615_10","inactive",1,4,4,4,5,8,4,1
"6151","G0616","G0616_01","inactive",9,18,12,9,10,7,9,7
"6152","G0616","G0616_02","inactive",7,21,9,11,28,18,8,12
"6153","G0616","G0616_03","inactive",2,12,3,11,4,9,1,7
"6154","G0616","G0616_04","inactive",5,18,32,11,15,20,32,17
"6155","G0616","G0616_05","inactive",3,12,9,5,14,5,15,11
"6156","G0616","G0616_06","inactive",18,39,26,23,32,18,22,25
"6157","G0616","G0616_07","inactive",3,3,2,4,2,1,2,1
"6158","G0616","G0616_08","inactive",2,5,9,4,11,3,13,8
"6159","G0616","G0616_09","inactive",18,22,18,21,31,16,26,19
"6160","G0616","G0616_10","inactive",12,53,24,23,8,22,17,22
"6161","G0617","G0617_01","inactive",4,8,8,6,9,8,10,13
"6162","G0617","G0617_02","inactive",5,20,7,12,18,8,12,12
"6163","G0617","G0617_03","inactive",8,14,12,9,12,24,18,16
"6164","G0617","G0617_04","inactive",20,24,4,10,24,23,10,13
"6165","G0617","G0617_05","inactive",20,32,23,15,12,22,17,27
"6166","G0617","G0617_06","inactive",14,27,21,13,10,31,23,10
"6167","G0617","G0617_07","inactive",0,0,1,4,0,4,4,0
"6168","G0617","G0617_08","inactive",43,78,55,38,77,63,61,62
"6169","G0617","G0617_09","inactive",1,1,2,1,1,1,1,0
"6170","G0617","G0617_10","inactive",0,2,4,1,2,2,5,5
"6171","G0618","G0618_01","inactive",40,77,49,36,57,47,64,41
"6172","G0618","G0618_02","inactive",13,12,14,9,23,11,18,12
"6173","G0618","G0618_03","inactive",5,6,9,14,13,4,11,9
"6174","G0618","G0618_04","inactive",1,11,2,3,6,7,2,2
"6175","G0618","G0618_05","inactive",7,11,5,4,6,11,4,3
"6176","G0618","G0618_06","inactive",23,18,13,5,18,12,21,14
"6177","G0618","G0618_07","inactive",3,5,3,5,4,3,2,6
"6178","G0618","G0618_08","inactive",8,15,10,6,15,15,7,4
"6179","G0618","G0618_09","inactive",10,19,5,4,10,7,9,8
"6180","G0618","G0618_10","inactive",9,1,4,5,3,0,8,5
"6181","G0619","G0619_01","inactive",10,20,14,5,9,9,16,10
"6182","G0619","G0619_02","inactive",3,24,14,5,11,23,9,5
"6183","G0619","G0619_03","inactive",15,28,22,9,16,19,30,16
"6184","G0619","G0619_04","inactive",1,1,0,0,4,2,3,0
"6185","G0619","G0619_05","inactive",6,14,6,5,19,12,8,0
"6186","G0619","G0619_06","inactive",3,11,8,7,17,6,9,5
"6187","G0619","G0619_07","inactive",2,6,4,2,4,10,6,3
"6188","G0619","G0619_08","inactive",2,5,0,2,6,7,3,1
"6189","G0619","G0619_09","inactive",0,4,0,4,0,1,2,3
"6190","G0619","G0619_10","inactive",6,39,22,22,13,33,19,18
"6191","G0620","G0620_01","inactive",34,79,46,41,52,81,67,47
"6192","G0620","G0620_02","inactive",10,14,21,9,22,7,39,9
"6193","G0620","G0620_03","inactive",32,83,62,44,55,80,68,47
"6194","G0620","G0620_04","inactive",0,4,7,2,1,2,2,4
"6195","G0620","G0620_05","inactive",26,25,21,21,17,29,34,15
"6196","G0620","G0620_06","inactive",10,32,27,19,22,19,25,16
"6197","G0620","G0620_07","inactive",8,15,11,8,11,12,7,8
"6198","G0620","G0620_08","inactive",7,2,4,2,6,3,5,2
"6199","G0620","G0620_09","inactive",8,29,16,14,18,21,12,6
"6200","G0620","G0620_10","inactive",1,5,7,0,0,2,5,1
"6201","G0621","G0621_01","inactive",10,15,6,6,9,15,7,4
"6202","G0621","G0621_02","inactive",6,10,10,5,18,5,14,6
"6203","G0621","G0621_03","inactive",5,0,6,2,8,5,4,0
"6204","G0621","G0621_04","inactive",2,9,7,7,7,6,12,6
"6205","G0621","G0621_05","inactive",6,12,9,7,6,9,4,8
"6206","G0621","G0621_06","inactive",4,7,5,4,13,8,5,3
"6207","G0621","G0621_07","inactive",10,25,25,14,17,10,22,25
"6208","G0621","G0621_08","inactive",6,5,5,4,5,5,0,2
"6209","G0621","G0621_09","inactive",11,7,5,5,14,3,4,8
"6210","G0621","G0621_10","inactive",4,6,5,6,7,5,4,15
"6211","G0622","G0622_01","inactive",3,5,2,4,5,5,3,4
"6212","G0622","G0622_02","inactive",2,6,6,5,5,6,8,1
"6213","G0622","G0622_03","inactive",11,42,23,26,33,33,22,18
"6214","G0622","G0622_04","inactive",38,121,61,58,84,78,86,52
"6215","G0622","G0622_05","inactive",16,31,23,15,16,18,31,21
"6216","G0622","G0622_06","inactive",3,7,2,1,5,3,2,6
"6217","G0622","G0622_07","inactive",15,32,28,15,26,17,14,20
"6218","G0622","G0622_08","inactive",1,13,3,3,1,5,6,1
"6219","G0622","G0622_09","inactive",15,27,11,9,30,21,16,19
"6220","G0622","G0622_10","inactive",20,23,18,11,19,20,9,21
"6221","G0623","G0623_01","inactive",4,12,6,6,5,12,2,6
"6222","G0623","G0623_02","inactive",12,12,13,6,17,15,12,17
"6223","G0623","G0623_03","inactive",24,50,30,36,41,28,30,28
"6224","G0623","G0623_04","inactive",3,12,4,13,18,10,9,9
"6225","G0623","G0623_05","inactive",10,18,4,16,11,18,5,6
"6226","G0623","G0623_06","inactive",8,12,6,8,18,15,7,4
"6227","G0623","G0623_07","inactive",5,23,10,12,12,14,9,10
"6228","G0623","G0623_08","inactive",3,3,5,7,4,1,5,5
"6229","G0623","G0623_09","inactive",5,9,9,5,11,12,7,4
"6230","G0623","G0623_10","inactive",12,33,29,15,17,28,19,24
"6231","G0624","G0624_01","inactive",6,5,6,0,6,4,11,0
"6232","G0624","G0624_02","inactive",9,4,4,2,5,2,4,3
"6233","G0624","G0624_03","inactive",3,11,12,14,12,10,14,7
"6234","G0624","G0624_04","inactive",13,44,22,17,16,31,13,21
"6235","G0624","G0624_05","inactive",3,3,6,2,0,4,5,0
"6236","G0624","G0624_06","inactive",12,23,23,10,11,26,14,10
"6237","G0624","G0624_07","inactive",4,19,16,4,18,8,15,6
"6238","G0624","G0624_08","inactive",8,10,6,11,9,5,9,17
"6239","G0624","G0624_09","inactive",4,9,2,3,5,4,1,1
"6240","G0624","G0624_10","inactive",5,15,6,2,4,17,9,9
"6241","G0625","G0625_01","inactive",4,10,3,3,12,5,6,5
"6242","G0625","G0625_02","inactive",6,8,6,5,5,9,2,11
"6243","G0625","G0625_03","inactive",2,12,5,6,5,12,5,4
"6244","G0625","G0625_04","inactive",4,10,12,11,3,13,5,2
"6245","G0625","G0625_05","inactive",4,2,3,9,5,7,4,7
"6246","G0625","G0625_06","inactive",8,24,18,11,14,15,15,18
"6247","G0625","G0625_07","inactive",0,4,2,0,2,2,2,1
"6248","G0625","G0625_08","inactive",7,18,2,4,14,13,4,10
"6249","G0625","G0625_09","inactive",10,23,31,20,29,23,26,17
"6250","G0625","G0625_10","inactive",8,18,13,13,14,14,17,8
"6251","G0626","G0626_01","inactive",2,16,16,7,10,14,9,2
"6252","G0626","G0626_02","inactive",4,1,8,3,8,2,4,3
"6253","G0626","G0626_03","inactive",3,7,3,7,2,8,9,5
"6254","G0626","G0626_04","inactive",4,9,7,1,6,18,6,5
"6255","G0626","G0626_05","inactive",3,7,10,8,3,17,12,4
"6256","G0626","G0626_06","inactive",19,26,11,13,22,19,12,12
"6257","G0626","G0626_07","inactive",13,42,21,12,20,28,31,25
"6258","G0626","G0626_08","inactive",9,29,23,18,19,25,22,18
"6259","G0626","G0626_09","inactive",5,8,3,0,5,7,3,1
"6260","G0626","G0626_10","inactive",6,12,8,14,6,9,6,8
"6261","G0627","G0627_01","inactive",1,5,3,10,9,3,4,3
"6262","G0627","G0627_02","inactive",15,16,15,6,23,9,16,5
"6263","G0627","G0627_03","inactive",11,26,11,11,22,23,14,29
"6264","G0627","G0627_04","inactive",4,10,5,14,5,13,7,9
"6265","G0627","G0627_05","inactive",5,22,14,8,8,12,15,9
"6266","G0627","G0627_06","inactive",26,29,16,24,39,23,28,28
"6267","G0627","G0627_07","inactive",6,5,7,8,11,8,1,7
"6268","G0627","G0627_08","inactive",15,50,37,24,45,33,52,37
"6269","G0627","G0627_09","inactive",3,3,3,5,10,3,8,7
"6270","G0627","G0627_10","inactive",12,16,17,18,16,19,17,12
"6271","G0628","G0628_01","inactive",4,5,7,5,10,10,7,0
"6272","G0628","G0628_02","inactive",10,17,11,6,12,13,9,11
"6273","G0628","G0628_03","inactive",10,31,24,13,26,20,22,17
"6274","G0628","G0628_04","inactive",8,7,3,0,11,9,4,3
"6275","G0628","G0628_05","inactive",8,48,18,9,12,14,15,12
"6276","G0628","G0628_06","inactive",3,5,5,6,9,10,7,4
"6277","G0628","G0628_07","inactive",2,7,1,7,3,8,4,5
"6278","G0628","G0628_08","inactive",10,12,6,1,11,1,4,7
"6279","G0628","G0628_09","inactive",15,23,20,13,27,20,18,20
"6280","G0628","G0628_10","inactive",9,9,1,6,11,9,2,7
"6281","G0629","G0629_01","inactive",8,7,8,6,11,9,13,3
"6282","G0629","G0629_02","inactive",9,11,16,18,10,16,12,13
"6283","G0629","G0629_03","inactive",3,5,10,6,12,0,9,6
"6284","G0629","G0629_04","inactive",15,18,14,6,32,11,14,11
"6285","G0629","G0629_05","inactive",11,36,13,17,18,18,34,14
"6286","G0629","G0629_06","inactive",6,12,22,16,15,10,21,11
"6287","G0629","G0629_07","inactive",1,3,3,3,4,4,0,2
"6288","G0629","G0629_08","inactive",6,19,14,20,19,14,22,15
"6289","G0629","G0629_09","inactive",3,7,3,8,5,2,4,6
"6290","G0629","G0629_10","inactive",1,5,1,0,5,1,3,7
"6291","G0630","G0630_01","inactive",3,8,5,1,17,7,8,7
"6292","G0630","G0630_02","inactive",6,12,10,6,12,4,7,10
"6293","G0630","G0630_03","inactive",3,10,10,6,12,9,8,11
"6294","G0630","G0630_04","inactive",4,9,9,2,4,2,10,3
"6295","G0630","G0630_05","inactive",12,11,10,12,15,19,9,10
"6296","G0630","G0630_06","inactive",21,40,40,22,42,40,54,23
"6297","G0630","G0630_07","inactive",3,4,11,6,5,6,4,5
"6298","G0630","G0630_08","inactive",4,14,11,7,9,3,7,4
"6299","G0630","G0630_09","inactive",4,12,3,2,11,5,3,7
"6300","G0630","G0630_10","inactive",3,9,13,0,8,7,9,5
"6301","G0631","G0631_01","inactive",9,23,11,9,9,23,7,12
"6302","G0631","G0631_02","inactive",8,7,8,4,3,7,8,9
"6303","G0631","G0631_03","inactive",4,10,9,4,9,8,8,3
"6304","G0631","G0631_04","inactive",4,12,3,1,2,6,5,6
"6305","G0631","G0631_05","inactive",5,2,3,3,8,5,5,3
"6306","G0631","G0631_06","inactive",3,1,4,5,7,7,6,6
"6307","G0631","G0631_07","inactive",8,20,7,9,8,18,10,14
"6308","G0631","G0631_08","inactive",7,17,5,10,16,8,16,8
"6309","G0631","G0631_09","inactive",4,13,8,4,3,7,2,2
"6310","G0631","G0631_10","inactive",3,2,5,2,5,1,4,4
"6311","G0632","G0632_01","increasing",2,9,7,4,6,12,19,6
"6312","G0632","G0632_02","increasing",4,12,10,5,20,15,16,18
"6313","G0632","G0632_03","increasing",3,5,10,6,16,14,23,14
"6314","G0632","G0632_04","increasing",32,79,45,38,125,146,136,89
"6315","G0632","G0632_05","increasing",2,7,4,3,10,9,10,14
"6316","G0632","G0632_06","increasing",4,10,14,7,21,17,21,11
"6317","G0632","G0632_07","increasing",4,9,4,11,10,10,11,6
"6318","G0632","G0632_08","increasing",5,8,7,2,6,11,15,11
"6319","G0632","G0632_09","increasing",3,8,4,8,11,12,13,19
"6320","G0632","G0632_10","increasing",3,15,4,5,11,26,10,12
"6321","G0633","G0633_01","inactive",5,20,6,9,4,18,11,6
"6322","G0633","G0633_02","inactive",11,8,11,3,18,4,16,6
"6323","G0633","G0633_03","inactive",19,12,14,7,20,13,13,14
"6324","G0633","G0633_04","inactive",9,22,10,9,8,12,9,7
"6325","G0633","G0633_05","inactive",3,5,4,4,10,1,9,4
"6326","G0633","G0633_06","inactive",23,62,40,26,33,50,26,30
"6327","G0633","G0633_07","inactive",18,23,11,19,13,11,14,20
"6328","G0633","G0633_08","inactive",1,0,5,3,0,1,3,4
"6329","G0633","G0633_09","inactive",3,4,5,4,11,4,7,3
"6330","G0633","G0633_10","inactive",0,11,11,10,1,12,1,10
"6331","G0634","G0634_01","inactive",4,24,10,10,13,8,6,16
"6332","G0634","G0634_02","inactive",0,2,1,0,2,5,2,1
"6333","G0634","G0634_03","inactive",6,7,13,9,3,8,19,9
"6334","G0634","G0634_04","inactive",8,22,4,5,21,11,13,4
"6335","G0634","G0634_05","inactive",3,5,5,2,9,5,2,3
"6336","G0634","G0634_06","inactive",2,14,7,1,15,10,8,3
"6337","G0634","G0634_07","inactive",11,3,7,6,10,1,8,5
"6338","G0634","G0634_08","inactive",8,10,9,2,12,5,8,7
"6339","G0634","G0634_09","inactive",4,17,10,9,11,20,13,8
"6340","G0634","G0634_10","inactive",1,9,3,9,4,6,6,13
"6341","G0635","G0635_01","inactive",0,3,2,0,3,6,3,0
"6342","G0635","G0635_02","inactive",12,16,5,16,21,18,5,8
"6343","G0635","G0635_03","inactive",1,22,8,8,12,20,14,8
"6344","G0635","G0635_04","inactive",21,42,20,16,24,25,21,15
"6345","G0635","G0635_05","inactive",11,26,7,1,7,5,10,4
"6346","G0635","G0635_06","inactive",0,1,2,4,4,1,4,6
"6347","G0635","G0635_07","inactive",16,34,21,11,32,26,30,7
"6348","G0635","G0635_08","inactive",10,8,16,11,14,9,14,12
"6349","G0635","G0635_09","inactive",6,9,5,9,9,11,6,5
"6350","G0635","G0635_10","inactive",16,16,14,8,22,14,15,14
"6351","G0636","G0636_01","inactive",17,14,8,3,9,8,5,10
"6352","G0636","G0636_02","inactive",7,1,5,0,6,4,2,4
"6353","G0636","G0636_03","inactive",11,33,12,16,28,21,18,15
"6354","G0636","G0636_04","inactive",7,19,11,13,22,15,13,21
"6355","G0636","G0636_05","inactive",4,4,10,5,5,3,4,5
"6356","G0636","G0636_06","inactive",6,12,7,2,10,10,7,4
"6357","G0636","G0636_07","inactive",6,3,3,1,5,3,1,1
"6358","G0636","G0636_08","inactive",3,11,11,15,22,16,10,11
"6359","G0636","G0636_09","inactive",1,8,8,2,9,4,3,2
"6360","G0636","G0636_10","inactive",9,19,4,5,12,17,6,10
"6361","G0637","G0637_01","negcontrol",0,12,7,5,2,11,12,15
"6362","G0637","G0637_02","negcontrol",12,19,15,9,10,11,20,19
"6363","G0637","G0637_03","negcontrol",11,28,21,11,17,16,28,18
"6364","G0637","G0637_04","negcontrol",15,53,37,38,30,39,28,41
"6365","G0637","G0637_05","negcontrol",10,14,6,5,10,23,5,5
"6366","G0637","G0637_06","negcontrol",6,2,1,2,8,1,2,3
"6367","G0637","G0637_07","negcontrol",2,6,2,3,2,1,3,2
"6368","G0637","G0637_08","negcontrol",4,1,5,0,3,5,3,0
"6369","G0637","G0637_09","negcontrol",1,13,7,5,6,6,19,8
"6370","G0637","G0637_10","negcontrol",10,30,17,17,16,29,25,22
"6371","G0638","G0638_01","inactive",1,1,4,7,3,2,4,8
"6372","G0638","G0638_02","inactive",4,28,12,17,8,15,16,13
"6373","G0638","G0638_03","inactive",8,3,12,10,13,10,13,8
"6374","G0638","G0638_04","inactive",8,19,11,2,12,9,9,3
"6375","G0638","G0638_05","inactive",2,2,2,2,4,3,0,0
"6376","G0638","G0638_06","inactive",10,12,18,3,21,14,17,5
"6377","G0638","G0638_07","inactive",3,10,7,2,7,3,11,7
"6378","G0638","G0638_08","inactive",5,6,4,7,6,10,6,11
"6379","G0638","G0638_09","inactive",8,17,11,11,17,13,10,15
"6380","G0638","G0638_10","inactive",2,6,2,9,5,3,4,6
"6381","G0639","G0639_01","inactive",11,31,6,5,9,16,5,18
"6382","G0639","G0639_02","inactive",1,11,5,6,0,4,7,2
"6383","G0639","G0639_03","inactive",7,6,4,6,11,5,9,3
"6384","G0639","G0639_04","inactive",4,2,4,4,3,5,2,3
"6385","G0639","G0639_05","inactive",8,32,19,10,25,21,11,19
"6386","G0639","G0639_06","inactive",4,14,9,5,13,10,21,5
"6387","G0639","G0639_07","inactive",3,10,1,3,2,4,1,5
"6388","G0639","G0639_08","inactive",0,1,0,1,3,1,0,0
"6389","G0639","G0639_09","inactive",14,29,29,24,35,22,36,22
"6390","G0639","G0639_10","inactive",0,4,2,0,4,6,2,2
"6391","G0640","G0640_01","inactive",7,8,0,1,11,9,2,3
"6392","G0640","G0640_02","inactive",5,11,6,5,8,5,8,3
"6393","G0640","G0640_03","inactive",8,9,12,9,12,7,10,15
"6394","G0640","G0640_04","inactive",0,1,0,2,0,1,0,4
"6395","G0640","G0640_05","inactive",0,0,5,3,5,1,6,1
"6396","G0640","G0640_06","inactive",2,7,5,2,5,11,3,4
"6397","G0640","G0640_07","inactive",3,16,2,6,10,7,6,3
"6398","G0640","G0640_08","inactive",4,11,6,10,5,8,7,10
"6399","G0640","G0640_09","inactive",5,5,1,2,10,0,3,4
"6400","G0640","G0640_10","inactive",3,4,2,3,6,4,0,6
"6401","G0641","G0641_01","inactive",20,68,25,33,43,55,17,33
"6402","G0641","G0641_02","inactive",5,6,0,1,7,4,0,3
"6403","G0641","G0641_03","inactive",1,12,11,3,5,5,8,4
"6404","G0641","G0641_04","inactive",2,17,8,7,11,12,11,4
"6405","G0641","G0641_05","inactive",14,17,11,17,15,9,11,13
"6406","G0641","G0641_06","inactive",0,2,4,2,3,2,4,1
"6407","G0641","G0641_07","inactive",10,16,6,4,10,19,6,5
"6408","G0641","G0641_08","inactive",7,19,5,4,12,12,2,7
"6409","G0641","G0641_09","inactive",5,4,4,7,2,4,8,7
"6410","G0641","G0641_10","inactive",17,35,15,18,20,31,13,17
"6411","G0642","G0642_01","inactive",2,0,2,0,0,0,1,1
"6412","G0642","G0642_02","inactive",8,3,11,3,10,4,1,5
"6413","G0642","G0642_03","inactive",9,2,1,5,4,2,0,3
"6414","G0642","G0642_04","inactive",7,25,14,13,13,31,6,13
"6415","G0642","G0642_05","inactive",4,4,4,4,14,6,3,10
"6416","G0642","G0642_06","inactive",4,5,5,9,8,7,10,5
"6417","G0642","G0642_07","inactive",10,16,19,14,25,16,13,26
"6418","G0642","G0642_08","inactive",7,29,26,15,35,22,17,17
"6419","G0642","G0642_09","inactive",5,9,3,4,7,2,10,7
"6420","G0642","G0642_10","inactive",3,4,3,5,6,3,6,6
"6421","G0643","G0643_01","inactive",24,28,21,25,32,27,24,21
"6422","G0643","G0643_02","inactive",1,0,5,4,2,0,7,6
"6423","G0643","G0643_03","inactive",4,5,6,4,13,4,5,3
"6424","G0643","G0643_04","inactive",15,7,15,5,13,13,5,13
"6425","G0643","G0643_05","inactive",4,9,2,5,16,10,2,11
"6426","G0643","G0643_06","inactive",4,2,4,1,4,6,6,1
"6427","G0643","G0643_07","inactive",18,25,12,17,26,21,17,18
"6428","G0643","G0643_08","inactive",7,26,19,15,14,12,17,10
"6429","G0643","G0643_09","inactive",1,6,1,0,6,0,3,0
"6430","G0643","G0643_10","inactive",11,23,9,10,17,10,14,6
"6431","G0644","G0644_01","inactive",5,8,7,5,4,4,9,4
"6432","G0644","G0644_02","inactive",5,7,5,8,3,8,0,4
"6433","G0644","G0644_03","inactive",2,4,3,8,2,7,3,7
"6434","G0644","G0644_04","inactive",3,6,4,2,6,7,4,6
"6435","G0644","G0644_05","inactive",29,46,49,29,52,37,34,35
"6436","G0644","G0644_06","inactive",9,18,6,4,15,9,13,7
"6437","G0644","G0644_07","inactive",1,3,9,4,5,6,4,7
"6438","G0644","G0644_08","inactive",8,17,14,11,9,8,13,7
"6439","G0644","G0644_09","inactive",8,18,12,4,5,8,7,7
"6440","G0644","G0644_10","inactive",4,13,9,14,11,11,9,9
"6441","G0645","G0645_01","inactive",3,10,7,2,4,3,10,2
"6442","G0645","G0645_02","inactive",18,17,19,6,33,18,16,18
"6443","G0645","G0645_03","inactive",1,4,8,4,2,3,4,3
"6444","G0645","G0645_04","inactive",7,45,16,15,21,32,17,23
"6445","G0645","G0645_05","inactive",4,2,1,1,0,0,1,0
"6446","G0645","G0645_06","inactive",13,34,42,29,24,24,24,33
"6447","G0645","G0645_07","inactive",6,4,5,5,6,3,6,9
"6448","G0645","G0645_08","inactive",10,11,10,7,10,6,10,2
"6449","G0645","G0645_09","inactive",12,25,17,12,26,31,23,22
"6450","G0645","G0645_10","inactive",27,45,27,30,30,30,24,34
"6451","G0646","G0646_01","inactive",9,1,8,13,7,5,20,9
"6452","G0646","G0646_02","inactive",3,15,10,8,6,9,8,4
"6453","G0646","G0646_03","inactive",4,13,4,5,7,13,7,2
"6454","G0646","G0646_04","inactive",9,5,19,7,10,20,13,11
"6455","G0646","G0646_05","inactive",1,3,1,0,3,3,3,1
"6456","G0646","G0646_06","inactive",11,44,18,11,20,24,10,13
"6457","G0646","G0646_07","inactive",13,34,21,16,18,28,21,17
"6458","G0646","G0646_08","inactive",2,6,12,0,8,4,13,4
"6459","G0646","G0646_09","inactive",22,23,9,16,20,20,19,14
"6460","G0646","G0646_10","inactive",22,27,24,19,35,31,17,18
"6461","G0647","G0647_01","inactive",12,19,10,11,10,28,14,17
"6462","G0647","G0647_02","inactive",7,10,6,12,17,10,10,4
"6463","G0647","G0647_03","inactive",3,10,8,2,5,12,3,3
"6464","G0647","G0647_04","inactive",5,17,8,6,4,13,5,10
"6465","G0647","G0647_05","inactive",16,38,30,20,25,28,25,19
"6466","G0647","G0647_06","inactive",6,2,10,2,8,8,8,6
"6467","G0647","G0647_07","inactive",12,21,12,10,16,20,7,2
"6468","G0647","G0647_08","inactive",22,79,48,37,47,65,52,35
"6469","G0647","G0647_09","inactive",2,5,2,7,9,5,2,5
"6470","G0647","G0647_10","inactive",6,19,14,17,10,4,16,17
"6471","G0648","G0648_01","inactive",7,13,17,4,10,17,12,13
"6472","G0648","G0648_02","inactive",9,7,2,10,5,8,7,9
"6473","G0648","G0648_03","inactive",20,41,13,16,20,31,28,20
"6474","G0648","G0648_04","inactive",1,12,3,5,3,12,1,3
"6475","G0648","G0648_05","inactive",3,5,2,3,0,6,6,2
"6476","G0648","G0648_06","inactive",27,76,25,32,29,63,30,31
"6477","G0648","G0648_07","inactive",25,36,31,16,29,33,34,29
"6478","G0648","G0648_08","inactive",7,11,12,2,11,6,10,4
"6479","G0648","G0648_09","inactive",14,23,31,23,26,29,39,20
"6480","G0648","G0648_10","inactive",7,4,8,8,15,5,7,10
"6481","G0649","G0649_01","inactive",3,10,2,4,3,6,8,6
"6482","G0649","G0649_02","inactive",11,20,23,9,20,11,25,15
"6483","G0649","G0649_03","inactive",6,15,6,3,7,13,15,10
"6484","G0649","G0649_04","inactive",8,17,11,11,15,17,5,5
"6485","G0649","G0649_05","inactive",4,7,21,3,6,13,12,9
"6486","G0649","G0649_06","inactive",6,19,7,13,13,18,14,12
"6487","G0649","G0649_07","inactive",15,23,4,4,16,9,5,7
"6488","G0649","G0649_08","inactive",1,6,2,5,5,6,4,6
"6489","G0649","G0649_09","inactive",10,23,27,17,17,16,18,22
"6490","G0649","G0649_10","inactive",5,9,7,7,5,6,6,4
"6491","G0650","G0650_01","inactive",3,16,3,1,8,11,4,8
"6492","G0650","G0650_02","inactive",0,4,6,6,2,3,2,3
"6493","G0650","G0650_03","inactive",11,18,13,5,11,21,18,14
"6494","G0650","G0650_04","inactive",1,12,5,2,2,8,6,5
"6495","G0650","G0650_05","inactive",8,12,14,13,13,15,19,11
"6496","G0650","G0650_06","inactive",7,11,8,4,13,8,15,9
"6497","G0650","G0650_07","inactive",2,4,4,0,3,6,5,4
"6498","G0650","G0650_08","inactive",3,18,11,9,14,14,21,10
"6499","G0650","G0650_09","inactive",9,14,6,11,15,11,10,4
"6500","G0650","G0650_10","inactive",22,46,26,20,28,39,22,23
"6501","G0651","G0651_01","decreasing",3,21,10,7,1,4,5,4
"6502","G0651","G0651_02","decreasing",11,32,9,18,15,15,8,9
"6503","G0651","G0651_03","decreasing",15,36,18,18,10,14,8,11
"6504","G0651","G0651_04","decreasing",2,13,6,2,0,6,5,0
"6505","G0651","G0651_05","decreasing",9,9,12,15,7,6,2,4
"6506","G0651","G0651_06","decreasing",8,20,2,6,3,10,3,3
"6507","G0651","G0651_07","decreasing",10,29,23,17,13,20,17,12
"6508","G0651","G0651_08","decreasing",16,54,30,13,16,27,10,11
"6509","G0651","G0651_09","decreasing",5,15,25,10,2,8,9,8
"6510","G0651","G0651_10","decreasing",14,27,20,17,14,10,9,14
"6511","G0652","G0652_01","inactive",18,27,22,21,22,20,19,22
"6512","G0652","G0652_02","inactive",4,4,3,2,6,3,0,5
"6513","G0652","G0652_03","inactive",13,21,13,15,14,16,11,13
"6514","G0652","G0652_04","inactive",8,7,3,9,9,6,5,7
"6515","G0652","G0652_05","inactive",2,8,6,8,11,5,6,10
"6516","G0652","G0652_06","inactive",3,29,17,13,19,23,23,11
"6517","G0652","G0652_07","inactive",23,39,26,10,13,30,22,18
"6518","G0652","G0652_08","inactive",5,13,3,3,6,6,5,4
"6519","G0652","G0652_09","inactive",8,11,6,7,13,10,9,12
"6520","G0652","G0652_10","inactive",6,8,4,7,14,7,6,4
"6521","G0653","G0653_01","inactive",11,27,13,10,21,14,17,8
"6522","G0653","G0653_02","inactive",4,5,6,10,6,10,2,10
"6523","G0653","G0653_03","inactive",6,18,10,3,13,10,13,7
"6524","G0653","G0653_04","inactive",3,3,10,6,10,3,6,3
"6525","G0653","G0653_05","inactive",3,8,5,8,7,12,8,4
"6526","G0653","G0653_06","inactive",8,19,16,6,17,24,15,12
"6527","G0653","G0653_07","inactive",1,1,2,4,2,2,3,7
"6528","G0653","G0653_08","inactive",4,11,3,5,14,6,8,8
"6529","G0653","G0653_09","inactive",4,11,5,7,9,8,9,7
"6530","G0653","G0653_10","inactive",0,8,8,8,4,11,9,10
"6531","G0654","G0654_01","inactive",2,3,2,1,2,6,0,0
"6532","G0654","G0654_02","inactive",9,14,16,14,12,15,12,15
"6533","G0654","G0654_03","inactive",6,13,10,12,14,8,7,12
"6534","G0654","G0654_04","inactive",8,19,9,9,13,14,9,7
"6535","G0654","G0654_05","inactive",27,60,28,25,43,61,32,27
"6536","G0654","G0654_06","inactive",15,19,12,5,10,14,8,12
"6537","G0654","G0654_07","inactive",16,20,11,16,23,16,16,14
"6538","G0654","G0654_08","inactive",8,27,12,8,15,17,14,17
"6539","G0654","G0654_09","inactive",9,18,15,10,28,17,24,16
"6540","G0654","G0654_10","inactive",4,9,1,3,1,2,10,4
"6541","G0655","G0655_01","inactive",12,10,15,8,16,7,14,15
"6542","G0655","G0655_02","inactive",14,18,21,12,25,10,25,14
"6543","G0655","G0655_03","inactive",4,15,13,8,13,15,19,9
"6544","G0655","G0655_04","inactive",5,12,7,7,10,13,9,5
"6545","G0655","G0655_05","inactive",4,5,0,14,7,2,2,1
"6546","G0655","G0655_06","inactive",4,15,10,8,8,11,7,7
"6547","G0655","G0655_07","inactive",6,6,8,6,8,6,5,1
"6548","G0655","G0655_08","inactive",3,2,1,4,4,0,6,4
"6549","G0655","G0655_09","inactive",30,69,43,33,44,51,59,33
"6550","G0655","G0655_10","inactive",6,17,13,6,25,12,11,6
"6551","G0656","G0656_01","inactive",6,23,11,7,14,18,15,9
"6552","G0656","G0656_02","inactive",7,16,7,9,13,14,10,9
"6553","G0656","G0656_03","inactive",6,16,5,8,12,17,10,7
"6554","G0656","G0656_04","inactive",6,11,10,6,9,7,8,5
"6555","G0656","G0656_05","inactive",4,10,4,7,6,9,3,7
"6556","G0656","G0656_06","inactive",2,12,6,1,4,8,6,4
"6557","G0656","G0656_07","inactive",5,2,3,3,1,0,1,2
"6558","G0656","G0656_08","inactive",5,5,5,4,6,1,10,7
"6559","G0656","G0656_09","inactive",0,1,0,1,1,0,3,0
"6560","G0656","G0656_10","inactive",2,5,6,8,8,5,6,4
"6561","G0657","G0657_01","inactive",8,9,9,6,8,9,12,1
"6562","G0657","G0657_02","inactive",2,2,4,3,2,2,1,3
"6563","G0657","G0657_03","inactive",6,10,12,8,15,8,7,1
"6564","G0657","G0657_04","inactive",4,10,5,11,6,7,8,4
"6565","G0657","G0657_05","inactive",6,19,4,9,18,13,14,16
"6566","G0657","G0657_06","inactive",5,8,5,3,3,7,3,6
"6567","G0657","G0657_07","inactive",7,18,7,6,9,10,11,3
"6568","G0657","G0657_08","inactive",5,16,14,9,12,14,14,17
"6569","G0657","G0657_09","inactive",13,27,30,25,32,17,22,26
"6570","G0657","G0657_10","inactive",2,2,6,4,2,1,2,1
"6571","G0658","G0658_01","inactive",6,16,7,7,14,11,12,8
"6572","G0658","G0658_02","inactive",4,24,5,10,19,22,12,8
"6573","G0658","G0658_03","inactive",2,5,7,2,3,3,4,3
"6574","G0658","G0658_04","inactive",12,28,20,13,21,28,16,20
"6575","G0658","G0658_05","inactive",3,18,6,12,6,19,9,3
"6576","G0658","G0658_06","inactive",4,22,21,4,11,22,10,11
"6577","G0658","G0658_07","inactive",10,38,13,13,11,22,21,13
"6578","G0658","G0658_08","inactive",23,52,32,9,35,37,27,21
"6579","G0658","G0658_09","inactive",3,5,4,3,3,5,4,4
"6580","G0658","G0658_10","inactive",8,12,24,10,7,9,17,7
"6581","G0659","G0659_01","inactive",3,8,5,7,7,5,4,5
"6582","G0659","G0659_02","inactive",7,17,12,15,13,18,10,14
"6583","G0659","G0659_03","inactive",11,31,11,9,9,17,11,17
"6584","G0659","G0659_04","inactive",0,6,9,8,0,6,8,12
"6585","G0659","G0659_05","inactive",34,61,41,32,43,45,40,24
"6586","G0659","G0659_06","inactive",3,7,8,6,6,4,7,5
"6587","G0659","G0659_07","inactive",12,32,16,19,17,26,20,23
"6588","G0659","G0659_08","inactive",7,8,5,7,13,6,4,7
"6589","G0659","G0659_09","inactive",5,3,4,3,3,3,2,2
"6590","G0659","G0659_10","inactive",6,7,2,1,5,3,4,2
"6591","G0660","G0660_01","inactive",9,5,8,1,12,9,12,7
"6592","G0660","G0660_02","inactive",22,46,34,23,37,33,38,32
"6593","G0660","G0660_03","inactive",2,7,3,7,7,4,4,6
"6594","G0660","G0660_04","inactive",1,5,3,5,7,1,6,1
"6595","G0660","G0660_05","inactive",11,32,20,10,19,26,11,15
"6596","G0660","G0660_06","inactive",21,57,61,35,38,36,54,49
"6597","G0660","G0660_07","inactive",3,7,4,9,11,3,4,5
"6598","G0660","G0660_08","inactive",25,26,21,22,30,28,18,31
"6599","G0660","G0660_09","inactive",3,1,9,2,1,1,5,5
"6600","G0660","G0660_10","inactive",26,84,55,41,49,48,63,29
"6601","G0661","G0661_01","inactive",6,19,13,11,17,9,13,18
"6602","G0661","G0661_02","inactive",14,27,28,16,26,13,18,24
"6603","G0661","G0661_03","inactive",6,22,12,12,11,29,14,16
"6604","G0661","G0661_04","inactive",2,5,3,7,2,1,5,2
"6605","G0661","G0661_05","inactive",8,21,8,8,10,10,14,8
"6606","G0661","G0661_06","inactive",10,12,8,3,11,9,7,7
"6607","G0661","G0661_07","inactive",4,15,14,4,10,7,9,5
"6608","G0661","G0661_08","inactive",7,5,2,8,5,5,4,4
"6609","G0661","G0661_09","inactive",2,1,3,4,1,1,0,8
"6610","G0661","G0661_10","inactive",4,6,5,5,7,2,9,18
"6611","G0662","G0662_01","inactive",7,27,17,21,20,25,26,30
"6612","G0662","G0662_02","inactive",0,2,1,2,3,3,2,3
"6613","G0662","G0662_03","inactive",6,9,10,7,3,8,13,11
"6614","G0662","G0662_04","inactive",5,15,4,14,5,14,4,17
"6615","G0662","G0662_05","inactive",3,13,11,9,13,15,9,10
"6616","G0662","G0662_06","inactive",12,3,3,1,9,12,3,5
"6617","G0662","G0662_07","inactive",6,14,8,4,6,5,8,6
"6618","G0662","G0662_08","inactive",4,8,3,1,4,6,4,3
"6619","G0662","G0662_09","inactive",24,39,22,22,31,37,30,20
"6620","G0662","G0662_10","inactive",2,4,0,2,1,2,0,3
"6621","G0663","G0663_01","inactive",3,6,2,0,2,2,4,4
"6622","G0663","G0663_02","inactive",2,3,2,8,5,4,7,11
"6623","G0663","G0663_03","inactive",14,43,23,12,16,16,26,8
"6624","G0663","G0663_04","inactive",1,18,6,2,4,7,4,6
"6625","G0663","G0663_05","inactive",19,15,11,8,16,18,12,13
"6626","G0663","G0663_06","inactive",11,38,17,16,30,17,23,14
"6627","G0663","G0663_07","inactive",6,8,16,7,9,5,8,10
"6628","G0663","G0663_08","inactive",5,10,7,1,8,9,6,4
"6629","G0663","G0663_09","inactive",6,3,9,3,5,4,10,3
"6630","G0663","G0663_10","inactive",11,31,8,22,19,11,11,20
"6631","G0664","G0664_01","negcontrol",20,31,15,15,27,23,15,21
"6632","G0664","G0664_02","negcontrol",6,13,11,2,14,13,13,5
"6633","G0664","G0664_03","negcontrol",5,4,16,8,15,8,9,11
"6634","G0664","G0664_04","negcontrol",6,11,6,2,11,11,6,4
"6635","G0664","G0664_05","negcontrol",0,17,11,3,9,18,12,4
"6636","G0664","G0664_06","negcontrol",1,6,7,3,6,4,12,10
"6637","G0664","G0664_07","negcontrol",8,4,11,8,15,4,10,9
"6638","G0664","G0664_08","negcontrol",9,15,10,10,20,17,12,16
"6639","G0664","G0664_09","negcontrol",0,6,14,6,4,11,10,11
"6640","G0664","G0664_10","negcontrol",15,31,13,10,13,11,24,11
"6641","G0665","G0665_01","inactive",2,17,9,5,7,15,9,10
"6642","G0665","G0665_02","inactive",2,5,0,3,3,6,8,4
"6643","G0665","G0665_03","inactive",5,14,13,7,6,13,13,8
"6644","G0665","G0665_04","inactive",5,10,10,10,11,11,6,5
"6645","G0665","G0665_05","inactive",9,13,16,7,7,14,8,7
"6646","G0665","G0665_06","inactive",1,4,3,10,10,6,9,11
"6647","G0665","G0665_07","inactive",14,18,14,18,23,20,11,17
"6648","G0665","G0665_08","inactive",4,17,8,6,12,9,4,5
"6649","G0665","G0665_09","inactive",8,16,8,11,8,11,7,8
"6650","G0665","G0665_10","inactive",28,60,46,43,46,52,45,44
"6651","G0666","G0666_01","inactive",4,8,5,3,7,8,8,2
"6652","G0666","G0666_02","inactive",8,18,8,13,12,7,16,9
"6653","G0666","G0666_03","inactive",20,35,18,20,34,27,34,19
"6654","G0666","G0666_04","inactive",5,17,16,9,4,7,17,8
"6655","G0666","G0666_05","inactive",9,20,1,12,14,19,7,16
"6656","G0666","G0666_06","inactive",7,15,12,7,19,4,12,8
"6657","G0666","G0666_07","inactive",7,8,7,4,12,3,6,12
"6658","G0666","G0666_08","inactive",7,13,9,3,8,13,6,10
"6659","G0666","G0666_09","inactive",11,8,6,3,10,10,3,3
"6660","G0666","G0666_10","inactive",13,19,12,11,19,21,12,14
"6661","G0667","G0667_01","inactive",1,4,0,5,6,4,5,2
"6662","G0667","G0667_02","inactive",8,21,3,7,14,12,4,12
"6663","G0667","G0667_03","inactive",4,18,2,15,3,14,10,8
"6664","G0667","G0667_04","inactive",9,16,8,7,10,10,11,17
"6665","G0667","G0667_05","inactive",15,15,8,10,14,12,16,14
"6666","G0667","G0667_06","inactive",11,11,15,8,20,13,11,6
"6667","G0667","G0667_07","inactive",4,8,6,7,8,10,10,1
"6668","G0667","G0667_08","inactive",3,12,12,10,13,14,10,7
"6669","G0667","G0667_09","inactive",6,8,9,17,15,8,8,11
"6670","G0667","G0667_10","inactive",8,8,12,7,17,12,8,4
"6671","G0668","G0668_01","inactive",6,6,12,2,14,4,6,1
"6672","G0668","G0668_02","inactive",3,7,1,3,7,6,2,5
"6673","G0668","G0668_03","inactive",2,3,3,1,8,3,7,5
"6674","G0668","G0668_04","inactive",0,9,11,3,4,8,9,5
"6675","G0668","G0668_05","inactive",21,22,18,17,15,20,15,13
"6676","G0668","G0668_06","inactive",8,18,8,2,6,11,6,1
"6677","G0668","G0668_07","inactive",6,21,16,16,21,17,3,9
"6678","G0668","G0668_08","inactive",6,8,31,8,24,9,18,7
"6679","G0668","G0668_09","inactive",7,24,21,23,13,22,22,22
"6680","G0668","G0668_10","inactive",7,13,9,4,3,8,10,8
"6681","G0669","G0669_01","inactive",1,5,1,4,5,2,7,4
"6682","G0669","G0669_02","inactive",16,27,26,14,10,22,22,22
"6683","G0669","G0669_03","inactive",10,29,7,9,19,27,12,22
"6684","G0669","G0669_04","inactive",11,23,13,14,9,23,16,12
"6685","G0669","G0669_05","inactive",19,37,17,18,27,24,19,10
"6686","G0669","G0669_06","inactive",6,8,5,5,19,6,8,7
"6687","G0669","G0669_07","inactive",2,13,5,2,6,7,0,1
"6688","G0669","G0669_08","inactive",0,1,4,1,4,0,6,3
"6689","G0669","G0669_09","inactive",1,4,1,0,2,7,0,0
"6690","G0669","G0669_10","inactive",1,5,8,0,1,2,2,4
"6691","G0670","G0670_01","inactive",2,10,3,10,4,7,12,7
"6692","G0670","G0670_02","inactive",4,1,2,6,6,4,5,7
"6693","G0670","G0670_03","inactive",4,10,15,3,11,9,14,12
"6694","G0670","G0670_04","inactive",4,10,10,4,4,12,8,7
"6695","G0670","G0670_05","inactive",6,30,20,13,12,18,21,17
"6696","G0670","G0670_06","inactive",5,7,3,6,4,3,4,5
"6697","G0670","G0670_07","inactive",9,10,14,10,15,18,18,9
"6698","G0670","G0670_08","inactive",17,24,20,17,25,16,23,22
"6699","G0670","G0670_09","inactive",8,18,14,11,10,11,13,13
"6700","G0670","G0670_10","inactive",1,6,4,0,5,3,3,0
"6701","G0671","G0671_01","inactive",0,5,7,0,4,0,5,2
"6702","G0671","G0671_02","inactive",2,6,5,0,5,2,4,4
"6703","G0671","G0671_03","inactive",12,17,16,16,16,11,17,11
"6704","G0671","G0671_04","inactive",10,13,15,8,6,14,10,5
"6705","G0671","G0671_05","inactive",12,8,12,5,21,12,2,9
"6706","G0671","G0671_06","inactive",6,9,1,7,5,10,2,9
"6707","G0671","G0671_07","inactive",16,27,15,15,19,15,16,9
"6708","G0671","G0671_08","inactive",7,13,23,9,15,7,11,18
"6709","G0671","G0671_09","inactive",19,47,24,16,43,40,21,20
"6710","G0671","G0671_10","inactive",7,18,27,14,21,20,19,13
"6711","G0672","G0672_01","inactive",1,7,8,5,4,8,2,1
"6712","G0672","G0672_02","inactive",0,2,2,2,0,3,3,1
"6713","G0672","G0672_03","inactive",5,12,7,12,7,12,10,12
"6714","G0672","G0672_04","inactive",6,6,3,3,3,3,3,3
"6715","G0672","G0672_05","inactive",11,19,9,22,18,22,20,13
"6716","G0672","G0672_06","inactive",12,16,14,12,17,12,16,8
"6717","G0672","G0672_07","inactive",27,48,44,30,41,46,46,24
"6718","G0672","G0672_08","inactive",11,37,23,17,16,21,34,18
"6719","G0672","G0672_09","inactive",21,18,13,19,28,11,14,18
"6720","G0672","G0672_10","inactive",6,15,14,4,13,17,16,4
"6721","G0673","G0673_01","inactive",4,9,6,11,11,12,16,8
"6722","G0673","G0673_02","inactive",4,4,3,9,5,3,7,3
"6723","G0673","G0673_03","inactive",7,19,40,21,14,14,21,14
"6724","G0673","G0673_04","inactive",3,5,6,10,0,10,4,3
"6725","G0673","G0673_05","inactive",7,14,6,3,8,11,2,3
"6726","G0673","G0673_06","inactive",9,11,7,4,6,8,2,8
"6727","G0673","G0673_07","inactive",4,4,3,2,3,0,3,2
"6728","G0673","G0673_08","inactive",4,16,25,7,9,11,20,11
"6729","G0673","G0673_09","inactive",5,18,7,9,9,9,8,10
"6730","G0673","G0673_10","inactive",7,38,23,27,17,41,33,21
"6731","G0674","G0674_01","inactive",6,8,12,8,11,4,12,10
"6732","G0674","G0674_02","inactive",6,10,3,4,9,4,4,10
"6733","G0674","G0674_03","inactive",9,13,10,5,12,5,9,9
"6734","G0674","G0674_04","inactive",6,10,6,5,6,5,7,9
"6735","G0674","G0674_05","inactive",1,6,2,2,1,2,7,4
"6736","G0674","G0674_06","inactive",0,6,1,7,1,5,3,4
"6737","G0674","G0674_07","inactive",0,2,0,2,0,2,0,2
"6738","G0674","G0674_08","inactive",4,5,4,1,7,6,7,4
"6739","G0674","G0674_09","inactive",2,11,4,5,2,7,2,3
"6740","G0674","G0674_10","inactive",20,20,15,10,19,26,28,16
"6741","G0675","G0675_01","inactive",18,44,45,23,55,32,35,41
"6742","G0675","G0675_02","inactive",0,1,7,1,4,2,3,2
"6743","G0675","G0675_03","inactive",4,9,14,8,6,10,13,5
"6744","G0675","G0675_04","inactive",14,17,13,20,18,13,16,18
"6745","G0675","G0675_05","inactive",7,4,7,5,10,6,4,4
"6746","G0675","G0675_06","inactive",2,15,9,11,8,6,6,8
"6747","G0675","G0675_07","inactive",2,5,5,1,0,6,1,1
"6748","G0675","G0675_08","inactive",15,16,18,14,19,17,19,9
"6749","G0675","G0675_09","inactive",0,2,2,0,2,4,1,2
"6750","G0675","G0675_10","inactive",0,0,0,0,0,0,1,0
"6751","G0676","G0676_01","inactive",3,20,6,11,10,17,11,12
"6752","G0676","G0676_02","inactive",11,15,15,11,22,15,16,8
"6753","G0676","G0676_03","inactive",6,1,6,1,10,7,13,5
"6754","G0676","G0676_04","inactive",13,15,13,10,16,13,12,4
"6755","G0676","G0676_05","inactive",3,3,2,2,4,1,2,3
"6756","G0676","G0676_06","inactive",8,40,25,8,22,27,32,14
"6757","G0676","G0676_07","inactive",4,12,13,9,19,11,13,5
"6758","G0676","G0676_08","inactive",4,5,3,2,6,5,2,3
"6759","G0676","G0676_09","inactive",10,26,26,14,15,19,15,21
"6760","G0676","G0676_10","inactive",4,14,6,1,8,7,6,9
"6761","G0677","G0677_01","increasing",5,7,7,8,25,22,15,13
"6762","G0677","G0677_02","increasing",7,13,8,13,23,26,23,15
"6763","G0677","G0677_03","increasing",5,18,4,8,8,19,2,5
"6764","G0677","G0677_04","increasing",4,10,2,7,12,12,4,7
"6765","G0677","G0677_05","increasing",5,9,14,7,13,19,18,4
"6766","G0677","G0677_06","increasing",7,14,11,5,24,16,17,12
"6767","G0677","G0677_07","increasing",3,4,2,3,4,4,3,9
"6768","G0677","G0677_08","increasing",4,11,6,7,13,20,17,10
"6769","G0677","G0677_09","increasing",3,14,11,5,14,17,18,13
"6770","G0677","G0677_10","increasing",4,9,12,3,10,13,19,7
"6771","G0678","G0678_01","inactive",11,31,10,9,12,23,13,7
"6772","G0678","G0678_02","inactive",15,25,19,16,28,18,21,19
"6773","G0678","G0678_03","inactive",1,10,2,6,6,11,5,3
"6774","G0678","G0678_04","inactive",3,5,1,9,3,3,1,6
"6775","G0678","G0678_05","inactive",7,22,11,2,19,16,8,5
"6776","G0678","G0678_06","inactive",6,22,15,13,10,20,26,14
"6777","G0678","G0678_07","inactive",3,24,11,20,21,28,7,14
"6778","G0678","G0678_08","inactive",0,2,3,2,1,1,1,2
"6779","G0678","G0678_09","inactive",1,1,1,2,1,4,7,1
"6780","G0678","G0678_10","inactive",11,10,16,10,12,18,22,5
"6781","G0679","G0679_01","inactive",5,14,13,6,17,8,9,5
"6782","G0679","G0679_02","inactive",5,9,6,2,5,6,5,1
"6783","G0679","G0679_03","inactive",9,13,5,6,9,7,3,3
"6784","G0679","G0679_04","inactive",11,29,13,4,16,26,9,12
"6785","G0679","G0679_05","inactive",7,15,9,8,7,9,9,15
"6786","G0679","G0679_06","inactive",25,25,13,11,54,16,18,7
"6787","G0679","G0679_07","inactive",11,18,13,8,22,14,22,20
"6788","G0679","G0679_08","inactive",3,14,8,3,9,7,8,4
"6789","G0679","G0679_09","inactive",7,8,4,1,4,2,5,2
"6790","G0679","G0679_10","inactive",7,3,7,8,6,7,10,3
"6791","G0680","G0680_01","inactive",5,14,10,6,8,7,16,13
"6792","G0680","G0680_02","inactive",16,22,23,12,26,12,22,7
"6793","G0680","G0680_03","inactive",13,37,12,15,28,28,19,28
"6794","G0680","G0680_04","inactive",10,18,7,7,11,11,6,9
"6795","G0680","G0680_05","inactive",5,9,2,9,5,8,0,7
"6796","G0680","G0680_06","inactive",3,11,2,1,2,3,1,7
"6797","G0680","G0680_07","inactive",16,24,12,4,23,24,13,8
"6798","G0680","G0680_08","inactive",2,7,5,8,8,8,10,6
"6799","G0680","G0680_09","inactive",9,8,11,4,15,12,10,14
"6800","G0680","G0680_10","inactive",6,10,12,4,9,14,19,4
"6801","G0681","G0681_01","inactive",28,66,28,23,39,39,47,23
"6802","G0681","G0681_02","inactive",21,33,23,15,23,19,12,17
"6803","G0681","G0681_03","inactive",4,18,6,11,12,13,3,6
"6804","G0681","G0681_04","inactive",9,10,8,7,10,8,6,3
"6805","G0681","G0681_05","inactive",8,12,6,9,10,10,9,16
"6806","G0681","G0681_06","inactive",3,6,5,2,6,1,3,5
"6807","G0681","G0681_07","inactive",6,29,5,8,8,8,3,6
"6808","G0681","G0681_08","inactive",9,14,15,1,9,13,15,4
"6809","G0681","G0681_09","inactive",7,14,18,12,16,7,21,10
"6810","G0681","G0681_10","inactive",6,15,20,11,12,6,15,18
"6811","G0682","G0682_01","negcontrol",4,5,3,1,6,5,3,6
"6812","G0682","G0682_02","negcontrol",3,1,0,0,2,3,3,2
"6813","G0682","G0682_03","negcontrol",6,18,10,13,5,11,17,11
"6814","G0682","G0682_04","negcontrol",1,4,2,4,3,3,3,3
"6815","G0682","G0682_05","negcontrol",8,18,15,10,21,10,15,21
"6816","G0682","G0682_06","negcontrol",16,23,24,9,20,23,26,18
"6817","G0682","G0682_07","negcontrol",7,37,17,11,22,23,16,9
"6818","G0682","G0682_08","negcontrol",4,7,2,0,7,3,3,1
"6819","G0682","G0682_09","negcontrol",9,26,27,13,32,13,22,16
"6820","G0682","G0682_10","negcontrol",3,10,1,1,7,6,5,2
"6821","G0683","G0683_01","increasing",8,11,1,12,21,10,11,12
"6822","G0683","G0683_02","increasing",0,6,3,0,0,2,5,1
"6823","G0683","G0683_03","increasing",14,33,15,17,35,45,36,33
"6824","G0683","G0683_04","increasing",3,4,7,0,8,1,5,2
"6825","G0683","G0683_05","increasing",4,2,1,0,5,2,1,3
"6826","G0683","G0683_06","increasing",10,14,10,9,13,23,11,22
"6827","G0683","G0683_07","increasing",10,17,10,11,18,13,5,15
"6828","G0683","G0683_08","increasing",4,4,5,5,7,14,9,7
"6829","G0683","G0683_09","increasing",3,0,1,0,11,3,3,2
"6830","G0683","G0683_10","increasing",3,12,7,4,9,8,21,14
"6831","G0684","G0684_01","inactive",8,9,5,8,8,6,8,3
"6832","G0684","G0684_02","inactive",7,16,9,6,13,17,16,7
"6833","G0684","G0684_03","inactive",9,30,30,19,23,23,49,16
"6834","G0684","G0684_04","inactive",8,23,27,7,15,8,22,10
"6835","G0684","G0684_05","inactive",9,28,14,8,15,19,12,15
"6836","G0684","G0684_06","inactive",8,11,11,1,8,9,8,5
"6837","G0684","G0684_07","inactive",5,14,5,5,10,11,12,6
"6838","G0684","G0684_08","inactive",4,7,3,0,6,1,5,1
"6839","G0684","G0684_09","inactive",23,59,30,22,52,48,43,25
"6840","G0684","G0684_10","inactive",3,6,4,4,5,1,8,4
"6841","G0685","G0685_01","increasing",4,18,12,12,13,14,7,11
"6842","G0685","G0685_02","increasing",27,47,39,20,34,36,35,29
"6843","G0685","G0685_03","increasing",9,9,3,5,8,11,3,1
"6844","G0685","G0685_04","increasing",1,1,3,6,2,3,6,9
"6845","G0685","G0685_05","increasing",19,16,8,9,21,6,11,8
"6846","G0685","G0685_06","increasing",2,17,12,6,13,11,4,5
"6847","G0685","G0685_07","increasing",1,8,0,1,3,7,0,0
"6848","G0685","G0685_08","increasing",13,10,5,3,11,19,16,6
"6849","G0685","G0685_09","increasing",2,0,11,2,3,0,5,2
"6850","G0685","G0685_10","increasing",3,2,3,2,10,5,2,5
"6851","G0686","G0686_01","inactive",18,20,16,14,14,17,20,15
"6852","G0686","G0686_02","inactive",4,4,10,4,3,4,5,0
"6853","G0686","G0686_03","inactive",4,16,2,3,7,7,4,4
"6854","G0686","G0686_04","inactive",8,20,10,8,7,12,5,6
"6855","G0686","G0686_05","inactive",3,27,20,11,13,24,15,11
"6856","G0686","G0686_06","inactive",6,6,12,3,10,6,10,8
"6857","G0686","G0686_07","inactive",5,21,5,6,6,9,8,3
"6858","G0686","G0686_08","inactive",4,14,3,5,6,4,7,8
"6859","G0686","G0686_09","inactive",22,37,14,9,18,25,17,14
"6860","G0686","G0686_10","inactive",13,13,9,4,11,4,15,7
"6861","G0687","G0687_01","inactive",5,9,5,1,12,6,4,1
"6862","G0687","G0687_02","inactive",27,14,18,22,30,18,18,33
"6863","G0687","G0687_03","inactive",2,9,5,9,10,14,9,13
"6864","G0687","G0687_04","inactive",0,3,3,2,2,2,6,1
"6865","G0687","G0687_05","inactive",7,9,12,10,19,13,8,10
"6866","G0687","G0687_06","inactive",10,10,19,11,19,7,7,13
"6867","G0687","G0687_07","inactive",10,11,10,5,21,10,10,8
"6868","G0687","G0687_08","inactive",13,29,12,14,24,27,14,18
"6869","G0687","G0687_09","inactive",11,6,5,6,11,6,2,7
"6870","G0687","G0687_10","inactive",5,12,11,10,15,10,4,10
"6871","G0688","G0688_01","inactive",4,7,12,2,6,7,8,4
"6872","G0688","G0688_02","inactive",11,14,5,5,11,6,5,14
"6873","G0688","G0688_03","inactive",4,4,9,4,4,2,5,6
"6874","G0688","G0688_04","inactive",13,23,27,12,26,28,37,20
"6875","G0688","G0688_05","inactive",25,49,24,27,49,36,29,34
"6876","G0688","G0688_06","inactive",15,9,10,3,17,4,6,2
"6877","G0688","G0688_07","inactive",3,12,15,6,8,8,18,10
"6878","G0688","G0688_08","inactive",12,19,10,3,15,16,10,5
"6879","G0688","G0688_09","inactive",7,7,7,9,5,10,6,9
"6880","G0688","G0688_10","inactive",16,14,16,10,8,6,9,15
"6881","G0689","G0689_01","inactive",3,3,2,2,5,2,8,5
"6882","G0689","G0689_02","inactive",1,12,5,8,10,20,7,4
"6883","G0689","G0689_03","inactive",5,10,15,14,12,14,14,20
"6884","G0689","G0689_04","inactive",5,9,5,3,5,2,9,1
"6885","G0689","G0689_05","inactive",4,6,10,9,6,8,17,12
"6886","G0689","G0689_06","inactive",5,10,12,5,11,15,18,2
"6887","G0689","G0689_07","inactive",13,16,8,8,13,18,12,18
"6888","G0689","G0689_08","inactive",11,14,8,5,15,12,4,2
"6889","G0689","G0689_09","inactive",2,5,8,0,4,5,5,5
"6890","G0689","G0689_10","inactive",1,0,3,2,1,0,5,3
"6891","G0690","G0690_01","decreasing",15,22,15,16,19,6,15,8
"6892","G0690","G0690_02","decreasing",17,15,15,14,16,13,19,10
"6893","G0690","G0690_03","decreasing",9,0,1,2,3,2,2,4
"6894","G0690","G0690_04","decreasing",1,13,7,1,2,7,6,3
"6895","G0690","G0690_05","decreasing",7,8,1,5,9,2,3,4
"6896","G0690","G0690_06","decreasing",6,11,14,9,2,14,4,7
"6897","G0690","G0690_07","decreasing",3,7,8,2,8,1,1,1
"6898","G0690","G0690_08","decreasing",6,25,12,8,9,6,8,6
"6899","G0690","G0690_09","decreasing",22,34,28,8,14,10,12,6
"6900","G0690","G0690_10","decreasing",20,40,28,9,16,23,13,9
"6901","G0691","G0691_01","inactive",45,67,65,26,50,63,91,41
"6902","G0691","G0691_02","inactive",7,7,6,5,5,4,10,2
"6903","G0691","G0691_03","inactive",1,5,3,1,1,5,1,2
"6904","G0691","G0691_04","inactive",7,7,9,5,9,6,12,1
"6905","G0691","G0691_05","inactive",12,10,11,13,13,13,19,10
"6906","G0691","G0691_06","inactive",7,7,10,8,9,6,9,4
"6907","G0691","G0691_07","inactive",22,22,13,6,18,15,18,13
"6908","G0691","G0691_08","inactive",11,16,8,4,16,12,5,11
"6909","G0691","G0691_09","inactive",4,6,6,9,1,4,7,9
"6910","G0691","G0691_10","inactive",1,12,2,9,3,7,6,9
"6911","G0692","G0692_01","inactive",9,7,9,7,9,2,10,10
"6912","G0692","G0692_02","inactive",0,16,3,0,2,12,0,4
"6913","G0692","G0692_03","inactive",5,22,17,10,19,24,19,10
"6914","G0692","G0692_04","inactive",8,12,6,12,18,5,9,9
"6915","G0692","G0692_05","inactive",8,22,11,5,18,17,3,6
"6916","G0692","G0692_06","inactive",14,31,15,4,19,20,12,8
"6917","G0692","G0692_07","inactive",25,85,43,31,41,77,68,40
"6918","G0692","G0692_08","inactive",6,22,9,3,8,8,11,7
"6919","G0692","G0692_09","inactive",5,4,5,4,3,6,1,0
"6920","G0692","G0692_10","inactive",11,25,8,13,15,31,12,10
"6921","G0693","G0693_01","inactive",9,8,5,0,7,7,8,3
"6922","G0693","G0693_02","inactive",8,19,10,6,13,17,14,10
"6923","G0693","G0693_03","inactive",36,61,55,30,63,56,61,28
"6924","G0693","G0693_04","inactive",20,35,31,28,36,35,26,27
"6925","G0693","G0693_05","inactive",4,14,10,8,8,16,8,12
"6926","G0693","G0693_06","inactive",2,5,4,8,9,10,7,6
"6927","G0693","G0693_07","inactive",15,15,11,5,16,15,11,6
"6928","G0693","G0693_08","inactive",3,16,5,5,10,8,10,14
"6929","G0693","G0693_09","inactive",11,20,17,8,15,26,24,9
"6930","G0693","G0693_10","inactive",13,23,18,18,22,21,12,20
"6931","G0694","G0694_01","inactive",12,26,18,24,17,25,15,19
"6932","G0694","G0694_02","inactive",4,30,14,14,5,19,11,21
"6933","G0694","G0694_03","inactive",0,6,11,5,1,7,10,5
"6934","G0694","G0694_04","inactive",6,13,0,11,6,6,5,9
"6935","G0694","G0694_05","inactive",3,11,4,8,7,7,5,4
"6936","G0694","G0694_06","inactive",4,4,2,4,7,5,0,4
"6937","G0694","G0694_07","inactive",6,13,6,11,9,15,7,8
"6938","G0694","G0694_08","inactive",5,7,9,4,10,8,12,6
"6939","G0694","G0694_09","inactive",5,15,15,10,10,18,19,13
"6940","G0694","G0694_10","inactive",2,11,3,4,2,7,1,3
"6941","G0695","G0695_01","inactive",12,19,11,9,20,15,8,16
"6942","G0695","G0695_02","inactive",7,12,7,6,7,11,3,3
"6943","G0695","G0695_03","inactive",7,7,5,13,13,11,5,14
"6944","G0695","G0695_04","inactive",5,6,7,3,14,8,7,6
"6945","G0695","G0695_05","inactive",21,53,31,23,32,32,44,25
"6946","G0695","G0695_06","inactive",12,21,11,12,25,13,13,14
"6947","G0695","G0695_07","inactive",17,46,33,24,33,31,40,16
"6948","G0695","G0695_08","inactive",7,10,3,4,8,5,2,7
"6949","G0695","G0695_09","inactive",1,1,3,9,5,3,0,10
"6950","G0695","G0695_10","inactive",2,4,3,0,0,4,1,0
"6951","G0696","G0696_01","inactive",5,2,3,6,7,0,5,5
"6952","G0696","G0696_02","inactive",8,6,6,3,15,6,11,5
"6953","G0696","G0696_03","inactive",9,7,8,5,16,8,6,5
"6954","G0696","G0696_04","inactive",18,29,30,22,20,24,29,12
"6955","G0696","G0696_05","inactive",3,2,6,9,1,5,12,3
"6956","G0696","G0696_06","inactive",9,18,6,19,26,18,12,13
"6957","G0696","G0696_07","inactive",23,24,11,7,24,28,18,26
"6958","G0696","G0696_08","inactive",11,18,15,10,19,18,24,13
"6959","G0696","G0696_09","inactive",4,7,4,3,2,6,5,2
"6960","G0696","G0696_10","inactive",8,16,6,3,17,9,2,6
"6961","G0697","G0697_01","inactive",3,7,4,0,6,5,1,2
"6962","G0697","G0697_02","inactive",8,19,9,11,18,11,8,14
"6963","G0697","G0697_03","inactive",29,38,30,25,27,28,32,23
"6964","G0697","G0697_04","inactive",10,3,4,6,15,8,7,9
"6965","G0697","G0697_05","inactive",39,64,33,25,42,59,48,18
"6966","G0697","G0697_06","inactive",8,20,9,5,16,16,6,5
"6967","G0697","G0697_07","inactive",13,28,25,19,14,21,15,17
"6968","G0697","G0697_08","inactive",2,12,6,5,5,10,3,4
"6969","G0697","G0697_09","inactive",11,11,3,12,9,7,7,9
"6970","G0697","G0697_10","inactive",5,5,0,1,7,3,0,3
"6971","G0698","G0698_01","inactive",7,23,14,8,23,16,24,17
"6972","G0698","G0698_02","inactive",1,2,4,2,1,5,5,6
"6973","G0698","G0698_03","inactive",26,48,29,31,33,41,28,25
"6974","G0698","G0698_04","inactive",9,9,24,5,18,12,14,16
"6975","G0698","G0698_05","inactive",7,16,8,5,11,17,15,12
"6976","G0698","G0698_06","inactive",1,9,4,6,5,10,6,2
"6977","G0698","G0698_07","inactive",2,7,6,4,7,3,10,1
"6978","G0698","G0698_08","inactive",53,103,70,50,71,80,73,52
"6979","G0698","G0698_09","inactive",5,13,7,7,10,10,9,12
"6980","G0698","G0698_10","inactive",2,12,9,7,12,19,18,14
"6981","G0699","G0699_01","inactive",3,22,16,6,6,26,13,17
"6982","G0699","G0699_02","inactive",4,8,4,1,9,7,12,4
"6983","G0699","G0699_03","inactive",0,6,6,5,0,9,4,4
"6984","G0699","G0699_04","inactive",10,18,12,12,10,13,16,11
"6985","G0699","G0699_05","inactive",3,23,20,18,15,6,14,23
"6986","G0699","G0699_06","inactive",13,24,11,9,12,16,23,12
"6987","G0699","G0699_07","inactive",25,49,34,21,40,38,30,22
"6988","G0699","G0699_08","inactive",25,30,20,18,34,30,28,28
"6989","G0699","G0699_09","inactive",7,10,4,12,7,8,9,12
"6990","G0699","G0699_10","inactive",22,33,29,16,31,31,23,13
"6991","G0700","G0700_01","inactive",7,13,10,7,10,7,9,10
"6992","G0700","G0700_02","inactive",23,64,45,52,48,40,47,28
"6993","G0700","G0700_03","inactive",3,13,4,6,5,13,5,8
"6994","G0700","G0700_04","inactive",6,18,8,3,10,13,15,6
"6995","G0700","G0700_05","inactive",1,2,5,4,3,3,6,1
"6996","G0700","G0700_06","inactive",8,24,12,6,8,17,9,9
"6997","G0700","G0700_07","inactive",1,5,1,2,3,3,0,2
"6998","G0700","G0700_08","inactive",3,15,8,5,6,9,7,8
"6999","G0700","G0700_09","inactive",11,20,12,13,23,18,9,16
"7000","G0700","G0700_10","inactive",11,22,22,16,23,16,12,20
"7001","G0701","G0701_01","inactive",1,7,3,2,10,0,0,4
"7002","G0701","G0701_02","inactive",10,41,24,13,17,32,24,15
"7003","G0701","G0701_03","inactive",32,41,36,37,29,38,31,24
"7004","G0701","G0701_04","inactive",3,1,6,6,8,0,2,1
"7005","G0701","G0701_05","inactive",0,2,2,0,0,2,4,0
"7006","G0701","G0701_06","inactive",6,12,10,6,9,17,5,5
"7007","G0701","G0701_07","inactive",6,6,9,7,8,5,5,6
"7008","G0701","G0701_08","inactive",1,6,12,3,5,4,6,3
"7009","G0701","G0701_09","inactive",5,6,7,8,8,4,6,3
"7010","G0701","G0701_10","inactive",3,16,6,4,9,14,7,4
"7011","G0702","G0702_01","inactive",4,17,15,11,21,23,11,10
"7012","G0702","G0702_02","inactive",13,24,36,13,26,22,16,17
"7013","G0702","G0702_03","inactive",5,5,13,8,8,10,9,7
"7014","G0702","G0702_04","inactive",17,35,22,19,26,41,26,22
"7015","G0702","G0702_05","inactive",3,23,13,10,13,17,9,13
"7016","G0702","G0702_06","inactive",13,20,4,23,14,11,13,23
"7017","G0702","G0702_07","inactive",20,57,26,24,39,46,31,31
"7018","G0702","G0702_08","inactive",3,5,12,2,4,9,11,2
"7019","G0702","G0702_09","inactive",2,6,0,1,5,1,6,7
"7020","G0702","G0702_10","inactive",19,35,40,36,31,43,30,31
"7021","G0703","G0703_01","inactive",70,150,114,111,101,137,97,94
"7022","G0703","G0703_02","inactive",9,11,1,4,4,11,4,3
"7023","G0703","G0703_03","inactive",2,8,5,8,6,11,1,4
"7024","G0703","G0703_04","inactive",3,9,13,3,9,11,7,5
"7025","G0703","G0703_05","inactive",2,5,7,3,5,1,16,5
"7026","G0703","G0703_06","inactive",5,4,1,13,9,6,6,9
"7027","G0703","G0703_07","inactive",4,13,5,0,8,5,6,5
"7028","G0703","G0703_08","inactive",15,13,12,14,17,12,11,18
"7029","G0703","G0703_09","inactive",3,6,7,7,8,8,8,3
"7030","G0703","G0703_10","inactive",5,5,10,3,8,1,10,6
"7031","G0704","G0704_01","increasing",7,7,6,1,12,9,10,2
"7032","G0704","G0704_02","increasing",21,48,35,22,56,24,54,43
"7033","G0704","G0704_03","increasing",1,6,0,1,7,1,1,3
"7034","G0704","G0704_04","increasing",1,0,3,5,4,2,2,1
"7035","G0704","G0704_05","increasing",8,14,6,18,17,27,16,33
"7036","G0704","G0704_06","increasing",2,7,2,3,6,10,2,4
"7037","G0704","G0704_07","increasing",4,7,6,7,9,3,12,15
"7038","G0704","G0704_08","increasing",6,33,15,7,25,32,20,21
"7039","G0704","G0704_09","increasing",4,10,8,10,12,14,11,9
"7040","G0704","G0704_10","increasing",6,11,11,7,10,25,22,14
"7041","G0705","G0705_01","inactive",8,21,12,6,11,12,6,15
"7042","G0705","G0705_02","inactive",9,8,23,10,15,10,12,8
"7043","G0705","G0705_03","inactive",14,4,9,13,15,7,14,12
"7044","G0705","G0705_04","inactive",4,14,6,10,11,23,11,11
"7045","G0705","G0705_05","inactive",4,7,3,5,4,7,9,6
"7046","G0705","G0705_06","inactive",4,9,8,9,10,8,5,4
"7047","G0705","G0705_07","inactive",6,14,7,8,16,13,4,5
"7048","G0705","G0705_08","inactive",28,30,36,15,23,32,35,23
"7049","G0705","G0705_09","inactive",0,7,3,6,8,5,3,5
"7050","G0705","G0705_10","inactive",1,7,5,12,10,4,12,9
"7051","G0706","G0706_01","inactive",4,23,10,11,17,14,22,16
"7052","G0706","G0706_02","inactive",5,21,8,4,9,5,9,6
"7053","G0706","G0706_03","inactive",14,32,36,20,26,23,21,30
"7054","G0706","G0706_04","inactive",7,24,17,13,14,19,17,14
"7055","G0706","G0706_05","inactive",9,9,6,3,6,6,8,6
"7056","G0706","G0706_06","inactive",6,15,9,11,15,8,13,5
"7057","G0706","G0706_07","inactive",1,6,3,5,3,5,4,4
"7058","G0706","G0706_08","inactive",19,27,17,10,16,11,15,15
"7059","G0706","G0706_09","inactive",7,11,4,10,11,7,12,8
"7060","G0706","G0706_10","inactive",8,20,12,6,14,7,12,8
"7061","G0707","G0707_01","inactive",4,0,4,5,9,3,8,7
"7062","G0707","G0707_02","inactive",4,3,4,1,5,6,5,3
"7063","G0707","G0707_03","inactive",5,21,14,20,16,22,18,14
"7064","G0707","G0707_04","inactive",15,22,11,4,26,27,15,18
"7065","G0707","G0707_05","inactive",0,3,6,4,0,1,3,4
"7066","G0707","G0707_06","inactive",1,12,2,4,4,7,0,5
"7067","G0707","G0707_07","inactive",9,9,4,10,13,11,7,4
"7068","G0707","G0707_08","inactive",11,15,15,8,13,15,10,4
"7069","G0707","G0707_09","inactive",11,28,22,12,27,18,16,14
"7070","G0707","G0707_10","inactive",24,56,41,38,44,34,42,45
"7071","G0708","G0708_01","inactive",4,14,7,8,9,16,7,7
"7072","G0708","G0708_02","inactive",4,4,7,5,7,12,8,3
"7073","G0708","G0708_03","inactive",6,5,6,4,5,6,5,4
"7074","G0708","G0708_04","inactive",5,7,8,4,5,7,11,5
"7075","G0708","G0708_05","inactive",6,21,17,12,20,13,11,8
"7076","G0708","G0708_06","inactive",3,6,7,1,8,5,6,2
"7077","G0708","G0708_07","inactive",8,17,16,6,7,8,18,4
"7078","G0708","G0708_08","inactive",5,7,4,4,7,10,2,6
"7079","G0708","G0708_09","inactive",17,35,24,18,23,25,28,14
"7080","G0708","G0708_10","inactive",11,22,22,15,14,21,18,24
"7081","G0709","G0709_01","inactive",0,0,2,4,1,3,1,3
"7082","G0709","G0709_02","inactive",33,48,39,36,37,53,37,37
"7083","G0709","G0709_03","inactive",15,36,26,18,14,22,17,11
"7084","G0709","G0709_04","inactive",5,20,11,7,13,21,12,7
"7085","G0709","G0709_05","inactive",4,11,5,2,11,5,1,4
"7086","G0709","G0709_06","inactive",4,11,1,2,6,5,2,2
"7087","G0709","G0709_07","inactive",26,65,31,34,56,58,33,41
"7088","G0709","G0709_08","inactive",10,17,18,2,14,7,10,5
"7089","G0709","G0709_09","inactive",3,4,6,4,2,12,5,6
"7090","G0709","G0709_10","inactive",2,5,1,4,6,7,6,6
"7091","G0710","G0710_01","inactive",11,9,4,7,14,10,13,5
"7092","G0710","G0710_02","inactive",12,19,23,10,18,13,28,20
"7093","G0710","G0710_03","inactive",8,7,5,0,6,5,4,4
"7094","G0710","G0710_04","inactive",36,47,29,25,49,41,44,32
"7095","G0710","G0710_05","inactive",2,4,7,2,5,2,4,0
"7096","G0710","G0710_06","inactive",2,4,3,2,2,4,1,4
"7097","G0710","G0710_07","inactive",6,19,9,12,8,14,20,13
"7098","G0710","G0710_08","inactive",1,1,2,1,0,3,6,1
"7099","G0710","G0710_09","inactive",1,2,5,7,4,3,0,2
"7100","G0710","G0710_10","inactive",8,17,13,18,23,13,16,13
"7101","G0711","G0711_01","inactive",3,13,7,5,6,17,14,9
"7102","G0711","G0711_02","inactive",3,11,5,7,13,7,4,5
"7103","G0711","G0711_03","inactive",14,16,18,28,24,16,18,25
"7104","G0711","G0711_04","inactive",2,3,6,4,8,4,6,6
"7105","G0711","G0711_05","inactive",3,6,0,11,8,7,7,8
"7106","G0711","G0711_06","inactive",9,11,9,9,14,13,16,5
"7107","G0711","G0711_07","inactive",3,13,8,12,16,13,7,13
"7108","G0711","G0711_08","inactive",1,5,2,3,4,5,1,1
"7109","G0711","G0711_09","inactive",11,9,12,13,13,17,9,15
"7110","G0711","G0711_10","inactive",4,6,4,2,5,2,8,4
"7111","G0712","G0712_01","inactive",5,15,7,9,6,9,26,8
"7112","G0712","G0712_02","inactive",5,21,9,13,13,8,7,11
"7113","G0712","G0712_03","inactive",2,5,1,4,0,2,3,5
"7114","G0712","G0712_04","inactive",19,25,10,18,18,18,14,23
"7115","G0712","G0712_05","inactive",8,10,8,9,5,10,11,7
"7116","G0712","G0712_06","inactive",4,9,5,4,3,4,7,4
"7117","G0712","G0712_07","inactive",2,11,8,6,9,6,8,2
"7118","G0712","G0712_08","inactive",9,3,7,7,8,3,8,8
"7119","G0712","G0712_09","inactive",6,3,6,2,4,3,4,4
"7120","G0712","G0712_10","inactive",4,14,5,4,10,12,6,4
"7121","G0713","G0713_01","inactive",9,2,6,8,8,7,2,8
"7122","G0713","G0713_02","inactive",5,11,4,8,6,5,3,4
"7123","G0713","G0713_03","inactive",13,31,14,11,20,29,18,16
"7124","G0713","G0713_04","inactive",12,27,11,8,20,11,13,4
"7125","G0713","G0713_05","inactive",19,65,34,42,56,51,38,34
"7126","G0713","G0713_06","inactive",9,19,7,8,22,11,11,9
"7127","G0713","G0713_07","inactive",24,60,46,32,48,48,48,41
"7128","G0713","G0713_08","inactive",11,22,9,10,8,14,11,17
"7129","G0713","G0713_09","inactive",6,11,9,2,15,9,10,7
"7130","G0713","G0713_10","inactive",11,11,11,6,16,10,8,4
"7131","G0714","G0714_01","inactive",7,9,10,6,13,8,11,12
"7132","G0714","G0714_02","inactive",9,22,16,16,20,13,16,12
"7133","G0714","G0714_03","inactive",1,6,12,17,8,5,9,9
"7134","G0714","G0714_04","inactive",5,0,4,7,2,3,3,1
"7135","G0714","G0714_05","inactive",1,13,6,4,14,7,9,2
"7136","G0714","G0714_06","inactive",5,27,19,8,15,18,12,8
"7137","G0714","G0714_07","inactive",0,3,2,0,0,3,3,1
"7138","G0714","G0714_08","inactive",8,11,7,8,11,16,19,18
"7139","G0714","G0714_09","inactive",13,36,30,27,20,26,22,15
"7140","G0714","G0714_10","inactive",5,5,18,7,11,11,13,8
"7141","G0715","G0715_01","inactive",7,10,13,9,12,6,12,10
"7142","G0715","G0715_02","inactive",7,10,5,11,14,7,4,6
"7143","G0715","G0715_03","inactive",3,3,13,0,5,5,11,1
"7144","G0715","G0715_04","inactive",4,2,3,1,0,6,2,1
"7145","G0715","G0715_05","inactive",3,6,3,4,5,3,3,7
"7146","G0715","G0715_06","inactive",12,11,8,8,15,8,6,8
"7147","G0715","G0715_07","inactive",5,5,3,5,2,4,4,0
"7148","G0715","G0715_08","inactive",10,7,16,3,9,4,14,7
"7149","G0715","G0715_09","inactive",11,24,24,13,13,19,30,22
"7150","G0715","G0715_10","inactive",1,2,6,4,6,3,7,5
"7151","G0716","G0716_01","inactive",3,9,8,2,11,12,10,8
"7152","G0716","G0716_02","inactive",7,22,5,7,5,8,16,6
"7153","G0716","G0716_03","inactive",5,5,3,6,13,7,4,1
"7154","G0716","G0716_04","inactive",3,18,1,3,15,16,2,6
"7155","G0716","G0716_05","inactive",11,7,5,9,12,13,5,4
"7156","G0716","G0716_06","inactive",5,12,7,6,7,10,16,4
"7157","G0716","G0716_07","inactive",7,10,23,7,10,10,11,9
"7158","G0716","G0716_08","inactive",15,28,25,24,24,19,17,25
"7159","G0716","G0716_09","inactive",3,11,8,4,11,9,10,7
"7160","G0716","G0716_10","inactive",4,4,10,3,4,6,9,2
"7161","G0717","G0717_01","inactive",7,19,19,15,9,13,9,9
"7162","G0717","G0717_02","inactive",5,5,5,4,6,5,4,2
"7163","G0717","G0717_03","inactive",13,17,8,15,20,18,16,14
"7164","G0717","G0717_04","inactive",4,8,4,4,6,6,13,7
"7165","G0717","G0717_05","inactive",3,8,1,1,3,10,1,6
"7166","G0717","G0717_06","inactive",2,5,8,3,2,5,5,1
"7167","G0717","G0717_07","inactive",5,9,4,3,12,10,4,6
"7168","G0717","G0717_08","inactive",10,25,21,15,17,16,14,12
"7169","G0717","G0717_09","inactive",12,33,10,12,16,25,12,7
"7170","G0717","G0717_10","inactive",6,16,9,14,10,18,13,15
"7171","G0718","G0718_01","inactive",5,10,3,6,9,8,5,1
"7172","G0718","G0718_02","inactive",3,6,7,1,6,3,4,2
"7173","G0718","G0718_03","inactive",17,40,23,13,36,31,21,19
"7174","G0718","G0718_04","inactive",1,5,6,6,2,7,5,3
"7175","G0718","G0718_05","inactive",5,14,5,4,7,9,7,4
"7176","G0718","G0718_06","inactive",7,14,2,8,8,6,6,3
"7177","G0718","G0718_07","inactive",6,3,3,5,5,2,0,4
"7178","G0718","G0718_08","inactive",0,10,9,14,6,13,11,11
"7179","G0718","G0718_09","inactive",5,9,4,8,7,7,7,7
"7180","G0718","G0718_10","inactive",4,4,8,6,8,7,4,10
"7181","G0719","G0719_01","inactive",14,45,30,28,15,47,23,26
"7182","G0719","G0719_02","inactive",2,4,9,5,5,7,9,1
"7183","G0719","G0719_03","inactive",4,10,13,3,11,7,8,2
"7184","G0719","G0719_04","inactive",3,12,2,15,5,8,6,10
"7185","G0719","G0719_05","inactive",2,5,5,5,9,0,6,3
"7186","G0719","G0719_06","inactive",8,13,17,6,9,12,12,13
"7187","G0719","G0719_07","inactive",18,26,14,19,25,31,18,26
"7188","G0719","G0719_08","inactive",3,25,17,10,15,8,12,18
"7189","G0719","G0719_09","inactive",5,19,6,9,10,13,4,0
"7190","G0719","G0719_10","inactive",3,7,9,4,6,4,8,4
"7191","G0720","G0720_01","inactive",1,2,1,4,5,1,5,2
"7192","G0720","G0720_02","inactive",9,14,3,5,10,4,3,4
"7193","G0720","G0720_03","inactive",5,21,14,12,14,10,13,12
"7194","G0720","G0720_04","inactive",6,23,12,12,16,17,11,8
"7195","G0720","G0720_05","inactive",5,14,5,9,10,9,8,12
"7196","G0720","G0720_06","inactive",2,11,5,9,6,10,8,4
"7197","G0720","G0720_07","inactive",4,28,10,11,15,11,20,6
"7198","G0720","G0720_08","inactive",1,2,5,2,1,0,2,3
"7199","G0720","G0720_09","inactive",2,10,6,4,7,5,3,5
"7200","G0720","G0720_10","inactive",21,35,17,21,40,29,18,21
"7201","G0721","G0721_01","inactive",15,19,19,7,10,9,11,12
"7202","G0721","G0721_02","inactive",7,16,13,6,12,12,11,7
"7203","G0721","G0721_03","inactive",19,24,16,16,35,18,7,16
"7204","G0721","G0721_04","inactive",9,18,4,13,15,17,12,8
"7205","G0721","G0721_05","inactive",5,6,5,8,7,3,6,7
"7206","G0721","G0721_06","inactive",9,25,7,4,13,9,14,7
"7207","G0721","G0721_07","inactive",2,13,1,4,7,4,5,4
"7208","G0721","G0721_08","inactive",10,21,15,5,14,24,12,9
"7209","G0721","G0721_09","inactive",1,10,1,7,7,6,3,5
"7210","G0721","G0721_10","inactive",14,15,16,12,20,14,24,21
"7211","G0722","G0722_01","inactive",33,67,29,25,44,63,41,27
"7212","G0722","G0722_02","inactive",1,17,9,11,4,7,15,8
"7213","G0722","G0722_03","inactive",20,18,9,7,11,10,6,2
"7214","G0722","G0722_04","inactive",1,10,6,1,1,3,4,4
"7215","G0722","G0722_05","inactive",12,17,15,16,30,20,12,15
"7216","G0722","G0722_06","inactive",3,24,4,5,10,9,5,7
"7217","G0722","G0722_07","inactive",8,6,2,2,11,4,0,2
"7218","G0722","G0722_08","inactive",11,13,18,9,8,16,23,5
"7219","G0722","G0722_09","inactive",5,0,3,5,10,1,6,3
"7220","G0722","G0722_10","inactive",6,11,5,4,13,9,12,7
"7221","G0723","G0723_01","negcontrol",3,7,6,4,4,9,11,6
"7222","G0723","G0723_02","negcontrol",0,8,3,1,2,7,2,2
"7223","G0723","G0723_03","negcontrol",11,20,5,13,6,14,17,7
"7224","G0723","G0723_04","negcontrol",19,38,21,21,31,23,18,20
"7225","G0723","G0723_05","negcontrol",7,17,6,11,11,15,23,10
"7226","G0723","G0723_06","negcontrol",19,8,6,4,16,5,11,12
"7227","G0723","G0723_07","negcontrol",16,18,18,13,15,16,34,14
"7228","G0723","G0723_08","negcontrol",6,4,15,12,10,10,5,11
"7229","G0723","G0723_09","negcontrol",18,22,10,11,33,16,18,16
"7230","G0723","G0723_10","negcontrol",12,45,23,38,17,31,16,22
"7231","G0724","G0724_01","inactive",1,10,6,3,4,1,6,4
"7232","G0724","G0724_02","inactive",6,5,4,0,9,8,1,4
"7233","G0724","G0724_03","inactive",8,18,5,9,7,5,5,8
"7234","G0724","G0724_04","inactive",1,10,13,3,3,9,7,3
"7235","G0724","G0724_05","inactive",13,12,8,7,17,12,9,12
"7236","G0724","G0724_06","inactive",22,36,40,23,20,33,24,15
"7237","G0724","G0724_07","inactive",10,38,22,7,15,25,23,18
"7238","G0724","G0724_08","inactive",2,5,0,2,3,9,0,0
"7239","G0724","G0724_09","inactive",0,16,5,13,11,12,7,12
"7240","G0724","G0724_10","inactive",6,12,4,5,13,7,6,3
"7241","G0725","G0725_01","inactive",9,16,10,7,11,18,16,6
"7242","G0725","G0725_02","inactive",6,25,11,11,15,24,17,7
"7243","G0725","G0725_03","inactive",12,26,27,24,29,13,38,19
"7244","G0725","G0725_04","inactive",3,5,6,11,10,3,13,9
"7245","G0725","G0725_05","inactive",18,21,14,17,17,14,11,9
"7246","G0725","G0725_06","inactive",12,8,6,5,8,5,10,5
"7247","G0725","G0725_07","inactive",18,30,16,21,34,23,27,20
"7248","G0725","G0725_08","inactive",4,19,19,8,14,14,17,14
"7249","G0725","G0725_09","inactive",9,13,24,8,23,8,14,16
"7250","G0725","G0725_10","inactive",8,20,13,6,10,12,15,6
"7251","G0726","G0726_01","inactive",2,0,2,0,1,0,4,2
"7252","G0726","G0726_02","inactive",2,16,4,6,5,9,4,5
"7253","G0726","G0726_03","inactive",3,8,3,4,6,9,3,2
"7254","G0726","G0726_04","inactive",7,7,17,13,13,13,16,15
"7255","G0726","G0726_05","inactive",7,7,6,3,2,9,4,5
"7256","G0726","G0726_06","inactive",7,6,3,4,12,14,7,6
"7257","G0726","G0726_07","inactive",35,45,34,26,47,36,37,34
"7258","G0726","G0726_08","inactive",14,14,14,22,19,20,20,13
"7259","G0726","G0726_09","inactive",23,31,21,12,27,26,23,14
"7260","G0726","G0726_10","inactive",2,7,7,3,4,8,11,5
"7261","G0727","G0727_01","inactive",2,15,9,3,5,12,9,7
"7262","G0727","G0727_02","inactive",3,5,9,4,6,4,4,3
"7263","G0727","G0727_03","inactive",1,1,0,4,8,4,4,8
"7264","G0727","G0727_04","inactive",4,7,10,4,10,5,7,3
"7265","G0727","G0727_05","inactive",1,13,6,2,6,4,0,2
"7266","G0727","G0727_06","inactive",11,23,16,9,24,27,13,12
"7267","G0727","G0727_07","inactive",4,7,5,9,11,7,8,7
"7268","G0727","G0727_08","inactive",7,20,8,3,17,13,6,6
"7269","G0727","G0727_09","inactive",15,18,17,6,11,6,14,13
"7270","G0727","G0727_10","inactive",3,4,6,5,1,4,4,2
"7271","G0728","G0728_01","inactive",8,10,7,7,7,9,11,5
"7272","G0728","G0728_02","inactive",5,31,19,12,22,15,12,14
"7273","G0728","G0728_03","inactive",5,0,2,0,2,1,4,7
"7274","G0728","G0728_04","inactive",1,4,3,3,2,9,1,6
"7275","G0728","G0728_05","inactive",1,2,2,3,1,2,1,1
"7276","G0728","G0728_06","inactive",3,11,7,11,11,10,7,6
"7277","G0728","G0728_07","inactive",1,6,2,3,1,1,3,2
"7278","G0728","G0728_08","inactive",10,17,18,23,14,23,28,20
"7279","G0728","G0728_09","inactive",9,21,6,10,13,24,6,9
"7280","G0728","G0728_10","inactive",2,4,0,3,3,4,0,3
"7281","G0729","G0729_01","inactive",2,6,5,1,4,6,8,4
"7282","G0729","G0729_02","inactive",8,12,2,6,8,10,7,6
"7283","G0729","G0729_03","inactive",13,12,4,10,12,21,12,16
"7284","G0729","G0729_04","inactive",14,17,18,7,13,16,18,11
"7285","G0729","G0729_05","inactive",5,14,7,11,10,12,12,6
"7286","G0729","G0729_06","inactive",18,27,22,25,24,29,21,27
"7287","G0729","G0729_07","inactive",19,61,30,28,34,37,28,23
"7288","G0729","G0729_08","inactive",23,57,33,27,54,40,31,30
"7289","G0729","G0729_09","inactive",13,34,18,16,19,13,18,12
"7290","G0729","G0729_10","inactive",4,5,2,4,7,3,1,7
"7291","G0730","G0730_01","inactive",5,16,13,10,12,10,12,11
"7292","G0730","G0730_02","inactive",1,4,6,5,1,1,7,4
"7293","G0730","G0730_03","inactive",6,23,7,10,8,14,10,4
"7294","G0730","G0730_04","inactive",7,11,13,12,11,9,10,5
"7295","G0730","G0730_05","inactive",3,6,2,4,7,3,5,6
"7296","G0730","G0730_06","inactive",1,10,5,4,3,2,6,4
"7297","G0730","G0730_07","inactive",1,12,3,8,7,11,6,7
"7298","G0730","G0730_08","inactive",12,18,16,12,21,12,10,18
"7299","G0730","G0730_09","inactive",3,7,3,4,8,3,6,2
"7300","G0730","G0730_10","inactive",12,13,6,7,22,7,14,8
"7301","G0731","G0731_01","negcontrol",8,13,17,11,6,15,11,16
"7302","G0731","G0731_02","negcontrol",1,13,3,4,9,9,7,3
"7303","G0731","G0731_03","negcontrol",8,16,17,13,6,10,9,6
"7304","G0731","G0731_04","negcontrol",7,10,5,4,10,3,5,7
"7305","G0731","G0731_05","negcontrol",31,46,31,29,39,50,50,34
"7306","G0731","G0731_06","negcontrol",1,3,3,2,2,2,4,2
"7307","G0731","G0731_07","negcontrol",6,11,6,7,7,10,6,7
"7308","G0731","G0731_08","negcontrol",2,17,4,9,3,11,9,7
"7309","G0731","G0731_09","negcontrol",4,9,5,9,4,8,1,5
"7310","G0731","G0731_10","negcontrol",22,34,12,11,20,35,24,12
"7311","G0732","G0732_01","inactive",0,18,6,2,6,8,7,5
"7312","G0732","G0732_02","inactive",3,2,5,1,5,7,5,2
"7313","G0732","G0732_03","inactive",13,36,25,5,26,18,23,16
"7314","G0732","G0732_04","inactive",10,12,6,7,11,9,8,4
"7315","G0732","G0732_05","inactive",3,3,2,0,3,4,1,1
"7316","G0732","G0732_06","inactive",9,13,12,6,8,14,6,0
"7317","G0732","G0732_07","inactive",3,14,13,5,5,7,13,5
"7318","G0732","G0732_08","inactive",1,2,2,1,0,1,3,0
"7319","G0732","G0732_09","inactive",5,5,6,3,9,3,12,7
"7320","G0732","G0732_10","inactive",6,7,7,2,7,8,7,3
"7321","G0733","G0733_01","inactive",3,2,4,7,4,3,2,4
"7322","G0733","G0733_02","inactive",10,25,28,9,15,31,26,18
"7323","G0733","G0733_03","inactive",0,11,0,2,1,1,0,2
"7324","G0733","G0733_04","inactive",9,24,11,8,17,19,19,12
"7325","G0733","G0733_05","inactive",10,9,9,3,7,8,18,7
"7326","G0733","G0733_06","inactive",1,2,0,1,3,2,0,1
"7327","G0733","G0733_07","inactive",10,8,13,6,18,8,9,10
"7328","G0733","G0733_08","inactive",10,31,10,18,33,16,18,25
"7329","G0733","G0733_09","inactive",4,0,5,1,4,0,5,3
"7330","G0733","G0733_10","inactive",3,3,5,1,5,1,3,1
"7331","G0734","G0734_01","inactive",6,21,9,12,17,16,19,6
"7332","G0734","G0734_02","inactive",1,14,5,3,5,3,3,3
"7333","G0734","G0734_03","inactive",9,27,24,19,26,19,21,18
"7334","G0734","G0734_04","inactive",1,4,0,1,4,2,0,3
"7335","G0734","G0734_05","inactive",3,7,8,4,8,3,4,4
"7336","G0734","G0734_06","inactive",31,54,38,29,54,38,32,32
"7337","G0734","G0734_07","inactive",11,6,7,7,16,13,4,6
"7338","G0734","G0734_08","inactive",3,1,4,6,7,1,2,6
"7339","G0734","G0734_09","inactive",2,12,8,3,3,6,6,3
"7340","G0734","G0734_10","inactive",14,27,16,15,22,15,21,22
"7341","G0735","G0735_01","inactive",2,8,0,1,5,5,2,5
"7342","G0735","G0735_02","inactive",3,6,2,2,6,7,7,0
"7343","G0735","G0735_03","inactive",11,25,12,9,16,23,18,18
"7344","G0735","G0735_04","inactive",6,17,7,13,15,14,14,8
"7345","G0735","G0735_05","inactive",1,6,4,8,9,3,11,2
"7346","G0735","G0735_06","inactive",6,7,7,11,9,2,6,8
"7347","G0735","G0735_07","inactive",3,5,0,8,4,8,3,5
"7348","G0735","G0735_08","inactive",2,15,14,6,12,10,10,10
"7349","G0735","G0735_09","inactive",5,15,9,7,14,9,14,17
"7350","G0735","G0735_10","inactive",4,11,5,2,5,6,6,4
"7351","G0736","G0736_01","inactive",19,26,26,14,34,27,28,26
"7352","G0736","G0736_02","inactive",33,48,32,48,51,54,57,61
"7353","G0736","G0736_03","inactive",6,2,9,9,18,6,7,11
"7354","G0736","G0736_04","inactive",5,8,13,7,8,5,11,19
"7355","G0736","G0736_05","inactive",21,33,24,22,40,15,25,23
"7356","G0736","G0736_06","inactive",3,10,6,9,7,9,3,2
"7357","G0736","G0736_07","inactive",6,12,3,8,7,4,5,2
"7358","G0736","G0736_08","inactive",17,18,13,16,27,30,26,14
"7359","G0736","G0736_09","inactive",9,19,4,8,11,15,8,12
"7360","G0736","G0736_10","inactive",9,15,14,21,22,25,20,7
"7361","G0737","G0737_01","inactive",4,14,5,1,6,7,5,7
"7362","G0737","G0737_02","inactive",11,29,21,11,26,24,25,19
"7363","G0737","G0737_03","inactive",20,42,34,31,29,31,42,27
"7364","G0737","G0737_04","inactive",5,23,12,7,17,13,13,9
"7365","G0737","G0737_05","inactive",10,19,19,9,27,14,14,12
"7366","G0737","G0737_06","inactive",6,23,21,9,14,21,16,9
"7367","G0737","G0737_07","inactive",5,14,6,5,3,18,5,10
"7368","G0737","G0737_08","inactive",4,10,4,2,16,10,3,6
"7369","G0737","G0737_09","inactive",4,8,9,7,6,5,9,8
"7370","G0737","G0737_10","inactive",9,26,17,14,20,21,19,10
"7371","G0738","G0738_01","inactive",0,8,3,6,7,1,9,1
"7372","G0738","G0738_02","inactive",3,12,2,4,7,7,4,4
"7373","G0738","G0738_03","inactive",6,6,8,6,2,7,16,3
"7374","G0738","G0738_04","inactive",3,8,7,9,9,8,11,8
"7375","G0738","G0738_05","inactive",13,23,14,17,22,8,17,15
"7376","G0738","G0738_06","inactive",0,10,2,5,4,4,0,9
"7377","G0738","G0738_07","inactive",11,6,15,6,15,6,11,2
"7378","G0738","G0738_08","inactive",7,12,12,18,5,9,7,21
"7379","G0738","G0738_09","inactive",3,7,10,7,10,5,11,5
"7380","G0738","G0738_10","inactive",9,20,18,4,18,17,18,6
"7381","G0739","G0739_01","inactive",7,15,9,15,11,8,14,9
"7382","G0739","G0739_02","inactive",23,33,21,18,42,16,37,24
"7383","G0739","G0739_03","inactive",9,33,18,20,12,29,20,16
"7384","G0739","G0739_04","inactive",1,2,4,3,3,3,3,1
"7385","G0739","G0739_05","inactive",11,21,22,15,18,21,31,10
"7386","G0739","G0739_06","inactive",4,3,2,2,6,3,2,1
"7387","G0739","G0739_07","inactive",1,5,10,11,4,18,8,17
"7388","G0739","G0739_08","inactive",1,18,11,9,8,6,5,13
"7389","G0739","G0739_09","inactive",20,27,17,23,28,24,25,19
"7390","G0739","G0739_10","inactive",9,18,20,9,16,13,22,16
"7391","G0740","G0740_01","inactive",2,6,7,4,1,5,8,1
"7392","G0740","G0740_02","inactive",3,10,5,5,5,8,11,4
"7393","G0740","G0740_03","inactive",4,19,3,4,11,14,11,5
"7394","G0740","G0740_04","inactive",25,13,14,11,18,15,21,11
"7395","G0740","G0740_05","inactive",8,16,12,12,22,7,13,14
"7396","G0740","G0740_06","inactive",10,18,23,11,14,18,11,21
"7397","G0740","G0740_07","inactive",2,3,2,0,2,3,5,4
"7398","G0740","G0740_08","inactive",4,7,8,4,9,4,8,1
"7399","G0740","G0740_09","inactive",17,18,13,20,20,19,19,12
"7400","G0740","G0740_10","inactive",14,23,21,11,22,21,23,21
"7401","G0741","G0741_01","inactive",5,17,4,3,9,7,4,8
"7402","G0741","G0741_02","inactive",2,21,5,5,3,15,6,8
"7403","G0741","G0741_03","inactive",8,31,18,10,18,19,20,15
"7404","G0741","G0741_04","inactive",7,8,2,8,8,5,4,6
"7405","G0741","G0741_05","inactive",4,18,1,3,10,12,4,9
"7406","G0741","G0741_06","inactive",10,34,18,13,17,27,28,10
"7407","G0741","G0741_07","inactive",5,13,8,2,1,11,9,0
"7408","G0741","G0741_08","inactive",13,7,8,10,23,10,5,8
"7409","G0741","G0741_09","inactive",16,20,16,16,30,31,16,11
"7410","G0741","G0741_10","inactive",8,14,20,14,11,13,19,19
"7411","G0742","G0742_01","inactive",8,32,15,20,25,25,16,16
"7412","G0742","G0742_02","inactive",0,7,2,2,1,4,4,3
"7413","G0742","G0742_03","inactive",9,11,9,10,14,14,7,11
"7414","G0742","G0742_04","inactive",80,89,81,46,95,65,73,64
"7415","G0742","G0742_05","inactive",4,2,6,1,9,1,12,1
"7416","G0742","G0742_06","inactive",9,10,10,19,15,9,5,7
"7417","G0742","G0742_07","inactive",7,3,3,7,2,10,7,1
"7418","G0742","G0742_08","inactive",13,19,25,15,16,15,20,10
"7419","G0742","G0742_09","inactive",14,50,14,20,23,27,23,12
"7420","G0742","G0742_10","inactive",10,11,15,13,20,8,6,11
"7421","G0743","G0743_01","inactive",4,12,19,8,3,10,22,9
"7422","G0743","G0743_02","inactive",7,29,22,13,18,25,20,16
"7423","G0743","G0743_03","inactive",2,8,2,2,2,7,8,7
"7424","G0743","G0743_04","inactive",4,20,9,6,11,17,11,5
"7425","G0743","G0743_05","inactive",7,9,3,5,4,12,8,10
"7426","G0743","G0743_06","inactive",5,8,3,0,5,3,2,4
"7427","G0743","G0743_07","inactive",11,30,15,13,17,18,20,14
"7428","G0743","G0743_08","inactive",16,28,24,21,19,27,21,21
"7429","G0743","G0743_09","inactive",7,12,8,6,5,13,13,6
"7430","G0743","G0743_10","inactive",3,11,2,2,9,7,5,7
"7431","G0744","G0744_01","inactive",4,5,0,2,6,1,0,1
"7432","G0744","G0744_02","inactive",20,44,38,23,38,30,35,20
"7433","G0744","G0744_03","inactive",9,15,6,4,13,22,6,9
"7434","G0744","G0744_04","inactive",9,24,6,7,15,11,14,18
"7435","G0744","G0744_05","inactive",1,7,9,7,2,5,5,4
"7436","G0744","G0744_06","inactive",11,9,8,9,7,9,9,13
"7437","G0744","G0744_07","inactive",4,6,9,7,8,4,9,14
"7438","G0744","G0744_08","inactive",7,17,13,9,10,6,13,4
"7439","G0744","G0744_09","inactive",7,8,5,6,4,7,8,8
"7440","G0744","G0744_10","inactive",3,8,4,8,12,6,16,5
"7441","G0745","G0745_01","inactive",1,4,0,0,2,1,1,4
"7442","G0745","G0745_02","inactive",12,7,6,4,12,6,11,4
"7443","G0745","G0745_03","inactive",3,9,6,6,3,5,12,1
"7444","G0745","G0745_04","inactive",9,10,5,8,5,5,2,7
"7445","G0745","G0745_05","inactive",12,14,12,12,18,16,18,13
"7446","G0745","G0745_06","inactive",8,13,15,8,14,17,4,7
"7447","G0745","G0745_07","inactive",16,8,18,10,29,16,16,14
"7448","G0745","G0745_08","inactive",8,11,6,6,7,5,4,5
"7449","G0745","G0745_09","inactive",9,16,9,6,12,7,6,8
"7450","G0745","G0745_10","inactive",6,20,9,10,9,13,4,9
"7451","G0746","G0746_01","increasing",2,7,1,2,7,7,8,3
"7452","G0746","G0746_02","increasing",1,7,2,3,3,6,4,0
"7453","G0746","G0746_03","increasing",4,9,6,0,11,12,13,9
"7454","G0746","G0746_04","increasing",8,25,18,16,27,34,38,26
"7455","G0746","G0746_05","increasing",8,24,3,5,21,23,15,13
"7456","G0746","G0746_06","increasing",5,5,12,7,28,21,16,14
"7457","G0746","G0746_07","increasing",3,2,5,2,4,3,7,11
"7458","G0746","G0746_08","increasing",12,13,7,7,26,20,19,14
"7459","G0746","G0746_09","increasing",10,14,19,5,18,25,33,10
"7460","G0746","G0746_10","increasing",4,4,10,6,11,15,31,12
"7461","G0747","G0747_01","decreasing",13,22,13,14,13,12,10,5
"7462","G0747","G0747_02","decreasing",19,37,27,26,22,27,13,8
"7463","G0747","G0747_03","decreasing",15,18,30,13,13,14,9,10
"7464","G0747","G0747_04","decreasing",9,27,17,11,4,13,8,10
"7465","G0747","G0747_05","decreasing",5,18,7,4,7,15,7,2
"7466","G0747","G0747_06","decreasing",15,16,7,6,17,8,11,5
"7467","G0747","G0747_07","decreasing",6,10,6,4,11,7,9,6
"7468","G0747","G0747_08","decreasing",0,2,4,1,0,4,5,2
"7469","G0747","G0747_09","decreasing",12,24,16,22,8,20,5,8
"7470","G0747","G0747_10","decreasing",22,19,29,13,11,9,18,4
"7471","G0748","G0748_01","inactive",3,3,2,1,2,1,4,1
"7472","G0748","G0748_02","inactive",4,11,6,8,13,11,6,9
"7473","G0748","G0748_03","inactive",7,21,10,13,12,11,8,11
"7474","G0748","G0748_04","inactive",6,11,7,1,12,15,8,5
"7475","G0748","G0748_05","inactive",12,16,9,15,10,9,16,13
"7476","G0748","G0748_06","inactive",25,37,24,29,31,23,26,36
"7477","G0748","G0748_07","inactive",3,6,2,9,10,6,4,8
"7478","G0748","G0748_08","inactive",6,34,15,23,14,25,23,20
"7479","G0748","G0748_09","inactive",1,13,3,2,4,12,4,7
"7480","G0748","G0748_10","inactive",2,6,2,3,3,7,3,8
"7481","G0749","G0749_01","decreasing",8,6,13,5,6,4,7,3
"7482","G0749","G0749_02","decreasing",4,10,6,4,12,6,6,1
"7483","G0749","G0749_03","decreasing",13,14,9,13,10,10,2,8
"7484","G0749","G0749_04","decreasing",3,7,4,2,2,4,4,2
"7485","G0749","G0749_05","decreasing",6,13,2,1,7,9,0,5
"7486","G0749","G0749_06","decreasing",1,4,5,0,4,3,2,4
"7487","G0749","G0749_07","decreasing",0,13,7,8,0,7,9,4
"7488","G0749","G0749_08","decreasing",2,7,0,1,0,3,0,3
"7489","G0749","G0749_09","decreasing",6,18,15,10,17,15,13,15
"7490","G0749","G0749_10","decreasing",8,13,15,15,3,5,2,7
"7491","G0750","G0750_01","inactive",4,2,0,4,1,0,0,4
"7492","G0750","G0750_02","inactive",12,34,15,13,30,30,16,18
"7493","G0750","G0750_03","inactive",3,10,7,2,5,10,8,2
"7494","G0750","G0750_04","inactive",17,47,20,23,45,52,16,16
"7495","G0750","G0750_05","inactive",4,22,17,9,16,22,13,14
"7496","G0750","G0750_06","inactive",4,23,14,9,12,18,23,13
"7497","G0750","G0750_07","inactive",5,15,9,11,16,12,18,14
"7498","G0750","G0750_08","inactive",0,5,3,2,2,6,2,5
"7499","G0750","G0750_09","inactive",27,36,47,36,33,31,35,25
"7500","G0750","G0750_10","inactive",4,3,4,4,5,2,2,6
"7501","G0751","G0751_01","inactive",12,18,8,4,16,17,7,5
"7502","G0751","G0751_02","inactive",2,19,4,5,9,10,3,9
"7503","G0751","G0751_03","inactive",2,9,0,4,9,4,3,6
"7504","G0751","G0751_04","inactive",5,5,8,7,10,6,9,8
"7505","G0751","G0751_05","inactive",14,22,29,14,30,25,30,12
"7506","G0751","G0751_06","inactive",6,8,2,8,3,9,6,8
"7507","G0751","G0751_07","inactive",19,34,17,14,13,25,22,16
"7508","G0751","G0751_08","inactive",14,18,24,26,22,23,21,17
"7509","G0751","G0751_09","inactive",17,12,7,11,18,8,15,15
"7510","G0751","G0751_10","inactive",2,6,5,6,9,5,10,5
"7511","G0752","G0752_01","increasing",8,21,6,2,16,26,12,10
"7512","G0752","G0752_02","increasing",4,17,8,7,24,21,10,11
"7513","G0752","G0752_03","increasing",10,13,11,10,23,19,21,12
"7514","G0752","G0752_04","increasing",6,24,18,5,29,23,23,21
"7515","G0752","G0752_05","increasing",0,0,0,0,8,3,0,3
"7516","G0752","G0752_06","increasing",6,13,7,8,15,16,10,13
"7517","G0752","G0752_07","increasing",2,4,3,4,9,13,12,6
"7518","G0752","G0752_08","increasing",9,8,22,10,33,14,12,13
"7519","G0752","G0752_09","increasing",0,3,2,0,2,6,0,0
"7520","G0752","G0752_10","increasing",1,6,0,7,5,6,5,8
"7521","G0753","G0753_01","inactive",5,12,7,3,6,9,5,14
"7522","G0753","G0753_02","inactive",11,19,7,7,9,3,3,5
"7523","G0753","G0753_03","inactive",11,25,13,12,16,22,9,22
"7524","G0753","G0753_04","inactive",5,5,6,4,6,5,7,5
"7525","G0753","G0753_05","inactive",6,2,2,3,4,4,7,4
"7526","G0753","G0753_06","inactive",14,20,10,12,15,21,10,7
"7527","G0753","G0753_07","inactive",9,5,11,7,7,8,8,6
"7528","G0753","G0753_08","inactive",10,9,5,8,9,5,9,10
"7529","G0753","G0753_09","inactive",4,7,1,1,8,12,1,9
"7530","G0753","G0753_10","inactive",1,3,9,5,5,0,6,0
"7531","G0754","G0754_01","inactive",5,5,12,3,10,7,9,9
"7532","G0754","G0754_02","inactive",1,6,10,10,6,8,4,11
"7533","G0754","G0754_03","inactive",2,5,4,3,4,6,5,1
"7534","G0754","G0754_04","inactive",11,22,17,12,15,20,13,12
"7535","G0754","G0754_05","inactive",11,31,25,14,34,23,31,19
"7536","G0754","G0754_06","inactive",0,6,3,5,0,6,2,4
"7537","G0754","G0754_07","inactive",11,19,14,20,18,25,15,20
"7538","G0754","G0754_08","inactive",2,8,2,5,0,4,2,4
"7539","G0754","G0754_09","inactive",8,21,6,14,13,17,20,11
"7540","G0754","G0754_10","inactive",11,20,10,8,13,17,18,7
"7541","G0755","G0755_01","inactive",3,6,3,1,9,4,4,0
"7542","G0755","G0755_02","inactive",8,19,11,6,19,24,15,16
"7543","G0755","G0755_03","inactive",6,4,3,3,10,14,10,12
"7544","G0755","G0755_04","inactive",3,21,9,6,9,13,16,10
"7545","G0755","G0755_05","inactive",16,31,27,9,25,26,16,9
"7546","G0755","G0755_06","inactive",4,8,7,3,8,12,9,0
"7547","G0755","G0755_07","inactive",4,15,10,3,3,3,6,5
"7548","G0755","G0755_08","inactive",14,18,5,3,7,12,6,5
"7549","G0755","G0755_09","inactive",4,13,6,9,5,15,15,14
"7550","G0755","G0755_10","inactive",10,7,8,11,9,7,8,4
"7551","G0756","G0756_01","inactive",4,9,6,6,6,13,5,5
"7552","G0756","G0756_02","inactive",4,26,15,16,13,14,15,16
"7553","G0756","G0756_03","inactive",5,10,10,7,10,18,12,16
"7554","G0756","G0756_04","inactive",10,5,10,6,16,6,9,8
"7555","G0756","G0756_05","inactive",14,19,9,16,3,25,22,12
"7556","G0756","G0756_06","inactive",18,45,29,21,36,34,26,28
"7557","G0756","G0756_07","inactive",2,8,9,7,7,9,15,8
"7558","G0756","G0756_08","inactive",5,17,6,5,6,9,8,10
"7559","G0756","G0756_09","inactive",8,27,10,12,6,12,9,6
"7560","G0756","G0756_10","inactive",2,11,6,4,4,10,2,2
"7561","G0757","G0757_01","inactive",12,31,31,17,33,10,19,11
"7562","G0757","G0757_02","inactive",8,14,13,10,12,7,13,12
"7563","G0757","G0757_03","inactive",29,40,36,35,42,37,33,23
"7564","G0757","G0757_04","inactive",5,11,7,2,2,7,5,5
"7565","G0757","G0757_05","inactive",13,33,19,16,21,30,22,19
"7566","G0757","G0757_06","inactive",7,10,19,11,9,13,7,8
"7567","G0757","G0757_07","inactive",9,15,15,15,11,14,12,5
"7568","G0757","G0757_08","inactive",3,10,15,9,8,9,7,9
"7569","G0757","G0757_09","inactive",4,20,7,3,17,16,11,0
"7570","G0757","G0757_10","inactive",5,17,5,5,6,12,5,10
"7571","G0758","G0758_01","inactive",0,4,3,0,1,3,0,2
"7572","G0758","G0758_02","inactive",4,29,9,11,20,17,18,8
"7573","G0758","G0758_03","inactive",7,11,6,7,4,8,3,4
"7574","G0758","G0758_04","inactive",2,8,2,0,3,5,0,5
"7575","G0758","G0758_05","inactive",5,18,10,8,6,18,5,5
"7576","G0758","G0758_06","inactive",11,20,18,11,11,20,22,13
"7577","G0758","G0758_07","inactive",26,35,14,27,32,28,27,18
"7578","G0758","G0758_08","inactive",4,6,5,0,3,7,1,1
"7579","G0758","G0758_09","inactive",4,25,16,4,8,23,14,8
"7580","G0758","G0758_10","inactive",5,9,9,2,11,9,5,5
"7581","G0759","G0759_01","inactive",14,10,7,3,13,11,10,6
"7582","G0759","G0759_02","inactive",1,5,2,6,3,2,4,6
"7583","G0759","G0759_03","inactive",1,4,3,0,0,2,2,0
"7584","G0759","G0759_04","inactive",17,19,14,15,15,22,18,20
"7585","G0759","G0759_05","inactive",6,18,6,3,22,13,11,9
"7586","G0759","G0759_06","inactive",7,13,9,7,6,8,9,6
"7587","G0759","G0759_07","inactive",13,31,20,25,23,20,24,19
"7588","G0759","G0759_08","inactive",3,23,14,4,14,18,10,7
"7589","G0759","G0759_09","inactive",8,31,28,23,23,28,11,18
"7590","G0759","G0759_10","inactive",20,36,29,22,33,40,32,18
"7591","G0760","G0760_01","inactive",8,35,29,15,26,13,25,13
"7592","G0760","G0760_02","inactive",11,22,7,5,13,12,9,11
"7593","G0760","G0760_03","inactive",8,16,15,11,14,9,5,7
"7594","G0760","G0760_04","inactive",7,22,13,11,10,12,17,10
"7595","G0760","G0760_05","inactive",2,8,9,2,8,6,13,7
"7596","G0760","G0760_06","inactive",17,31,15,21,19,35,14,16
"7597","G0760","G0760_07","inactive",9,4,7,5,7,11,14,3
"7598","G0760","G0760_08","inactive",11,10,5,2,6,3,6,3
"7599","G0760","G0760_09","inactive",11,6,10,5,13,7,5,7
"7600","G0760","G0760_10","inactive",7,8,14,3,9,6,14,5
"7601","G0761","G0761_01","inactive",20,23,31,20,25,15,32,22
"7602","G0761","G0761_02","inactive",7,5,9,9,8,10,9,10
"7603","G0761","G0761_03","inactive",6,23,7,12,9,18,8,12
"7604","G0761","G0761_04","inactive",6,17,11,8,16,18,9,11
"7605","G0761","G0761_05","inactive",6,32,8,12,17,13,22,13
"7606","G0761","G0761_06","inactive",6,4,14,9,13,5,12,6
"7607","G0761","G0761_07","inactive",5,12,15,4,7,6,21,9
"7608","G0761","G0761_08","inactive",11,9,9,2,12,3,7,3
"7609","G0761","G0761_09","inactive",2,4,6,5,5,2,7,7
"7610","G0761","G0761_10","inactive",4,3,1,1,1,5,3,5
"7611","G0762","G0762_01","inactive",7,16,11,5,6,21,15,5
"7612","G0762","G0762_02","inactive",8,3,9,9,6,7,8,13
"7613","G0762","G0762_03","inactive",5,12,4,1,5,12,10,3
"7614","G0762","G0762_04","inactive",3,9,2,3,8,9,9,2
"7615","G0762","G0762_05","inactive",2,6,1,7,3,6,1,2
"7616","G0762","G0762_06","inactive",17,26,14,12,18,12,16,7
"7617","G0762","G0762_07","inactive",3,12,10,4,6,5,8,9
"7618","G0762","G0762_08","inactive",1,7,10,1,1,13,10,1
"7619","G0762","G0762_09","inactive",0,3,1,2,0,2,4,4
"7620","G0762","G0762_10","inactive",16,11,9,10,18,13,9,10
"7621","G0763","G0763_01","inactive",5,13,5,1,10,12,5,4
"7622","G0763","G0763_02","inactive",6,15,9,10,4,12,16,5
"7623","G0763","G0763_03","inactive",3,1,2,4,3,3,3,6
"7624","G0763","G0763_04","inactive",9,17,3,6,7,11,6,6
"7625","G0763","G0763_05","inactive",13,24,15,7,13,16,10,5
"7626","G0763","G0763_06","inactive",11,32,12,13,13,17,6,4
"7627","G0763","G0763_07","inactive",5,10,24,9,10,8,23,5
"7628","G0763","G0763_08","inactive",2,0,2,1,6,0,4,1
"7629","G0763","G0763_09","inactive",7,11,11,11,11,11,6,8
"7630","G0763","G0763_10","inactive",7,6,9,1,3,4,4,4
"7631","G0764","G0764_01","inactive",7,8,6,3,10,13,4,4
"7632","G0764","G0764_02","inactive",7,8,9,1,9,5,8,2
"7633","G0764","G0764_03","inactive",4,6,12,13,10,11,11,9
"7634","G0764","G0764_04","inactive",3,13,14,7,13,17,15,17
"7635","G0764","G0764_05","inactive",5,9,6,7,12,15,3,3
"7636","G0764","G0764_06","inactive",15,23,24,15,19,19,26,21
"7637","G0764","G0764_07","inactive",1,6,1,3,0,4,1,1
"7638","G0764","G0764_08","inactive",11,22,12,8,10,12,12,23
"7639","G0764","G0764_09","inactive",2,7,9,4,10,8,10,12
"7640","G0764","G0764_10","inactive",16,16,19,17,15,18,23,14
"7641","G0765","G0765_01","inactive",9,5,8,4,10,6,8,3
"7642","G0765","G0765_02","inactive",2,12,11,4,10,8,6,3
"7643","G0765","G0765_03","inactive",7,21,15,9,12,17,10,7
"7644","G0765","G0765_04","inactive",4,3,3,1,4,2,6,1
"7645","G0765","G0765_05","inactive",15,30,30,15,31,33,28,23
"7646","G0765","G0765_06","inactive",18,46,25,25,37,37,21,20
"7647","G0765","G0765_07","inactive",5,19,8,5,20,14,12,2
"7648","G0765","G0765_08","inactive",27,60,36,42,51,53,39,53
"7649","G0765","G0765_09","inactive",8,13,8,8,9,7,8,8
"7650","G0765","G0765_10","inactive",2,9,9,8,0,6,5,2
"7651","G0766","G0766_01","inactive",15,35,15,14,23,13,19,24
"7652","G0766","G0766_02","inactive",4,15,3,0,1,11,3,2
"7653","G0766","G0766_03","inactive",5,23,13,6,9,14,13,7
"7654","G0766","G0766_04","inactive",5,17,11,17,16,13,20,9
"7655","G0766","G0766_05","inactive",5,15,5,11,14,10,9,3
"7656","G0766","G0766_06","inactive",4,10,9,8,6,15,9,4
"7657","G0766","G0766_07","inactive",5,8,11,8,9,5,5,3
"7658","G0766","G0766_08","inactive",5,21,6,12,11,11,8,13
"7659","G0766","G0766_09","inactive",2,13,3,2,4,6,8,0
"7660","G0766","G0766_10","inactive",11,32,17,21,27,29,28,14
"7661","G0767","G0767_01","inactive",44,61,41,40,65,56,44,48
"7662","G0767","G0767_02","inactive",17,37,24,14,24,40,23,21
"7663","G0767","G0767_03","inactive",5,7,10,6,7,6,8,9
"7664","G0767","G0767_04","inactive",15,25,20,13,25,14,21,20
"7665","G0767","G0767_05","inactive",12,17,15,10,22,10,20,20
"7666","G0767","G0767_06","inactive",17,25,17,18,19,18,7,18
"7667","G0767","G0767_07","inactive",8,17,8,5,12,14,10,6
"7668","G0767","G0767_08","inactive",24,57,23,28,48,49,44,30
"7669","G0767","G0767_09","inactive",1,0,0,2,0,0,1,1
"7670","G0767","G0767_10","inactive",1,3,3,1,1,2,7,0
"7671","G0768","G0768_01","inactive",1,0,0,3,0,0,0,3
"7672","G0768","G0768_02","inactive",2,8,9,9,2,3,9,6
"7673","G0768","G0768_03","inactive",8,18,7,18,9,17,9,19
"7674","G0768","G0768_04","inactive",0,22,12,8,13,15,6,4
"7675","G0768","G0768_05","inactive",9,13,8,12,14,13,8,10
"7676","G0768","G0768_06","inactive",6,10,18,4,6,18,10,1
"7677","G0768","G0768_07","inactive",6,19,12,4,10,18,12,4
"7678","G0768","G0768_08","inactive",32,58,53,36,57,44,42,37
"7679","G0768","G0768_09","inactive",3,4,4,8,8,2,8,2
"7680","G0768","G0768_10","inactive",21,58,23,23,31,43,47,29
"7681","G0769","G0769_01","inactive",8,10,12,10,9,13,13,6
"7682","G0769","G0769_02","inactive",6,14,13,7,12,12,14,9
"7683","G0769","G0769_03","inactive",13,10,7,5,12,9,7,6
"7684","G0769","G0769_04","inactive",15,44,42,31,34,35,38,35
"7685","G0769","G0769_05","inactive",6,16,8,6,8,7,3,8
"7686","G0769","G0769_06","inactive",2,11,13,6,4,11,14,5
"7687","G0769","G0769_07","inactive",3,1,10,7,2,1,9,12
"7688","G0769","G0769_08","inactive",7,14,7,7,16,17,6,7
"7689","G0769","G0769_09","inactive",7,28,13,8,6,15,16,8
"7690","G0769","G0769_10","inactive",40,61,33,22,55,45,35,38
"7691","G0770","G0770_01","inactive",3,7,3,5,5,9,3,5
"7692","G0770","G0770_02","inactive",1,2,3,1,1,1,4,1
"7693","G0770","G0770_03","inactive",5,15,5,10,13,14,9,3
"7694","G0770","G0770_04","inactive",6,13,8,6,2,6,11,9
"7695","G0770","G0770_05","inactive",22,45,54,18,37,28,43,27
"7696","G0770","G0770_06","inactive",3,14,11,8,12,7,7,6
"7697","G0770","G0770_07","inactive",3,9,4,7,5,5,8,7
"7698","G0770","G0770_08","inactive",6,6,9,11,7,6,12,11
"7699","G0770","G0770_09","inactive",1,11,5,1,2,5,0,1
"7700","G0770","G0770_10","inactive",42,80,88,53,80,80,75,54
"7701","G0771","G0771_01","inactive",17,31,23,18,21,17,14,20
"7702","G0771","G0771_02","inactive",6,9,7,6,22,15,12,10
"7703","G0771","G0771_03","inactive",2,10,4,3,8,10,9,6
"7704","G0771","G0771_04","inactive",18,38,17,21,27,25,26,24
"7705","G0771","G0771_05","inactive",5,6,4,5,5,15,7,8
"7706","G0771","G0771_06","inactive",2,10,5,8,3,4,6,4
"7707","G0771","G0771_07","inactive",15,24,18,13,24,27,15,3
"7708","G0771","G0771_08","inactive",7,2,7,7,2,2,11,2
"7709","G0771","G0771_09","inactive",6,13,11,13,7,6,15,12
"7710","G0771","G0771_10","inactive",9,12,6,8,10,5,15,7
"7711","G0772","G0772_01","inactive",8,25,7,4,14,20,6,4
"7712","G0772","G0772_02","inactive",3,6,2,3,2,1,2,3
"7713","G0772","G0772_03","inactive",3,6,0,3,6,3,3,1
"7714","G0772","G0772_04","inactive",0,14,7,0,2,11,7,0
"7715","G0772","G0772_05","inactive",7,33,18,19,14,18,24,16
"7716","G0772","G0772_06","inactive",41,80,50,45,72,73,67,53
"7717","G0772","G0772_07","inactive",9,26,10,10,19,15,11,19
"7718","G0772","G0772_08","inactive",45,61,58,40,59,66,51,39
"7719","G0772","G0772_09","inactive",4,6,1,0,8,11,8,2
"7720","G0772","G0772_10","inactive",4,7,13,7,9,10,13,11
"7721","G0773","G0773_01","inactive",1,4,5,3,1,4,1,3
"7722","G0773","G0773_02","inactive",3,21,17,9,8,17,20,15
"7723","G0773","G0773_03","inactive",10,18,9,7,14,10,9,11
"7724","G0773","G0773_04","inactive",10,16,6,5,17,11,13,3
"7725","G0773","G0773_05","inactive",3,3,2,4,2,6,0,4
"7726","G0773","G0773_06","inactive",9,12,7,9,16,13,4,8
"7727","G0773","G0773_07","inactive",6,9,3,9,7,5,4,7
"7728","G0773","G0773_08","inactive",13,42,14,13,24,23,15,19
"7729","G0773","G0773_09","inactive",7,8,6,4,12,12,8,6
"7730","G0773","G0773_10","inactive",0,0,0,3,0,0,0,2
"7731","G0774","G0774_01","inactive",5,6,10,1,3,6,7,3
"7732","G0774","G0774_02","inactive",3,2,5,6,4,1,8,6
"7733","G0774","G0774_03","inactive",11,16,14,5,15,15,3,4
"7734","G0774","G0774_04","inactive",36,42,32,23,55,36,37,30
"7735","G0774","G0774_05","inactive",11,34,30,25,20,27,41,27
"7736","G0774","G0774_06","inactive",4,17,3,3,2,13,5,6
"7737","G0774","G0774_07","inactive",13,27,15,8,17,15,12,8
"7738","G0774","G0774_08","inactive",4,7,7,5,4,5,5,7
"7739","G0774","G0774_09","inactive",8,16,9,7,18,12,5,3
"7740","G0774","G0774_10","inactive",4,5,9,3,2,3,7,4
"7741","G0775","G0775_01","negcontrol",3,16,17,11,14,19,16,5
"7742","G0775","G0775_02","negcontrol",5,21,13,9,3,21,10,10
"7743","G0775","G0775_03","negcontrol",6,7,10,7,15,10,7,4
"7744","G0775","G0775_04","negcontrol",12,19,17,4,25,28,15,10
"7745","G0775","G0775_05","negcontrol",4,12,7,10,13,8,7,10
"7746","G0775","G0775_06","negcontrol",4,3,0,3,4,2,1,5
"7747","G0775","G0775_07","negcontrol",12,31,27,13,17,29,11,17
"7748","G0775","G0775_08","negcontrol",9,12,6,10,4,18,6,7
"7749","G0775","G0775_09","negcontrol",33,48,34,27,59,49,51,27
"7750","G0775","G0775_10","negcontrol",8,9,8,1,11,5,8,1
"7751","G0776","G0776_01","inactive",3,4,1,3,5,1,3,2
"7752","G0776","G0776_02","inactive",11,16,13,3,18,17,13,4
"7753","G0776","G0776_03","inactive",9,10,13,5,9,6,5,7
"7754","G0776","G0776_04","inactive",9,26,8,8,20,23,6,10
"7755","G0776","G0776_05","inactive",19,34,19,17,37,30,18,21
"7756","G0776","G0776_06","inactive",8,12,12,2,2,9,11,6
"7757","G0776","G0776_07","inactive",2,5,5,0,5,2,3,4
"7758","G0776","G0776_08","inactive",24,35,44,15,27,27,40,15
"7759","G0776","G0776_09","inactive",3,2,13,7,5,4,7,6
"7760","G0776","G0776_10","inactive",3,2,0,3,0,11,0,5
"7761","G0777","G0777_01","inactive",5,27,6,13,21,26,13,11
"7762","G0777","G0777_02","inactive",25,40,40,32,73,51,60,39
"7763","G0777","G0777_03","inactive",6,14,16,12,12,15,16,9
"7764","G0777","G0777_04","inactive",18,31,34,15,43,37,30,21
"7765","G0777","G0777_05","inactive",7,10,8,5,4,8,9,10
"7766","G0777","G0777_06","inactive",10,33,15,9,19,26,13,17
"7767","G0777","G0777_07","inactive",1,1,3,4,7,1,12,4
"7768","G0777","G0777_08","inactive",15,20,12,10,10,22,14,23
"7769","G0777","G0777_09","inactive",5,9,7,4,6,5,13,4
"7770","G0777","G0777_10","inactive",1,4,0,5,4,3,3,3
"7771","G0778","G0778_01","inactive",6,8,12,11,17,7,4,12
"7772","G0778","G0778_02","inactive",2,10,2,2,9,3,8,2
"7773","G0778","G0778_03","inactive",12,25,9,8,12,16,8,12
"7774","G0778","G0778_04","inactive",2,9,2,3,4,5,4,0
"7775","G0778","G0778_05","inactive",11,18,20,12,11,17,10,11
"7776","G0778","G0778_06","inactive",25,19,24,15,33,17,24,10
"7777","G0778","G0778_07","inactive",16,51,24,26,36,40,23,37
"7778","G0778","G0778_08","inactive",1,2,3,2,3,5,1,3
"7779","G0778","G0778_09","inactive",8,14,10,4,12,12,6,3
"7780","G0778","G0778_10","inactive",4,9,5,6,11,4,6,7
"7781","G0779","G0779_01","decreasing",6,30,5,7,8,14,10,10
"7782","G0779","G0779_02","decreasing",18,18,16,11,17,6,10,7
"7783","G0779","G0779_03","decreasing",4,10,11,20,10,3,6,6
"7784","G0779","G0779_04","decreasing",13,35,16,15,11,13,9,13
"7785","G0779","G0779_05","decreasing",1,4,2,4,0,2,2,3
"7786","G0779","G0779_06","decreasing",4,17,7,10,4,17,6,4
"7787","G0779","G0779_07","decreasing",11,22,10,15,20,18,9,9
"7788","G0779","G0779_08","decreasing",28,26,12,11,22,15,8,9
"7789","G0779","G0779_09","decreasing",8,4,3,1,1,0,1,1
"7790","G0779","G0779_10","decreasing",9,7,6,16,6,4,6,4
"7791","G0780","G0780_01","inactive",6,14,9,10,18,17,15,8
"7792","G0780","G0780_02","inactive",7,11,15,4,9,9,6,15
"7793","G0780","G0780_03","inactive",2,12,14,4,7,12,8,4
"7794","G0780","G0780_04","inactive",10,23,8,10,14,19,8,11
"7795","G0780","G0780_05","inactive",3,9,4,2,5,6,2,4
"7796","G0780","G0780_06","inactive",4,13,3,5,6,12,3,6
"7797","G0780","G0780_07","inactive",7,16,5,10,10,14,10,10
"7798","G0780","G0780_08","inactive",7,25,22,12,10,14,10,15
"7799","G0780","G0780_09","inactive",2,5,1,1,0,5,2,2
"7800","G0780","G0780_10","inactive",3,8,7,5,9,8,10,2
"7801","G0781","G0781_01","inactive",4,6,2,3,5,13,6,1
"7802","G0781","G0781_02","inactive",11,18,19,9,24,15,20,22
"7803","G0781","G0781_03","inactive",5,2,0,3,3,0,6,6
"7804","G0781","G0781_04","inactive",4,14,4,5,4,14,3,6
"7805","G0781","G0781_05","inactive",8,10,10,9,6,14,10,11
"7806","G0781","G0781_06","inactive",4,16,5,3,3,5,6,7
"7807","G0781","G0781_07","inactive",3,11,4,6,12,9,2,8
"7808","G0781","G0781_08","inactive",5,18,8,12,10,7,13,12
"7809","G0781","G0781_09","inactive",10,27,18,12,21,20,24,15
"7810","G0781","G0781_10","inactive",8,6,12,8,13,7,25,8
"7811","G0782","G0782_01","inactive",4,4,6,5,6,6,8,10
"7812","G0782","G0782_02","inactive",12,26,11,13,27,19,21,14
"7813","G0782","G0782_03","inactive",7,14,14,13,11,20,13,20
"7814","G0782","G0782_04","inactive",13,21,8,14,12,14,9,22
"7815","G0782","G0782_05","inactive",1,7,0,3,1,4,2,5
"7816","G0782","G0782_06","inactive",7,14,11,12,11,15,13,11
"7817","G0782","G0782_07","inactive",8,17,3,6,13,12,9,7
"7818","G0782","G0782_08","inactive",2,6,11,4,4,3,4,6
"7819","G0782","G0782_09","inactive",5,10,7,4,13,11,5,11
"7820","G0782","G0782_10","inactive",2,15,18,8,5,18,13,9
"7821","G0783","G0783_01","negcontrol",11,25,17,19,22,25,20,24
"7822","G0783","G0783_02","negcontrol",2,8,1,7,6,1,3,8
"7823","G0783","G0783_03","negcontrol",2,7,5,5,7,5,5,5
"7824","G0783","G0783_04","negcontrol",1,2,1,1,1,0,0,2
"7825","G0783","G0783_05","negcontrol",13,31,27,26,17,26,25,27
"7826","G0783","G0783_06","negcontrol",2,2,6,0,4,6,1,9
"7827","G0783","G0783_07","negcontrol",2,1,1,0,8,2,1,0
"7828","G0783","G0783_08","negcontrol",1,12,9,7,2,7,11,2
"7829","G0783","G0783_09","negcontrol",1,6,6,1,2,1,9,3
"7830","G0783","G0783_10","negcontrol",6,13,5,5,6,14,7,5
"7831","G0784","G0784_01","inactive",30,65,25,40,49,63,31,33
"7832","G0784","G0784_02","inactive",8,12,9,8,11,6,6,5
"7833","G0784","G0784_03","inactive",2,3,6,2,0,7,4,3
"7834","G0784","G0784_04","inactive",4,5,3,2,8,8,4,1
"7835","G0784","G0784_05","inactive",4,12,13,10,14,11,8,13
"7836","G0784","G0784_06","inactive",8,17,24,12,15,15,30,7
"7837","G0784","G0784_07","inactive",20,30,15,11,31,28,11,20
"7838","G0784","G0784_08","inactive",5,3,7,7,4,7,10,6
"7839","G0784","G0784_09","inactive",6,15,17,13,7,17,16,7
"7840","G0784","G0784_10","inactive",2,5,4,1,6,11,4,3
"7841","G0785","G0785_01","inactive",3,9,2,1,6,4,3,0
"7842","G0785","G0785_02","inactive",5,8,4,5,5,4,3,3
"7843","G0785","G0785_03","inactive",3,3,5,1,1,1,4,2
"7844","G0785","G0785_04","inactive",6,13,9,3,8,10,9,3
"7845","G0785","G0785_05","inactive",1,7,6,1,2,13,7,4
"7846","G0785","G0785_06","inactive",6,17,5,1,7,8,8,9
"7847","G0785","G0785_07","inactive",6,8,7,10,9,4,0,14
"7848","G0785","G0785_08","inactive",5,19,15,16,16,17,12,15
"7849","G0785","G0785_09","inactive",2,8,3,1,8,6,4,5
"7850","G0785","G0785_10","inactive",2,14,3,4,2,12,8,8
"7851","G0786","G0786_01","inactive",12,26,10,17,22,14,10,10
"7852","G0786","G0786_02","inactive",8,12,2,10,17,10,8,2
"7853","G0786","G0786_03","inactive",3,8,2,1,0,6,2,3
"7854","G0786","G0786_04","inactive",5,10,12,7,16,14,24,7
"7855","G0786","G0786_05","inactive",4,8,5,5,5,10,3,4
"7856","G0786","G0786_06","inactive",13,29,15,12,30,26,24,21
"7857","G0786","G0786_07","inactive",6,8,5,8,16,3,9,11
"7858","G0786","G0786_08","inactive",4,8,3,3,7,6,6,6
"7859","G0786","G0786_09","inactive",6,11,9,5,3,3,11,13
"7860","G0786","G0786_10","inactive",28,32,15,17,30,27,27,15
"7861","G0787","G0787_01","inactive",16,16,16,9,19,9,14,10
"7862","G0787","G0787_02","inactive",1,7,2,2,1,7,5,0
"7863","G0787","G0787_03","inactive",19,14,16,12,14,26,20,11
"7864","G0787","G0787_04","inactive",11,16,7,3,6,7,8,6
"7865","G0787","G0787_05","inactive",1,2,2,0,3,4,2,1
"7866","G0787","G0787_06","inactive",3,8,0,5,9,8,5,2
"7867","G0787","G0787_07","inactive",1,10,6,2,2,7,7,5
"7868","G0787","G0787_08","inactive",12,24,12,16,25,14,21,18
"7869","G0787","G0787_09","inactive",18,27,30,26,28,27,40,29
"7870","G0787","G0787_10","inactive",5,7,4,4,11,8,2,3
"7871","G0788","G0788_01","inactive",5,4,3,5,5,4,1,2
"7872","G0788","G0788_02","inactive",3,4,18,5,9,5,15,13
"7873","G0788","G0788_03","inactive",6,24,9,8,12,14,7,8
"7874","G0788","G0788_04","inactive",6,8,7,5,9,7,7,8
"7875","G0788","G0788_05","inactive",1,5,4,0,5,2,2,0
"7876","G0788","G0788_06","inactive",8,15,4,7,15,7,11,9
"7877","G0788","G0788_07","inactive",9,23,11,14,14,13,10,8
"7878","G0788","G0788_08","inactive",26,35,27,21,35,36,28,23
"7879","G0788","G0788_09","inactive",9,14,6,12,13,20,5,10
"7880","G0788","G0788_10","inactive",4,5,0,6,1,1,3,8
"7881","G0789","G0789_01","increasing",9,10,7,6,28,20,18,8
"7882","G0789","G0789_02","increasing",6,15,7,14,31,21,26,24
"7883","G0789","G0789_03","increasing",8,15,9,8,22,13,24,10
"7884","G0789","G0789_04","increasing",1,4,1,1,5,2,5,8
"7885","G0789","G0789_05","increasing",0,4,0,1,0,5,1,2
"7886","G0789","G0789_06","increasing",7,22,11,6,22,24,18,15
"7887","G0789","G0789_07","increasing",4,12,8,2,13,21,21,11
"7888","G0789","G0789_08","increasing",6,12,12,4,14,5,17,7
"7889","G0789","G0789_09","increasing",3,6,4,0,10,8,7,2
"7890","G0789","G0789_10","increasing",4,7,2,1,9,15,3,6
"7891","G0790","G0790_01","decreasing",15,18,11,8,20,9,8,4
"7892","G0790","G0790_02","decreasing",4,8,18,7,6,6,4,8
"7893","G0790","G0790_03","decreasing",9,22,6,15,13,4,7,17
"7894","G0790","G0790_04","decreasing",5,11,4,8,5,5,3,3
"7895","G0790","G0790_05","decreasing",25,35,19,13,25,27,19,15
"7896","G0790","G0790_06","decreasing",7,10,1,10,6,3,0,4
"7897","G0790","G0790_07","decreasing",2,19,17,12,13,10,21,19
"7898","G0790","G0790_08","decreasing",20,24,45,12,34,15,29,29
"7899","G0790","G0790_09","decreasing",29,91,48,51,45,38,44,32
"7900","G0790","G0790_10","decreasing",16,52,39,35,23,23,28,24
"7901","G0791","G0791_01","inactive",4,5,6,9,7,4,7,7
"7902","G0791","G0791_02","inactive",7,15,9,6,17,10,7,5
"7903","G0791","G0791_03","inactive",6,35,8,10,11,15,12,10
"7904","G0791","G0791_04","inactive",3,32,9,22,4,18,9,9
"7905","G0791","G0791_05","inactive",8,3,9,2,12,9,1,5
"7906","G0791","G0791_06","inactive",10,29,16,11,15,17,10,14
"7907","G0791","G0791_07","inactive",6,9,8,5,7,7,4,5
"7908","G0791","G0791_08","inactive",7,18,15,5,13,11,14,6
"7909","G0791","G0791_09","inactive",16,34,25,16,22,27,22,16
"7910","G0791","G0791_10","inactive",5,8,4,1,5,2,6,4
"7911","G0792","G0792_01","inactive",16,19,35,19,22,38,30,13
"7912","G0792","G0792_02","inactive",8,4,3,7,14,9,5,3
"7913","G0792","G0792_03","inactive",15,44,18,18,27,21,15,26
"7914","G0792","G0792_04","inactive",9,10,12,8,10,15,13,3
"7915","G0792","G0792_05","inactive",5,10,16,7,7,1,12,13
"7916","G0792","G0792_06","inactive",12,35,29,13,20,16,26,26
"7917","G0792","G0792_07","inactive",3,2,8,2,5,4,6,8
"7918","G0792","G0792_08","inactive",9,33,12,12,15,20,26,17
"7919","G0792","G0792_09","inactive",10,2,5,5,6,5,4,8
"7920","G0792","G0792_10","inactive",4,11,13,1,6,3,0,1
"7921","G0793","G0793_01","inactive",1,9,12,9,6,15,2,1
"7922","G0793","G0793_02","inactive",3,13,9,9,11,9,14,12
"7923","G0793","G0793_03","inactive",20,31,28,26,18,24,32,23
"7924","G0793","G0793_04","inactive",11,13,8,8,9,10,19,10
"7925","G0793","G0793_05","inactive",6,21,12,2,18,14,9,3
"7926","G0793","G0793_06","inactive",1,15,11,13,8,15,8,11
"7927","G0793","G0793_07","inactive",5,5,8,4,13,3,12,5
"7928","G0793","G0793_08","inactive",8,4,2,4,9,9,9,8
"7929","G0793","G0793_09","inactive",38,46,37,24,62,34,43,34
"7930","G0793","G0793_10","inactive",8,23,27,15,16,18,30,26
"7931","G0794","G0794_01","increasing",7,17,9,2,7,26,14,9
"7932","G0794","G0794_02","increasing",6,11,9,5,10,20,17,16
"7933","G0794","G0794_03","increasing",14,20,19,9,30,24,37,16
"7934","G0794","G0794_04","increasing",3,8,1,3,6,10,1,2
"7935","G0794","G0794_05","increasing",3,11,5,4,29,12,9,9
"7936","G0794","G0794_06","increasing",12,41,27,25,44,39,43,43
"7937","G0794","G0794_07","increasing",20,27,18,22,35,21,19,18
"7938","G0794","G0794_08","increasing",16,20,23,18,24,26,50,33
"7939","G0794","G0794_09","increasing",3,6,3,5,12,17,9,10
"7940","G0794","G0794_10","increasing",4,13,9,9,13,25,15,9
"7941","G0795","G0795_01","inactive",5,12,8,11,11,12,13,9
"7942","G0795","G0795_02","inactive",6,8,7,3,6,5,3,6
"7943","G0795","G0795_03","inactive",2,4,3,8,10,6,7,6
"7944","G0795","G0795_04","inactive",7,9,12,8,14,8,11,7
"7945","G0795","G0795_05","inactive",4,11,8,4,9,4,5,10
"7946","G0795","G0795_06","inactive",14,45,30,15,27,34,40,21
"7947","G0795","G0795_07","inactive",3,4,2,0,7,8,2,3
"7948","G0795","G0795_08","inactive",14,11,12,12,24,13,20,10
"7949","G0795","G0795_09","inactive",32,46,44,34,46,37,33,33
"7950","G0795","G0795_10","inactive",5,8,4,7,7,6,8,11
"7951","G0796","G0796_01","inactive",3,1,0,3,6,0,1,5
"7952","G0796","G0796_02","inactive",2,2,4,2,4,7,5,2
"7953","G0796","G0796_03","inactive",16,29,14,24,15,29,20,18
"7954","G0796","G0796_04","inactive",4,11,5,2,4,13,9,14
"7955","G0796","G0796_05","inactive",17,31,23,21,35,26,24,30
"7956","G0796","G0796_06","inactive",5,9,6,9,10,5,11,10
"7957","G0796","G0796_07","inactive",8,19,15,14,29,18,10,22
"7958","G0796","G0796_08","inactive",1,3,5,0,5,2,10,1
"7959","G0796","G0796_09","inactive",5,3,2,3,11,7,6,3
"7960","G0796","G0796_10","inactive",8,12,16,13,14,14,26,9
"7961","G0797","G0797_01","inactive",3,2,3,4,9,8,6,3
"7962","G0797","G0797_02","inactive",10,9,4,1,10,15,5,2
"7963","G0797","G0797_03","inactive",8,17,12,9,19,11,13,13
"7964","G0797","G0797_04","inactive",5,13,15,6,8,11,11,18
"7965","G0797","G0797_05","inactive",8,10,13,6,8,9,10,10
"7966","G0797","G0797_06","inactive",18,23,15,14,26,30,20,10
"7967","G0797","G0797_07","inactive",1,9,2,6,5,9,4,3
"7968","G0797","G0797_08","inactive",3,4,9,8,11,8,1,14
"7969","G0797","G0797_09","inactive",9,22,27,15,10,23,23,11
"7970","G0797","G0797_10","inactive",11,17,16,14,9,10,15,16
"7971","G0798","G0798_01","inactive",9,19,14,13,15,25,26,9
"7972","G0798","G0798_02","inactive",5,7,11,7,6,8,15,4
"7973","G0798","G0798_03","inactive",0,12,13,2,7,10,4,1
"7974","G0798","G0798_04","inactive",32,49,22,31,64,37,37,33
"7975","G0798","G0798_05","inactive",8,12,7,8,12,6,18,6
"7976","G0798","G0798_06","inactive",5,8,8,9,6,8,12,8
"7977","G0798","G0798_07","inactive",21,39,30,21,38,48,33,29
"7978","G0798","G0798_08","inactive",7,15,3,10,14,12,3,5
"7979","G0798","G0798_09","inactive",1,1,6,5,6,3,4,8
"7980","G0798","G0798_10","inactive",10,23,5,10,14,14,9,14
"7981","G0799","G0799_01","inactive",11,3,14,3,8,4,14,3
"7982","G0799","G0799_02","inactive",6,5,4,9,15,4,6,9
"7983","G0799","G0799_03","inactive",6,10,5,11,10,10,8,9
"7984","G0799","G0799_04","inactive",21,25,18,9,26,27,10,9
"7985","G0799","G0799_05","inactive",7,11,5,1,5,14,9,4
"7986","G0799","G0799_06","inactive",5,15,9,7,7,8,8,9
"7987","G0799","G0799_07","inactive",4,8,8,0,9,5,11,0
"7988","G0799","G0799_08","inactive",3,4,3,3,4,2,2,4
"7989","G0799","G0799_09","inactive",3,2,0,4,3,2,4,1
"7990","G0799","G0799_10","inactive",8,8,6,5,9,8,6,4
"7991","G0800","G0800_01","inactive",3,6,9,6,10,5,7,1
"7992","G0800","G0800_02","inactive",7,15,11,18,9,19,19,10
"7993","G0800","G0800_03","inactive",6,28,44,17,14,24,33,19
"7994","G0800","G0800_04","inactive",0,6,2,1,5,3,8,0
"7995","G0800","G0800_05","inactive",3,2,4,4,3,3,3,6
"7996","G0800","G0800_06","inactive",2,9,4,5,1,8,6,5
"7997","G0800","G0800_07","inactive",9,19,12,19,17,26,21,16
"7998","G0800","G0800_08","inactive",3,13,6,11,10,12,9,4
"7999","G0800","G0800_09","inactive",7,21,3,7,8,13,6,15
"8000","G0800","G0800_10","inactive",14,10,17,6,19,22,24,6
"8001","G0801","G0801_01","inactive",5,1,0,3,3,5,2,1
"8002","G0801","G0801_02","inactive",3,3,1,2,6,1,3,1
"8003","G0801","G0801_03","inactive",5,12,11,14,20,10,6,13
"8004","G0801","G0801_04","inactive",2,6,6,7,3,6,2,7
"8005","G0801","G0801_05","inactive",22,67,19,25,36,39,34,32
"8006","G0801","G0801_06","inactive",8,14,11,8,10,5,8,9
"8007","G0801","G0801_07","inactive",4,11,9,7,8,10,8,3
"8008","G0801","G0801_08","inactive",18,30,22,26,25,15,22,37
"8009","G0801","G0801_09","inactive",10,11,20,13,20,13,14,10
"8010","G0801","G0801_10","inactive",25,22,16,17,42,21,16,14
"8011","G0802","G0802_01","inactive",12,19,13,14,18,13,11,15
"8012","G0802","G0802_02","inactive",13,30,27,9,35,17,24,18
"8013","G0802","G0802_03","inactive",18,29,33,23,32,25,25,26
"8014","G0802","G0802_04","inactive",0,6,1,0,2,10,0,0
"8015","G0802","G0802_05","inactive",6,21,16,10,12,10,17,11
"8016","G0802","G0802_06","inactive",14,24,23,9,22,27,21,18
"8017","G0802","G0802_07","inactive",18,42,42,28,44,27,44,25
"8018","G0802","G0802_08","inactive",13,19,12,11,20,15,5,8
"8019","G0802","G0802_09","inactive",23,35,18,21,28,40,20,31
"8020","G0802","G0802_10","inactive",6,20,16,5,10,8,10,6
"8021","G0803","G0803_01","inactive",6,21,16,4,17,14,22,3
"8022","G0803","G0803_02","inactive",6,13,13,14,13,14,16,15
"8023","G0803","G0803_03","inactive",5,10,8,6,12,3,4,6
"8024","G0803","G0803_04","inactive",1,14,5,5,8,12,2,4
"8025","G0803","G0803_05","inactive",1,9,6,3,13,8,6,7
"8026","G0803","G0803_06","inactive",2,11,11,5,5,11,17,11
"8027","G0803","G0803_07","inactive",7,16,10,15,14,14,17,24
"8028","G0803","G0803_08","inactive",20,30,18,12,21,19,23,15
"8029","G0803","G0803_09","inactive",3,15,6,3,5,3,1,4
"8030","G0803","G0803_10","inactive",10,32,27,16,17,27,22,22
"8031","G0804","G0804_01","inactive",12,8,7,4,13,9,13,5
"8032","G0804","G0804_02","inactive",19,22,20,16,30,17,36,31
"8033","G0804","G0804_03","inactive",7,12,8,2,13,10,4,9
"8034","G0804","G0804_04","inactive",1,2,5,0,1,2,4,3
"8035","G0804","G0804_05","inactive",3,5,2,2,3,3,3,9
"8036","G0804","G0804_06","inactive",11,18,10,6,14,12,9,8
"8037","G0804","G0804_07","inactive",3,6,9,1,4,8,3,4
"8038","G0804","G0804_08","inactive",3,4,5,5,5,10,3,3
"8039","G0804","G0804_09","inactive",12,7,8,1,10,3,5,4
"8040","G0804","G0804_10","inactive",9,21,14,15,14,16,13,7
"8041","G0805","G0805_01","increasing",5,12,4,7,11,11,5,8
"8042","G0805","G0805_02","increasing",6,10,12,6,22,10,17,19
"8043","G0805","G0805_03","increasing",4,5,1,1,4,7,1,3
"8044","G0805","G0805_04","increasing",16,44,31,19,20,29,28,23
"8045","G0805","G0805_05","increasing",3,4,4,2,6,2,16,5
"8046","G0805","G0805_06","increasing",6,10,6,1,28,14,7,11
"8047","G0805","G0805_07","increasing",1,3,2,4,4,10,8,4
"8048","G0805","G0805_08","increasing",9,18,17,19,33,45,30,25
"8049","G0805","G0805_09","increasing",9,14,14,10,23,18,17,9
"8050","G0805","G0805_10","increasing",1,2,6,5,5,6,8,3
"8051","G0806","G0806_01","inactive",4,23,10,14,21,13,10,14
"8052","G0806","G0806_02","inactive",8,17,12,4,14,11,9,9
"8053","G0806","G0806_03","inactive",5,8,7,7,8,5,6,5
"8054","G0806","G0806_04","inactive",3,17,6,8,7,4,7,6
"8055","G0806","G0806_05","inactive",5,12,4,10,5,5,1,7
"8056","G0806","G0806_06","inactive",11,23,16,22,12,20,20,12
"8057","G0806","G0806_07","inactive",6,8,9,6,9,8,11,8
"8058","G0806","G0806_08","inactive",5,3,2,2,7,2,1,8
"8059","G0806","G0806_09","inactive",33,24,28,21,26,17,43,8
"8060","G0806","G0806_10","inactive",1,1,3,4,3,3,2,10
"8061","G0807","G0807_01","inactive",3,12,4,7,7,7,6,3
"8062","G0807","G0807_02","inactive",4,6,8,6,9,2,5,14
"8063","G0807","G0807_03","inactive",11,12,14,16,16,14,15,6
"8064","G0807","G0807_04","inactive",8,16,16,6,16,19,16,9
"8065","G0807","G0807_05","inactive",5,5,7,4,10,5,12,10
"8066","G0807","G0807_06","inactive",1,4,16,7,7,2,13,6
"8067","G0807","G0807_07","inactive",12,10,9,7,14,11,5,5
"8068","G0807","G0807_08","inactive",28,15,26,16,28,20,24,27
"8069","G0807","G0807_09","inactive",9,16,13,10,9,15,12,10
"8070","G0807","G0807_10","inactive",2,4,6,8,5,1,3,6
"8071","G0808","G0808_01","increasing",5,17,6,4,11,6,13,8
"8072","G0808","G0808_02","increasing",9,10,13,5,18,13,13,17
"8073","G0808","G0808_03","increasing",15,20,9,17,20,33,11,23
"8074","G0808","G0808_04","increasing",6,8,5,6,14,3,4,7
"8075","G0808","G0808_05","increasing",14,20,17,13,36,29,13,24
"8076","G0808","G0808_06","increasing",1,2,1,0,4,0,0,2
"8077","G0808","G0808_07","increasing",7,6,5,3,11,7,6,9
"8078","G0808","G0808_08","increasing",34,74,43,54,94,74,72,73
"8079","G0808","G0808_09","increasing",4,15,8,7,15,14,16,6
"8080","G0808","G0808_10","increasing",4,13,9,6,7,16,19,8
"8081","G0809","G0809_01","inactive",3,6,2,12,3,3,5,6
"8082","G0809","G0809_02","inactive",7,22,14,6,19,12,12,17
"8083","G0809","G0809_03","inactive",0,4,7,2,4,8,10,7
"8084","G0809","G0809_04","inactive",2,1,2,2,1,4,0,7
"8085","G0809","G0809_05","inactive",4,1,2,6,2,3,6,2
"8086","G0809","G0809_06","inactive",2,1,4,2,6,0,0,2
"8087","G0809","G0809_07","inactive",4,7,6,3,4,3,3,6
"8088","G0809","G0809_08","inactive",17,17,19,18,27,20,20,19
"8089","G0809","G0809_09","inactive",4,5,7,6,8,4,4,9
"8090","G0809","G0809_10","inactive",6,7,6,3,9,8,5,9
"8091","G0810","G0810_01","inactive",9,12,9,2,6,11,6,3
"8092","G0810","G0810_02","inactive",5,7,5,5,5,8,7,9
"8093","G0810","G0810_03","inactive",7,9,6,3,0,10,7,13
"8094","G0810","G0810_04","inactive",6,18,9,13,14,13,13,8
"8095","G0810","G0810_05","inactive",7,3,11,6,7,7,9,7
"8096","G0810","G0810_06","inactive",1,4,3,1,8,9,2,5
"8097","G0810","G0810_07","inactive",2,3,6,4,8,7,3,5
"8098","G0810","G0810_08","inactive",7,16,8,10,13,15,6,17
"8099","G0810","G0810_09","inactive",5,23,8,8,21,12,19,14
"8100","G0810","G0810_10","inactive",9,30,12,8,15,18,8,8
"8101","G0811","G0811_01","inactive",4,14,5,4,4,10,9,7
"8102","G0811","G0811_02","inactive",1,25,9,9,6,5,9,9
"8103","G0811","G0811_03","inactive",12,14,22,13,16,21,18,13
"8104","G0811","G0811_04","inactive",2,3,7,9,7,11,9,4
"8105","G0811","G0811_05","inactive",17,19,10,12,19,17,14,12
"8106","G0811","G0811_06","inactive",5,10,5,0,8,9,6,4
"8107","G0811","G0811_07","inactive",11,17,8,10,17,9,9,18
"8108","G0811","G0811_08","inactive",33,67,49,34,58,46,38,38
"8109","G0811","G0811_09","inactive",1,0,3,5,0,1,3,6
"8110","G0811","G0811_10","inactive",8,22,7,14,13,12,20,14
"8111","G0812","G0812_01","inactive",13,14,27,7,10,10,23,15
"8112","G0812","G0812_02","inactive",6,8,10,11,14,9,10,8
"8113","G0812","G0812_03","inactive",1,0,0,1,1,0,0,4
"8114","G0812","G0812_04","inactive",25,41,43,21,30,30,27,32
"8115","G0812","G0812_05","inactive",14,27,11,14,16,17,15,24
"8116","G0812","G0812_06","inactive",1,8,7,11,4,6,8,7
"8117","G0812","G0812_07","inactive",11,27,10,2,14,28,16,7
"8118","G0812","G0812_08","inactive",3,6,2,3,1,3,5,5
"8119","G0812","G0812_09","inactive",6,4,2,4,5,6,4,3
"8120","G0812","G0812_10","inactive",1,10,3,8,15,11,10,5
"8121","G0813","G0813_01","inactive",2,2,4,1,1,4,0,0
"8122","G0813","G0813_02","inactive",0,8,3,2,2,3,7,3
"8123","G0813","G0813_03","inactive",6,20,22,17,12,10,30,14
"8124","G0813","G0813_04","inactive",0,4,4,0,2,7,1,0
"8125","G0813","G0813_05","inactive",6,4,5,6,6,6,9,9
"8126","G0813","G0813_06","inactive",14,7,14,7,13,12,8,11
"8127","G0813","G0813_07","inactive",9,14,5,3,13,6,2,8
"8128","G0813","G0813_08","inactive",1,4,3,6,4,10,14,12
"8129","G0813","G0813_09","inactive",4,5,4,13,18,9,5,7
"8130","G0813","G0813_10","inactive",7,20,12,5,12,16,14,1
"8131","G0814","G0814_01","inactive",3,9,9,2,5,7,5,3
"8132","G0814","G0814_02","inactive",2,5,0,2,3,3,2,4
"8133","G0814","G0814_03","inactive",10,19,13,10,9,16,15,11
"8134","G0814","G0814_04","inactive",9,40,17,10,17,12,24,13
"8135","G0814","G0814_05","inactive",3,6,8,5,3,10,4,6
"8136","G0814","G0814_06","inactive",1,8,9,8,3,6,9,4
"8137","G0814","G0814_07","inactive",4,10,4,4,7,5,10,6
"8138","G0814","G0814_08","inactive",9,21,8,17,14,16,15,14
"8139","G0814","G0814_09","inactive",15,16,13,9,16,19,13,17
"8140","G0814","G0814_10","inactive",16,12,8,9,16,9,8,12
"8141","G0815","G0815_01","inactive",4,20,10,8,17,15,10,6
"8142","G0815","G0815_02","inactive",3,1,11,7,5,1,6,6
"8143","G0815","G0815_03","inactive",12,26,12,9,16,21,11,15
"8144","G0815","G0815_04","inactive",32,82,51,41,56,62,65,49
"8145","G0815","G0815_05","inactive",4,11,11,10,10,6,9,10
"8146","G0815","G0815_06","inactive",4,3,16,4,9,7,10,10
"8147","G0815","G0815_07","inactive",1,2,4,2,7,2,0,1
"8148","G0815","G0815_08","inactive",1,10,7,5,2,9,7,7
"8149","G0815","G0815_09","inactive",3,8,6,5,5,8,3,3
"8150","G0815","G0815_10","inactive",12,22,19,16,18,15,12,18
"8151","G0816","G0816_01","inactive",5,12,13,6,12,11,9,5
"8152","G0816","G0816_02","inactive",5,0,1,3,5,2,2,5
"8153","G0816","G0816_03","inactive",1,3,3,3,1,2,5,3
"8154","G0816","G0816_04","inactive",2,10,4,8,9,7,2,5
"8155","G0816","G0816_05","inactive",4,12,6,1,8,5,5,4
"8156","G0816","G0816_06","inactive",3,16,7,7,7,12,5,8
"8157","G0816","G0816_07","inactive",4,11,5,5,4,12,0,8
"8158","G0816","G0816_08","inactive",12,12,13,9,9,21,22,19
"8159","G0816","G0816_09","inactive",11,24,9,7,9,16,10,8
"8160","G0816","G0816_10","inactive",2,7,5,6,5,5,6,4
"8161","G0817","G0817_01","decreasing",2,4,4,1,2,3,3,1
"8162","G0817","G0817_02","decreasing",4,10,2,10,0,9,3,2
"8163","G0817","G0817_03","decreasing",2,12,2,6,4,8,8,3
"8164","G0817","G0817_04","decreasing",5,9,2,1,1,6,3,1
"8165","G0817","G0817_05","decreasing",0,6,4,3,1,0,4,1
"8166","G0817","G0817_06","decreasing",28,28,20,19,31,16,16,15
"8167","G0817","G0817_07","decreasing",3,24,6,9,4,9,11,13
"8168","G0817","G0817_08","decreasing",15,39,23,16,11,21,14,12
"8169","G0817","G0817_09","decreasing",7,20,4,8,1,8,4,5
"8170","G0817","G0817_10","decreasing",14,17,9,20,15,16,5,10
"8171","G0818","G0818_01","negcontrol",7,6,6,12,17,6,14,11
"8172","G0818","G0818_02","negcontrol",8,15,8,4,9,8,13,5
"8173","G0818","G0818_03","negcontrol",16,21,12,14,35,16,19,23
"8174","G0818","G0818_04","negcontrol",8,13,13,2,15,14,14,4
"8175","G0818","G0818_05","negcontrol",8,18,8,5,19,5,7,8
"8176","G0818","G0818_06","negcontrol",10,17,19,3,13,15,17,7
"8177","G0818","G0818_07","negcontrol",5,6,9,3,10,6,3,2
"8178","G0818","G0818_08","negcontrol",7,12,12,11,11,10,14,9
"8179","G0818","G0818_09","negcontrol",13,11,10,5,14,9,17,11
"8180","G0818","G0818_10","negcontrol",5,23,19,18,15,23,8,12
"8181","G0819","G0819_01","inactive",5,11,10,3,5,8,10,5
"8182","G0819","G0819_02","inactive",6,14,6,2,9,12,9,4
"8183","G0819","G0819_03","inactive",5,7,4,2,7,12,8,4
"8184","G0819","G0819_04","inactive",21,22,4,7,28,19,18,11
"8185","G0819","G0819_05","inactive",3,6,8,5,9,2,6,5
"8186","G0819","G0819_06","inactive",26,41,23,25,33,27,23,35
"8187","G0819","G0819_07","inactive",4,6,7,5,6,9,8,5
"8188","G0819","G0819_08","inactive",4,5,2,5,6,10,4,5
"8189","G0819","G0819_09","inactive",5,8,5,5,11,1,3,3
"8190","G0819","G0819_10","inactive",15,24,16,7,18,23,27,8
"8191","G0820","G0820_01","inactive",0,2,1,0,0,2,2,1
"8192","G0820","G0820_02","inactive",9,11,3,13,12,5,5,6
"8193","G0820","G0820_03","inactive",8,24,12,22,28,21,19,20
"8194","G0820","G0820_04","inactive",18,15,30,17,26,23,28,17
"8195","G0820","G0820_05","inactive",11,24,10,13,24,30,12,12
"8196","G0820","G0820_06","inactive",3,11,12,4,10,15,14,11
"8197","G0820","G0820_07","inactive",8,12,6,2,4,6,10,3
"8198","G0820","G0820_08","inactive",6,9,8,5,14,5,11,15
"8199","G0820","G0820_09","inactive",6,27,18,7,20,24,9,8
"8200","G0820","G0820_10","inactive",12,17,25,16,18,19,22,14
"8201","G0821","G0821_01","inactive",10,28,28,17,18,15,34,15
"8202","G0821","G0821_02","inactive",11,15,10,5,19,9,13,12
"8203","G0821","G0821_03","inactive",7,13,7,0,9,5,5,4
"8204","G0821","G0821_04","inactive",14,30,20,21,22,21,19,18
"8205","G0821","G0821_05","inactive",0,3,2,4,3,4,5,1
"8206","G0821","G0821_06","inactive",7,19,16,14,25,28,12,18
"8207","G0821","G0821_07","inactive",10,34,17,20,31,25,21,10
"8208","G0821","G0821_08","inactive",29,32,22,22,38,39,25,24
"8209","G0821","G0821_09","inactive",1,6,4,11,6,12,7,9
"8210","G0821","G0821_10","inactive",6,7,6,8,5,3,5,6
"8211","G0822","G0822_01","negcontrol",15,23,20,11,22,26,19,16
"8212","G0822","G0822_02","negcontrol",11,8,9,5,10,6,4,9
"8213","G0822","G0822_03","negcontrol",7,3,2,2,6,1,2,2
"8214","G0822","G0822_04","negcontrol",15,16,10,10,15,10,11,9
"8215","G0822","G0822_05","negcontrol",11,22,14,12,16,22,16,15
"8216","G0822","G0822_06","negcontrol",8,20,3,5,10,3,6,10
"8217","G0822","G0822_07","negcontrol",1,5,6,2,2,6,6,8
"8218","G0822","G0822_08","negcontrol",3,11,1,2,8,4,3,2
"8219","G0822","G0822_09","negcontrol",1,3,9,5,9,8,7,3
"8220","G0822","G0822_10","negcontrol",17,23,19,15,12,10,17,19
"8221","G0823","G0823_01","inactive",14,22,9,13,17,15,23,19
"8222","G0823","G0823_02","inactive",9,8,15,3,12,10,11,4
"8223","G0823","G0823_03","inactive",25,43,39,24,44,31,35,17
"8224","G0823","G0823_04","inactive",11,21,17,13,13,6,18,15
"8225","G0823","G0823_05","inactive",3,3,6,5,11,9,7,9
"8226","G0823","G0823_06","inactive",13,26,11,8,16,13,13,11
"8227","G0823","G0823_07","inactive",1,6,3,1,1,10,5,3
"8228","G0823","G0823_08","inactive",7,14,13,7,9,8,19,9
"8229","G0823","G0823_09","inactive",2,15,14,7,18,4,12,3
"8230","G0823","G0823_10","inactive",7,6,9,3,6,2,5,2
"8231","G0824","G0824_01","inactive",3,3,1,3,7,2,0,11
"8232","G0824","G0824_02","inactive",12,10,7,14,13,14,7,9
"8233","G0824","G0824_03","inactive",2,8,2,4,9,13,7,6
"8234","G0824","G0824_04","inactive",1,2,2,4,4,1,3,0
"8235","G0824","G0824_05","inactive",6,7,6,5,7,3,4,6
"8236","G0824","G0824_06","inactive",8,16,7,7,11,12,4,11
"8237","G0824","G0824_07","inactive",9,32,13,10,15,16,15,15
"8238","G0824","G0824_08","inactive",9,14,12,7,13,7,8,8
"8239","G0824","G0824_09","inactive",24,56,44,21,52,47,47,29
"8240","G0824","G0824_10","inactive",2,11,0,1,3,11,0,3
"8241","G0825","G0825_01","inactive",13,16,4,8,12,13,2,17
"8242","G0825","G0825_02","inactive",2,4,0,1,3,6,2,1
"8243","G0825","G0825_03","inactive",5,10,22,9,17,17,23,7
"8244","G0825","G0825_04","inactive",3,13,15,4,6,16,9,8
"8245","G0825","G0825_05","inactive",8,12,12,11,8,6,13,10
"8246","G0825","G0825_06","inactive",4,8,3,2,9,3,1,1
"8247","G0825","G0825_07","inactive",1,12,8,7,6,6,6,10
"8248","G0825","G0825_08","inactive",8,24,25,16,11,30,17,11
"8249","G0825","G0825_09","inactive",3,10,13,9,14,14,10,8
"8250","G0825","G0825_10","inactive",13,14,12,1,15,9,17,5
"8251","G0826","G0826_01","inactive",3,13,12,9,12,15,17,10
"8252","G0826","G0826_02","inactive",12,11,9,9,17,9,16,10
"8253","G0826","G0826_03","inactive",18,42,25,22,24,38,28,29
"8254","G0826","G0826_04","inactive",5,10,2,10,6,6,2,3
"8255","G0826","G0826_05","inactive",4,0,3,2,7,0,1,6
"8256","G0826","G0826_06","inactive",5,20,20,11,15,17,18,10
"8257","G0826","G0826_07","inactive",4,6,13,5,6,4,8,4
"8258","G0826","G0826_08","inactive",24,62,28,33,59,40,38,37
"8259","G0826","G0826_09","inactive",17,13,8,11,16,12,4,14
"8260","G0826","G0826_10","inactive",6,14,6,3,15,10,12,5
"8261","G0827","G0827_01","inactive",8,10,12,15,8,13,12,6
"8262","G0827","G0827_02","inactive",9,28,30,24,14,18,30,17
"8263","G0827","G0827_03","inactive",7,29,26,13,19,16,14,6
"8264","G0827","G0827_04","inactive",8,17,18,15,15,21,20,11
"8265","G0827","G0827_05","inactive",11,18,19,16,19,14,23,17
"8266","G0827","G0827_06","inactive",10,13,12,20,13,12,9,18
"8267","G0827","G0827_07","inactive",16,24,14,9,18,20,9,10
"8268","G0827","G0827_08","inactive",10,19,7,8,13,9,4,7
"8269","G0827","G0827_09","inactive",1,7,3,9,7,5,7,3
"8270","G0827","G0827_10","inactive",11,9,6,3,17,4,5,5
"8271","G0828","G0828_01","inactive",9,25,18,15,11,11,18,12
"8272","G0828","G0828_02","inactive",12,22,12,12,13,15,9,12
"8273","G0828","G0828_03","inactive",4,3,11,7,8,5,13,3
"8274","G0828","G0828_04","inactive",2,16,7,2,4,11,10,0
"8275","G0828","G0828_05","inactive",3,13,1,7,9,12,6,1
"8276","G0828","G0828_06","inactive",13,15,27,10,11,24,25,20
"8277","G0828","G0828_07","inactive",13,23,17,15,21,22,18,9
"8278","G0828","G0828_08","inactive",11,25,14,9,14,10,12,13
"8279","G0828","G0828_09","inactive",9,15,18,13,20,10,15,9
"8280","G0828","G0828_10","inactive",5,8,2,7,5,9,2,3
"8281","G0829","G0829_01","decreasing",20,21,17,17,13,15,19,17
"8282","G0829","G0829_02","decreasing",4,6,6,3,2,2,2,4
"8283","G0829","G0829_03","decreasing",7,6,3,2,10,6,4,1
"8284","G0829","G0829_04","decreasing",1,1,0,1,2,1,2,0
"8285","G0829","G0829_05","decreasing",5,13,8,4,3,8,2,3
"8286","G0829","G0829_06","decreasing",11,13,11,8,6,1,6,7
"8287","G0829","G0829_07","decreasing",10,17,4,8,15,10,2,5
"8288","G0829","G0829_08","decreasing",8,5,7,3,9,5,5,7
"8289","G0829","G0829_09","decreasing",5,8,5,12,4,5,2,4
"8290","G0829","G0829_10","decreasing",9,18,26,14,14,16,17,13
"8291","G0830","G0830_01","inactive",6,8,5,3,6,14,5,2
"8292","G0830","G0830_02","inactive",7,10,16,6,15,7,22,10
"8293","G0830","G0830_03","inactive",20,24,17,17,25,19,15,21
"8294","G0830","G0830_04","inactive",6,9,4,12,14,8,9,7
"8295","G0830","G0830_05","inactive",36,42,14,21,39,40,15,14
"8296","G0830","G0830_06","inactive",17,24,8,10,15,15,11,6
"8297","G0830","G0830_07","inactive",2,8,4,8,6,3,3,7
"8298","G0830","G0830_08","inactive",3,0,6,3,8,7,3,4
"8299","G0830","G0830_09","inactive",5,7,9,4,8,3,4,8
"8300","G0830","G0830_10","inactive",7,3,10,6,8,8,9,5
"8301","G0831","G0831_01","inactive",11,12,16,6,12,13,11,11
"8302","G0831","G0831_02","inactive",5,14,5,4,1,12,9,6
"8303","G0831","G0831_03","inactive",0,2,0,0,0,0,0,0
"8304","G0831","G0831_04","inactive",21,45,19,25,24,28,24,20
"8305","G0831","G0831_05","inactive",18,22,19,9,27,19,21,16
"8306","G0831","G0831_06","inactive",11,14,10,21,22,14,8,20
"8307","G0831","G0831_07","inactive",11,41,19,10,20,30,25,18
"8308","G0831","G0831_08","inactive",7,15,4,13,17,10,8,12
"8309","G0831","G0831_09","inactive",6,4,4,8,10,11,10,12
"8310","G0831","G0831_10","inactive",5,13,6,1,5,5,7,1
"8311","G0832","G0832_01","inactive",1,1,2,2,3,2,4,6
"8312","G0832","G0832_02","inactive",37,39,36,38,48,39,33,39
"8313","G0832","G0832_03","inactive",7,6,4,5,18,4,9,9
"8314","G0832","G0832_04","inactive",2,3,4,4,5,7,5,0
"8315","G0832","G0832_05","inactive",6,18,6,9,4,9,9,9
"8316","G0832","G0832_06","inactive",6,11,10,10,17,12,16,8
"8317","G0832","G0832_07","inactive",6,12,2,10,6,3,6,5
"8318","G0832","G0832_08","inactive",4,9,7,8,1,9,11,7
"8319","G0832","G0832_09","inactive",4,7,7,6,4,7,13,5
"8320","G0832","G0832_10","inactive",0,2,0,0,2,4,1,0
"8321","G0833","G0833_01","inactive",18,26,10,14,31,17,14,17
"8322","G0833","G0833_02","inactive",8,25,14,6,12,19,13,7
"8323","G0833","G0833_03","inactive",8,11,5,7,18,14,7,9
"8324","G0833","G0833_04","inactive",3,9,9,4,6,6,5,5
"8325","G0833","G0833_05","inactive",3,4,8,5,6,3,11,7
"8326","G0833","G0833_06","inactive",8,6,15,8,10,10,13,4
"8327","G0833","G0833_07","inactive",4,9,7,3,10,9,5,6
"8328","G0833","G0833_08","inactive",2,1,1,0,0,3,3,1
"8329","G0833","G0833_09","inactive",3,4,3,1,9,11,2,5
"8330","G0833","G0833_10","inactive",12,27,20,8,17,24,13,11
"8331","G0834","G0834_01","inactive",7,13,13,10,11,5,11,11
"8332","G0834","G0834_02","inactive",4,9,7,1,7,9,4,2
"8333","G0834","G0834_03","inactive",9,33,19,14,17,32,14,23
"8334","G0834","G0834_04","inactive",2,8,4,8,5,10,4,4
"8335","G0834","G0834_05","inactive",3,8,14,15,13,15,17,8
"8336","G0834","G0834_06","inactive",5,9,10,4,8,10,11,8
"8337","G0834","G0834_07","inactive",2,20,7,2,10,15,3,8
"8338","G0834","G0834_08","inactive",8,31,14,16,18,12,12,23
"8339","G0834","G0834_09","inactive",1,8,0,3,6,2,3,5
"8340","G0834","G0834_10","inactive",13,29,8,16,26,18,10,11
"8341","G0835","G0835_01","inactive",15,45,6,16,38,26,15,27
"8342","G0835","G0835_02","inactive",9,15,10,5,8,15,15,8
"8343","G0835","G0835_03","inactive",10,10,10,16,20,13,15,16
"8344","G0835","G0835_04","inactive",18,37,26,23,39,25,29,17
"8345","G0835","G0835_05","inactive",7,21,8,1,6,10,9,4
"8346","G0835","G0835_06","inactive",2,3,3,1,5,2,5,4
"8347","G0835","G0835_07","inactive",39,44,40,25,71,38,48,35
"8348","G0835","G0835_08","inactive",4,12,1,7,12,7,8,7
"8349","G0835","G0835_09","inactive",3,2,7,4,6,5,14,3
"8350","G0835","G0835_10","inactive",29,54,25,19,40,65,35,26
"8351","G0836","G0836_01","inactive",5,22,12,9,10,17,19,12
"8352","G0836","G0836_02","inactive",18,45,32,10,20,28,38,19
"8353","G0836","G0836_03","inactive",3,13,6,16,9,14,10,6
"8354","G0836","G0836_04","inactive",2,3,6,3,3,0,7,4
"8355","G0836","G0836_05","inactive",15,29,13,11,34,27,18,18
"8356","G0836","G0836_06","inactive",26,52,25,18,32,34,27,25
"8357","G0836","G0836_07","inactive",4,15,7,5,4,12,8,8
"8358","G0836","G0836_08","inactive",5,3,3,1,4,2,3,0
"8359","G0836","G0836_09","inactive",3,5,4,3,12,4,3,1
"8360","G0836","G0836_10","inactive",5,4,6,5,2,4,2,3
"8361","G0837","G0837_01","inactive",6,16,13,9,11,18,10,8
"8362","G0837","G0837_02","inactive",1,8,6,5,10,10,10,8
"8363","G0837","G0837_03","inactive",3,8,5,4,6,7,9,3
"8364","G0837","G0837_04","inactive",7,29,10,10,14,27,10,16
"8365","G0837","G0837_05","inactive",5,7,9,5,12,7,6,8
"8366","G0837","G0837_06","inactive",15,25,21,18,21,31,20,15
"8367","G0837","G0837_07","inactive",18,22,19,9,19,14,25,18
"8368","G0837","G0837_08","inactive",11,16,6,8,23,22,10,11
"8369","G0837","G0837_09","inactive",4,14,6,2,8,6,8,9
"8370","G0837","G0837_10","inactive",10,28,10,13,15,24,15,19
"8371","G0838","G0838_01","inactive",16,25,21,20,21,13,18,22
"8372","G0838","G0838_02","inactive",8,23,16,9,15,18,15,9
"8373","G0838","G0838_03","inactive",38,52,19,24,41,50,29,32
"8374","G0838","G0838_04","inactive",16,34,18,22,48,32,23,20
"8375","G0838","G0838_05","inactive",7,5,5,1,7,2,2,6
"8376","G0838","G0838_06","inactive",7,22,2,4,7,18,12,4
"8377","G0838","G0838_07","inactive",5,8,5,6,3,8,9,6
"8378","G0838","G0838_08","inactive",8,25,33,9,14,19,32,9
"8379","G0838","G0838_09","inactive",2,18,4,5,2,9,7,10
"8380","G0838","G0838_10","inactive",8,10,9,2,2,7,6,7
"8381","G0839","G0839_01","negcontrol",18,17,28,14,26,22,21,18
"8382","G0839","G0839_02","negcontrol",1,2,2,1,4,1,1,1
"8383","G0839","G0839_03","negcontrol",12,24,16,15,13,23,18,13
"8384","G0839","G0839_04","negcontrol",3,9,2,3,5,9,7,5
"8385","G0839","G0839_05","negcontrol",3,6,4,1,5,3,1,0
"8386","G0839","G0839_06","negcontrol",0,3,3,1,1,1,2,2
"8387","G0839","G0839_07","negcontrol",3,6,3,2,3,4,1,2
"8388","G0839","G0839_08","negcontrol",2,3,2,0,6,5,0,2
"8389","G0839","G0839_09","negcontrol",13,12,13,13,17,15,17,16
"8390","G0839","G0839_10","negcontrol",12,15,11,11,10,18,15,6
"8391","G0840","G0840_01","inactive",8,21,15,7,14,14,11,7
"8392","G0840","G0840_02","inactive",2,6,2,3,2,6,2,5
"8393","G0840","G0840_03","inactive",13,22,8,8,19,14,17,7
"8394","G0840","G0840_04","inactive",9,17,8,11,16,7,11,6
"8395","G0840","G0840_05","inactive",15,26,11,11,26,25,16,23
"8396","G0840","G0840_06","inactive",8,8,9,9,14,5,13,5
"8397","G0840","G0840_07","inactive",3,3,5,1,7,3,5,3
"8398","G0840","G0840_08","inactive",2,1,11,6,6,1,9,6
"8399","G0840","G0840_09","inactive",6,16,4,9,14,14,9,9
"8400","G0840","G0840_10","inactive",1,1,1,0,2,1,2,1
"8401","G0841","G0841_01","negcontrol",13,18,14,14,14,8,11,14
"8402","G0841","G0841_02","negcontrol",6,20,6,8,9,15,8,9
"8403","G0841","G0841_03","negcontrol",5,12,8,5,7,12,14,2
"8404","G0841","G0841_04","negcontrol",13,30,19,12,29,20,30,10
"8405","G0841","G0841_05","negcontrol",7,14,16,11,11,12,10,10
"8406","G0841","G0841_06","negcontrol",4,9,21,11,12,7,8,10
"8407","G0841","G0841_07","negcontrol",1,4,2,4,3,3,1,1
"8408","G0841","G0841_08","negcontrol",6,8,3,6,3,5,5,10
"8409","G0841","G0841_09","negcontrol",2,1,3,2,2,5,4,2
"8410","G0841","G0841_10","negcontrol",13,30,14,15,21,17,16,17
"8411","G0842","G0842_01","inactive",2,6,0,1,2,4,0,0
"8412","G0842","G0842_02","inactive",13,35,10,11,32,15,15,11
"8413","G0842","G0842_03","inactive",25,35,27,17,37,31,20,14
"8414","G0842","G0842_04","inactive",1,10,3,6,3,13,3,4
"8415","G0842","G0842_05","inactive",1,5,4,1,1,4,5,2
"8416","G0842","G0842_06","inactive",5,3,3,2,5,5,5,2
"8417","G0842","G0842_07","inactive",5,15,3,4,16,7,6,9
"8418","G0842","G0842_08","inactive",2,7,2,1,5,5,8,6
"8419","G0842","G0842_09","inactive",13,17,8,9,19,9,19,8
"8420","G0842","G0842_10","inactive",7,37,12,13,19,26,13,30
"8421","G0843","G0843_01","inactive",7,20,11,12,9,19,7,11
"8422","G0843","G0843_02","inactive",4,9,4,4,5,7,4,3
"8423","G0843","G0843_03","inactive",12,40,24,16,12,26,25,20
"8424","G0843","G0843_04","inactive",13,27,15,4,19,9,7,13
"8425","G0843","G0843_05","inactive",10,17,19,20,17,16,26,8
"8426","G0843","G0843_06","inactive",10,17,4,1,12,12,8,2
"8427","G0843","G0843_07","inactive",3,9,13,7,7,11,6,5
"8428","G0843","G0843_08","inactive",2,2,3,3,2,1,2,8
"8429","G0843","G0843_09","inactive",9,18,15,12,17,17,21,14
"8430","G0843","G0843_10","inactive",2,2,2,0,1,0,5,0
"8431","G0844","G0844_01","inactive",13,17,24,19,22,22,15,16
"8432","G0844","G0844_02","inactive",8,13,5,7,10,7,4,9
"8433","G0844","G0844_03","inactive",0,6,2,2,0,3,8,2
"8434","G0844","G0844_04","inactive",2,13,16,5,7,7,11,3
"8435","G0844","G0844_05","inactive",12,23,16,10,26,16,23,10
"8436","G0844","G0844_06","inactive",6,16,4,5,5,6,13,6
"8437","G0844","G0844_07","inactive",8,25,24,9,18,20,11,1
"8438","G0844","G0844_08","inactive",11,16,15,7,14,17,10,9
"8439","G0844","G0844_09","inactive",3,3,2,3,1,1,5,2
"8440","G0844","G0844_10","inactive",25,27,20,27,31,34,33,24
"8441","G0845","G0845_01","decreasing",10,24,10,6,9,10,1,0
"8442","G0845","G0845_02","decreasing",7,27,15,5,12,12,18,5
"8443","G0845","G0845_03","decreasing",2,5,5,6,1,3,3,3
"8444","G0845","G0845_04","decreasing",10,23,9,12,17,23,10,14
"8445","G0845","G0845_05","decreasing",10,15,13,16,12,12,8,11
"8446","G0845","G0845_06","decreasing",27,62,37,21,37,33,23,22
"8447","G0845","G0845_07","decreasing",9,18,10,12,8,6,7,7
"8448","G0845","G0845_08","decreasing",8,27,8,6,12,11,3,3
"8449","G0845","G0845_09","decreasing",17,25,9,8,20,18,12,10
"8450","G0845","G0845_10","decreasing",16,36,22,7,20,20,18,13
"8451","G0846","G0846_01","inactive",14,5,8,10,14,11,7,13
"8452","G0846","G0846_02","inactive",8,7,12,6,13,9,13,9
"8453","G0846","G0846_03","inactive",4,3,3,3,5,5,5,5
"8454","G0846","G0846_04","inactive",8,14,11,5,12,16,12,3
"8455","G0846","G0846_05","inactive",36,50,46,30,53,39,51,35
"8456","G0846","G0846_06","inactive",0,15,5,4,3,5,8,4
"8457","G0846","G0846_07","inactive",14,20,12,17,15,26,21,14
"8458","G0846","G0846_08","inactive",19,38,18,23,31,27,22,14
"8459","G0846","G0846_09","inactive",7,4,16,0,10,7,3,0
"8460","G0846","G0846_10","inactive",0,5,1,2,4,0,3,3
"8461","G0847","G0847_01","inactive",1,9,1,0,2,2,0,1
"8462","G0847","G0847_02","inactive",2,9,4,6,14,5,9,3
"8463","G0847","G0847_03","inactive",3,6,2,5,18,4,1,6
"8464","G0847","G0847_04","inactive",22,37,23,27,25,16,28,19
"8465","G0847","G0847_05","inactive",12,14,11,12,20,13,14,11
"8466","G0847","G0847_06","inactive",7,11,5,3,23,8,10,7
"8467","G0847","G0847_07","inactive",11,26,15,11,19,22,15,8
"8468","G0847","G0847_08","inactive",9,17,10,6,9,4,12,3
"8469","G0847","G0847_09","inactive",19,31,26,30,31,29,31,24
"8470","G0847","G0847_10","inactive",34,48,34,37,40,40,38,31
"8471","G0848","G0848_01","inactive",0,3,0,2,1,7,1,3
"8472","G0848","G0848_02","inactive",3,11,0,2,3,1,1,3
"8473","G0848","G0848_03","inactive",1,12,1,6,12,12,14,11
"8474","G0848","G0848_04","inactive",14,25,7,11,18,24,11,14
"8475","G0848","G0848_05","inactive",4,6,10,1,3,10,7,1
"8476","G0848","G0848_06","inactive",6,19,8,6,5,16,7,4
"8477","G0848","G0848_07","inactive",3,4,14,3,5,11,10,5
"8478","G0848","G0848_08","inactive",15,16,6,4,13,12,5,6
"8479","G0848","G0848_09","inactive",3,6,6,0,0,6,2,0
"8480","G0848","G0848_10","inactive",4,14,2,0,6,14,5,0
"8481","G0849","G0849_01","inactive",26,68,43,38,72,53,41,34
"8482","G0849","G0849_02","inactive",3,8,6,5,1,4,14,2
"8483","G0849","G0849_03","inactive",4,13,9,10,14,10,5,8
"8484","G0849","G0849_04","inactive",9,3,12,4,8,8,10,8
"8485","G0849","G0849_05","inactive",4,20,14,7,9,14,5,8
"8486","G0849","G0849_06","inactive",7,8,6,6,6,10,9,7
"8487","G0849","G0849_07","inactive",3,14,6,4,6,9,11,6
"8488","G0849","G0849_08","inactive",7,17,1,5,7,14,5,5
"8489","G0849","G0849_09","inactive",8,18,11,2,8,15,10,3
"8490","G0849","G0849_10","inactive",1,3,3,2,1,2,8,3
"8491","G0850","G0850_01","inactive",10,30,9,20,18,17,13,15
"8492","G0850","G0850_02","inactive",6,6,7,7,4,10,7,9
"8493","G0850","G0850_03","inactive",11,17,14,13,24,9,8,9
"8494","G0850","G0850_04","inactive",8,15,6,9,9,7,9,8
"8495","G0850","G0850_05","inactive",9,12,5,6,11,14,5,4
"8496","G0850","G0850_06","inactive",6,4,1,3,8,11,4,9
"8497","G0850","G0850_07","inactive",13,30,24,11,23,21,17,18
"8498","G0850","G0850_08","inactive",3,12,6,3,4,12,5,8
"8499","G0850","G0850_09","inactive",3,7,0,3,10,7,3,0
"8500","G0850","G0850_10","inactive",5,4,4,3,6,6,6,6
"8501","G0851","G0851_01","inactive",1,18,6,3,4,11,8,1
"8502","G0851","G0851_02","inactive",21,57,28,26,32,40,40,24
"8503","G0851","G0851_03","inactive",11,28,8,18,17,23,17,14
"8504","G0851","G0851_04","inactive",9,10,13,7,14,8,10,3
"8505","G0851","G0851_05","inactive",3,32,9,12,12,21,12,18
"8506","G0851","G0851_06","inactive",15,27,21,14,18,23,17,12
"8507","G0851","G0851_07","inactive",2,2,6,4,7,4,4,3
"8508","G0851","G0851_08","inactive",7,10,1,6,7,19,0,6
"8509","G0851","G0851_09","inactive",9,8,4,6,11,5,2,3
"8510","G0851","G0851_10","inactive",11,13,10,3,6,16,13,12
"8511","G0852","G0852_01","inactive",2,5,4,6,1,4,5,1
"8512","G0852","G0852_02","inactive",4,19,5,12,7,14,8,8
"8513","G0852","G0852_03","inactive",6,16,4,1,7,11,3,1
"8514","G0852","G0852_04","inactive",11,17,6,6,5,12,14,9
"8515","G0852","G0852_05","inactive",10,20,7,5,9,11,18,7
"8516","G0852","G0852_06","inactive",2,3,0,0,1,2,2,0
"8517","G0852","G0852_07","inactive",28,50,24,37,41,37,50,30
"8518","G0852","G0852_08","inactive",10,13,13,10,26,11,17,17
"8519","G0852","G0852_09","inactive",4,18,8,8,16,24,14,12
"8520","G0852","G0852_10","inactive",4,11,6,2,3,6,10,8
"8521","G0853","G0853_01","inactive",3,5,2,2,3,8,0,3
"8522","G0853","G0853_02","inactive",9,8,17,2,2,8,9,5
"8523","G0853","G0853_03","inactive",4,3,3,6,3,5,2,7
"8524","G0853","G0853_04","inactive",2,10,7,2,6,15,10,8
"8525","G0853","G0853_05","inactive",8,20,13,12,22,17,13,11
"8526","G0853","G0853_06","inactive",7,5,6,2,7,5,5,7
"8527","G0853","G0853_07","inactive",2,2,2,12,7,5,4,7
"8528","G0853","G0853_08","inactive",0,8,8,5,2,2,8,3
"8529","G0853","G0853_09","inactive",12,23,9,5,14,24,8,8
"8530","G0853","G0853_10","inactive",1,0,1,5,0,2,3,4
"8531","G0854","G0854_01","inactive",3,15,4,1,10,6,5,5
"8532","G0854","G0854_02","inactive",3,8,13,7,11,6,12,3
"8533","G0854","G0854_03","inactive",4,26,6,16,17,17,8,8
"8534","G0854","G0854_04","inactive",19,21,6,13,19,19,11,4
"8535","G0854","G0854_05","inactive",8,21,12,17,12,24,24,15
"8536","G0854","G0854_06","inactive",5,0,2,2,3,2,2,3
"8537","G0854","G0854_07","inactive",5,12,6,7,7,6,5,8
"8538","G0854","G0854_08","inactive",3,9,9,8,5,18,15,4
"8539","G0854","G0854_09","inactive",6,11,7,9,9,16,13,6
"8540","G0854","G0854_10","inactive",15,35,25,15,27,25,35,20
"8541","G0855","G0855_01","inactive",15,28,20,19,23,29,17,16
"8542","G0855","G0855_02","inactive",9,13,13,8,11,10,8,15
"8543","G0855","G0855_03","inactive",11,8,12,8,14,13,14,11
"8544","G0855","G0855_04","inactive",3,1,1,0,11,1,2,3
"8545","G0855","G0855_05","inactive",3,4,7,2,8,3,6,1
"8546","G0855","G0855_06","inactive",2,5,3,0,7,6,3,0
"8547","G0855","G0855_07","inactive",4,8,6,1,4,6,1,2
"8548","G0855","G0855_08","inactive",10,28,17,21,29,30,17,21
"8549","G0855","G0855_09","inactive",3,4,3,3,4,5,2,2
"8550","G0855","G0855_10","inactive",18,13,21,14,14,15,13,11
"8551","G0856","G0856_01","inactive",10,16,10,8,7,10,8,10
"8552","G0856","G0856_02","inactive",2,2,4,0,9,3,4,4
"8553","G0856","G0856_03","inactive",12,15,9,19,13,20,13,17
"8554","G0856","G0856_04","inactive",6,9,13,11,17,10,18,8
"8555","G0856","G0856_05","inactive",7,15,11,16,9,18,13,12
"8556","G0856","G0856_06","inactive",17,21,18,17,32,24,18,16
"8557","G0856","G0856_07","inactive",3,10,3,0,8,5,3,1
"8558","G0856","G0856_08","inactive",4,2,3,10,5,0,2,2
"8559","G0856","G0856_09","inactive",0,0,1,0,0,3,3,0
"8560","G0856","G0856_10","inactive",4,11,13,6,11,8,8,7
"8561","G0857","G0857_01","inactive",38,93,46,35,85,60,62,56
"8562","G0857","G0857_02","inactive",2,8,8,2,3,10,3,2
"8563","G0857","G0857_03","inactive",13,5,2,7,9,1,12,7
"8564","G0857","G0857_04","inactive",9,48,22,12,17,37,25,23
"8565","G0857","G0857_05","inactive",8,32,14,11,17,19,16,17
"8566","G0857","G0857_06","inactive",5,10,16,4,12,14,9,12
"8567","G0857","G0857_07","inactive",5,5,13,7,14,13,7,7
"8568","G0857","G0857_08","inactive",12,37,13,10,9,18,18,13
"8569","G0857","G0857_09","inactive",2,16,1,3,16,17,9,9
"8570","G0857","G0857_10","inactive",1,12,9,1,6,16,8,5
"8571","G0858","G0858_01","inactive",7,8,12,6,15,10,9,3
"8572","G0858","G0858_02","inactive",10,26,20,14,29,25,26,16
"8573","G0858","G0858_03","inactive",1,7,6,4,12,4,17,5
"8574","G0858","G0858_04","inactive",3,8,7,3,4,14,10,3
"8575","G0858","G0858_05","inactive",13,27,15,15,37,18,12,17
"8576","G0858","G0858_06","inactive",37,51,36,32,54,52,33,54
"8577","G0858","G0858_07","inactive",18,50,26,18,20,26,26,23
"8578","G0858","G0858_08","inactive",5,18,21,8,12,12,19,15
"8579","G0858","G0858_09","inactive",4,7,1,8,8,2,1,4
"8580","G0858","G0858_10","inactive",6,6,4,3,13,12,6,6
"8581","G0859","G0859_01","inactive",6,7,17,13,10,8,13,13
"8582","G0859","G0859_02","inactive",1,15,6,7,3,3,2,6
"8583","G0859","G0859_03","inactive",18,35,32,21,22,24,41,20
"8584","G0859","G0859_04","inactive",7,2,5,9,4,3,1,9
"8585","G0859","G0859_05","inactive",7,37,18,14,9,26,25,6
"8586","G0859","G0859_06","inactive",5,8,2,11,6,2,7,2
"8587","G0859","G0859_07","inactive",2,16,8,7,13,19,6,6
"8588","G0859","G0859_08","inactive",4,1,1,3,6,3,4,1
"8589","G0859","G0859_09","inactive",6,17,11,8,15,23,16,9
"8590","G0859","G0859_10","inactive",4,18,1,0,3,12,1,4
"8591","G0860","G0860_01","inactive",1,4,2,1,0,4,1,3
"8592","G0860","G0860_02","inactive",10,17,11,2,4,18,10,10
"8593","G0860","G0860_03","inactive",3,9,11,5,8,1,11,7
"8594","G0860","G0860_04","inactive",10,24,12,8,18,15,20,9
"8595","G0860","G0860_05","inactive",3,2,6,4,4,2,9,5
"8596","G0860","G0860_06","inactive",4,7,8,7,6,5,6,2
"8597","G0860","G0860_07","inactive",6,18,11,12,15,9,12,6
"8598","G0860","G0860_08","inactive",7,10,10,16,12,9,19,10
"8599","G0860","G0860_09","inactive",10,19,4,9,6,8,6,7
"8600","G0860","G0860_10","inactive",7,4,11,8,6,4,6,2
"8601","G0861","G0861_01","inactive",11,21,8,3,19,17,7,9
"8602","G0861","G0861_02","inactive",5,18,8,11,6,13,4,7
"8603","G0861","G0861_03","inactive",2,6,5,3,7,3,4,4
"8604","G0861","G0861_04","inactive",1,7,5,4,5,1,4,6
"8605","G0861","G0861_05","inactive",2,5,6,3,9,6,6,6
"8606","G0861","G0861_06","inactive",23,41,34,19,22,41,43,12
"8607","G0861","G0861_07","inactive",1,4,3,1,3,8,4,2
"8608","G0861","G0861_08","inactive",7,6,0,2,15,2,2,4
"8609","G0861","G0861_09","inactive",2,3,3,1,6,4,6,2
"8610","G0861","G0861_10","inactive",6,20,11,6,8,11,15,8
"8611","G0862","G0862_01","inactive",14,29,9,15,27,24,23,20
"8612","G0862","G0862_02","inactive",3,8,17,7,8,5,8,6
"8613","G0862","G0862_03","inactive",4,6,2,1,2,12,11,11
"8614","G0862","G0862_04","inactive",21,7,8,5,9,15,9,4
"8615","G0862","G0862_05","inactive",7,8,6,5,2,8,6,8
"8616","G0862","G0862_06","inactive",4,16,16,11,7,13,11,7
"8617","G0862","G0862_07","inactive",24,28,26,19,28,22,21,17
"8618","G0862","G0862_08","inactive",8,15,9,12,17,8,13,12
"8619","G0862","G0862_09","inactive",32,50,46,38,34,38,33,37
"8620","G0862","G0862_10","inactive",4,13,4,4,5,10,4,6
"8621","G0863","G0863_01","inactive",2,6,2,7,1,3,2,4
"8622","G0863","G0863_02","inactive",10,23,12,12,25,15,15,10
"8623","G0863","G0863_03","inactive",22,32,15,19,38,23,27,23
"8624","G0863","G0863_04","inactive",5,15,7,4,18,13,8,12
"8625","G0863","G0863_05","inactive",7,4,0,1,10,2,4,2
"8626","G0863","G0863_06","inactive",14,23,6,5,13,5,10,4
"8627","G0863","G0863_07","inactive",8,11,9,11,13,5,10,5
"8628","G0863","G0863_08","inactive",42,71,36,53,48,49,49,45
"8629","G0863","G0863_09","inactive",10,23,11,22,27,17,9,10
"8630","G0863","G0863_10","inactive",7,11,12,9,13,8,8,13
"8631","G0864","G0864_01","inactive",4,14,8,9,11,12,8,10
"8632","G0864","G0864_02","inactive",4,29,20,7,9,28,18,9
"8633","G0864","G0864_03","inactive",2,6,8,5,5,14,15,6
"8634","G0864","G0864_04","inactive",5,5,6,2,7,2,4,2
"8635","G0864","G0864_05","inactive",7,10,11,4,9,8,16,5
"8636","G0864","G0864_06","inactive",18,34,30,15,27,25,26,14
"8637","G0864","G0864_07","inactive",3,4,1,2,10,8,5,0
"8638","G0864","G0864_08","inactive",4,4,6,1,5,3,7,1
"8639","G0864","G0864_09","inactive",13,30,27,15,22,34,19,19
"8640","G0864","G0864_10","inactive",21,37,23,27,30,30,18,32
"8641","G0865","G0865_01","inactive",12,15,4,9,19,15,13,12
"8642","G0865","G0865_02","inactive",3,17,13,4,6,14,12,6
"8643","G0865","G0865_03","inactive",4,17,11,18,17,15,16,11
"8644","G0865","G0865_04","inactive",3,7,2,8,2,10,7,6
"8645","G0865","G0865_05","inactive",3,4,7,1,7,1,5,3
"8646","G0865","G0865_06","inactive",12,13,10,10,14,9,8,12
"8647","G0865","G0865_07","inactive",10,16,13,12,20,24,8,15
"8648","G0865","G0865_08","inactive",3,5,4,1,4,9,3,3
"8649","G0865","G0865_09","inactive",13,34,24,20,31,28,27,21
"8650","G0865","G0865_10","inactive",16,33,16,23,23,34,24,22
"8651","G0866","G0866_01","inactive",0,4,7,0,2,4,5,1
"8652","G0866","G0866_02","inactive",13,36,26,18,37,23,24,20
"8653","G0866","G0866_03","inactive",4,15,10,9,7,6,8,19
"8654","G0866","G0866_04","inactive",9,14,4,4,9,9,11,6
"8655","G0866","G0866_05","inactive",2,3,7,6,4,2,8,1
"8656","G0866","G0866_06","inactive",11,26,21,19,23,19,21,22
"8657","G0866","G0866_07","inactive",4,5,8,5,0,4,4,4
"8658","G0866","G0866_08","inactive",5,12,7,3,7,5,9,8
"8659","G0866","G0866_09","inactive",0,12,3,8,1,6,4,1
"8660","G0866","G0866_10","inactive",6,8,7,12,17,14,13,5
"8661","G0867","G0867_01","inactive",13,20,18,7,15,15,16,19
"8662","G0867","G0867_02","inactive",3,13,23,17,9,25,9,10
"8663","G0867","G0867_03","inactive",4,12,3,1,6,3,1,10
"8664","G0867","G0867_04","inactive",7,19,10,5,13,12,8,2
"8665","G0867","G0867_05","inactive",11,26,17,20,19,23,14,17
"8666","G0867","G0867_06","inactive",3,2,5,7,3,6,6,9
"8667","G0867","G0867_07","inactive",2,3,0,1,6,9,0,2
"8668","G0867","G0867_08","inactive",0,3,1,0,3,5,0,3
"8669","G0867","G0867_09","inactive",12,16,20,16,13,17,13,10
"8670","G0867","G0867_10","inactive",5,12,3,1,6,16,7,7
"8671","G0868","G0868_01","inactive",11,19,16,7,16,9,12,10
"8672","G0868","G0868_02","inactive",4,28,16,19,12,18,21,15
"8673","G0868","G0868_03","inactive",2,9,0,5,6,4,5,5
"8674","G0868","G0868_04","inactive",0,5,2,2,2,5,3,0
"8675","G0868","G0868_05","inactive",2,8,1,0,6,8,4,2
"8676","G0868","G0868_06","inactive",0,10,10,2,3,9,6,1
"8677","G0868","G0868_07","inactive",4,7,4,4,8,1,4,3
"8678","G0868","G0868_08","inactive",3,8,7,2,2,12,4,4
"8679","G0868","G0868_09","inactive",7,13,19,11,17,21,9,19
"8680","G0868","G0868_10","inactive",20,51,35,18,31,32,47,21
"8681","G0869","G0869_01","inactive",1,4,2,1,3,3,2,1
"8682","G0869","G0869_02","inactive",10,17,9,10,11,11,21,10
"8683","G0869","G0869_03","inactive",4,10,0,2,4,4,1,3
"8684","G0869","G0869_04","inactive",8,14,5,6,13,8,8,6
"8685","G0869","G0869_05","inactive",1,6,7,3,10,5,3,6
"8686","G0869","G0869_06","inactive",3,15,4,7,23,11,8,4
"8687","G0869","G0869_07","inactive",3,5,3,12,7,4,8,9
"8688","G0869","G0869_08","inactive",8,6,11,7,6,7,5,4
"8689","G0869","G0869_09","inactive",5,12,5,11,12,9,14,8
"8690","G0869","G0869_10","inactive",13,25,16,9,16,25,21,16
"8691","G0870","G0870_01","inactive",6,22,8,4,4,10,6,7
"8692","G0870","G0870_02","inactive",4,2,8,5,5,1,7,5
"8693","G0870","G0870_03","inactive",4,13,5,4,3,16,15,5
"8694","G0870","G0870_04","inactive",10,10,11,7,10,11,9,8
"8695","G0870","G0870_05","inactive",2,2,7,1,8,3,14,4
"8696","G0870","G0870_06","inactive",9,23,15,10,11,11,18,20
"8697","G0870","G0870_07","inactive",10,10,4,4,8,14,7,6
"8698","G0870","G0870_08","inactive",7,16,15,6,7,18,10,10
"8699","G0870","G0870_09","inactive",9,16,16,12,12,22,8,12
"8700","G0870","G0870_10","inactive",3,13,2,5,11,10,4,2
"8701","G0871","G0871_01","inactive",4,5,2,2,4,5,0,4
"8702","G0871","G0871_02","inactive",12,28,19,11,14,20,14,14
"8703","G0871","G0871_03","inactive",7,15,7,12,13,15,6,16
"8704","G0871","G0871_04","inactive",0,5,4,1,1,5,2,1
"8705","G0871","G0871_05","inactive",1,22,9,4,5,12,9,5
"8706","G0871","G0871_06","inactive",6,19,4,9,8,23,2,11
"8707","G0871","G0871_07","inactive",38,54,40,26,57,54,74,48
"8708","G0871","G0871_08","inactive",6,8,6,4,8,6,9,4
"8709","G0871","G0871_09","inactive",19,33,22,26,41,23,22,31
"8710","G0871","G0871_10","inactive",17,19,17,14,19,14,18,17
"8711","G0872","G0872_01","inactive",6,18,4,6,12,18,8,12
"8712","G0872","G0872_02","inactive",8,24,16,11,13,19,21,13
"8713","G0872","G0872_03","inactive",2,14,13,2,4,10,9,5
"8714","G0872","G0872_04","inactive",0,3,2,1,1,2,2,1
"8715","G0872","G0872_05","inactive",8,8,14,2,21,15,7,11
"8716","G0872","G0872_06","inactive",12,20,13,6,11,9,22,9
"8717","G0872","G0872_07","inactive",21,37,21,17,23,28,29,19
"8718","G0872","G0872_08","inactive",3,8,0,1,5,2,0,2
"8719","G0872","G0872_09","inactive",21,23,13,8,29,15,20,15
"8720","G0872","G0872_10","inactive",1,7,2,0,2,1,4,0
"8721","G0873","G0873_01","inactive",1,5,5,3,4,7,2,4
"8722","G0873","G0873_02","inactive",4,11,7,2,7,14,4,4
"8723","G0873","G0873_03","inactive",1,1,1,1,2,1,1,2
"8724","G0873","G0873_04","inactive",16,21,12,8,13,16,16,12
"8725","G0873","G0873_05","inactive",21,43,24,27,29,28,20,26
"8726","G0873","G0873_06","inactive",14,39,26,15,26,23,28,26
"8727","G0873","G0873_07","inactive",2,11,12,9,6,8,6,5
"8728","G0873","G0873_08","inactive",6,12,4,4,9,7,6,3
"8729","G0873","G0873_09","inactive",7,15,19,14,13,12,18,5
"8730","G0873","G0873_10","inactive",12,9,11,8,17,15,16,5
"8731","G0874","G0874_01","inactive",6,11,7,3,15,5,5,5
"8732","G0874","G0874_02","inactive",2,7,8,6,6,8,5,5
"8733","G0874","G0874_03","inactive",34,58,39,23,44,33,33,31
"8734","G0874","G0874_04","inactive",5,9,14,12,10,12,6,12
"8735","G0874","G0874_05","inactive",13,18,8,14,17,14,11,15
"8736","G0874","G0874_06","inactive",6,9,13,5,13,8,19,16
"8737","G0874","G0874_07","inactive",8,12,14,8,13,12,17,13
"8738","G0874","G0874_08","inactive",8,12,18,9,11,15,6,16
"8739","G0874","G0874_09","inactive",3,29,13,15,15,17,22,16
"8740","G0874","G0874_10","inactive",17,24,19,14,14,19,18,22
"8741","G0875","G0875_01","inactive",14,26,16,7,15,26,21,10
"8742","G0875","G0875_02","inactive",1,5,5,5,2,3,6,2
"8743","G0875","G0875_03","inactive",9,15,8,7,9,6,9,7
"8744","G0875","G0875_04","inactive",2,4,3,5,7,5,4,4
"8745","G0875","G0875_05","inactive",7,15,12,11,16,24,24,11
"8746","G0875","G0875_06","inactive",5,6,4,14,6,12,9,21
"8747","G0875","G0875_07","inactive",2,8,12,8,7,2,10,3
"8748","G0875","G0875_08","inactive",14,23,13,17,30,19,24,17
"8749","G0875","G0875_09","inactive",7,17,13,13,11,8,16,15
"8750","G0875","G0875_10","inactive",5,22,12,18,15,21,8,19
"8751","G0876","G0876_01","inactive",1,5,6,3,1,4,4,2
"8752","G0876","G0876_02","inactive",6,16,15,8,6,7,8,11
"8753","G0876","G0876_03","inactive",4,15,7,8,15,5,12,9
"8754","G0876","G0876_04","inactive",7,14,2,3,9,10,4,3
"8755","G0876","G0876_05","inactive",9,6,11,5,4,4,8,4
"8756","G0876","G0876_06","inactive",32,87,41,47,67,59,40,38
"8757","G0876","G0876_07","inactive",8,16,22,7,16,15,17,14
"8758","G0876","G0876_08","inactive",10,11,4,4,14,7,8,12
"8759","G0876","G0876_09","inactive",25,38,33,24,42,39,42,43
"8760","G0876","G0876_10","inactive",7,15,8,6,14,15,3,14
"8761","G0877","G0877_01","inactive",2,6,5,1,4,7,5,12
"8762","G0877","G0877_02","inactive",0,12,4,3,3,4,5,6
"8763","G0877","G0877_03","inactive",3,11,1,2,9,10,9,1
"8764","G0877","G0877_04","inactive",5,14,20,14,20,17,28,16
"8765","G0877","G0877_05","inactive",13,15,15,14,15,16,19,10
"8766","G0877","G0877_06","inactive",11,17,14,16,15,11,17,13
"8767","G0877","G0877_07","inactive",2,6,8,6,5,4,8,1
"8768","G0877","G0877_08","inactive",27,41,32,15,29,32,26,18
"8769","G0877","G0877_09","inactive",2,3,3,4,2,1,0,6
"8770","G0877","G0877_10","inactive",33,44,18,26,33,47,33,43
"8771","G0878","G0878_01","inactive",14,26,7,14,27,20,9,15
"8772","G0878","G0878_02","inactive",3,5,3,2,5,7,3,3
"8773","G0878","G0878_03","inactive",11,12,15,8,13,10,11,9
"8774","G0878","G0878_04","inactive",2,12,2,1,5,4,5,4
"8775","G0878","G0878_05","inactive",25,35,17,21,30,35,27,23
"8776","G0878","G0878_06","inactive",13,15,17,11,25,22,22,12
"8777","G0878","G0878_07","inactive",7,32,15,10,12,23,7,7
"8778","G0878","G0878_08","inactive",8,3,14,5,9,10,12,4
"8779","G0878","G0878_09","inactive",4,14,6,16,5,15,9,9
"8780","G0878","G0878_10","inactive",2,3,1,3,5,2,3,3
"8781","G0879","G0879_01","inactive",5,6,20,3,15,12,15,9
"8782","G0879","G0879_02","inactive",3,5,1,2,8,3,5,5
"8783","G0879","G0879_03","inactive",3,4,5,6,3,2,7,7
"8784","G0879","G0879_04","inactive",2,3,0,3,2,2,1,3
"8785","G0879","G0879_05","inactive",12,26,13,8,25,21,8,16
"8786","G0879","G0879_06","inactive",12,6,10,6,5,8,8,6
"8787","G0879","G0879_07","inactive",4,4,6,5,10,1,0,10
"8788","G0879","G0879_08","inactive",1,5,1,7,3,2,4,4
"8789","G0879","G0879_09","inactive",9,13,5,11,16,12,8,10
"8790","G0879","G0879_10","inactive",13,7,7,4,14,4,7,7
"8791","G0880","G0880_01","inactive",3,12,5,5,9,4,10,10
"8792","G0880","G0880_02","inactive",3,7,1,2,2,5,3,7
"8793","G0880","G0880_03","inactive",9,15,11,5,19,13,11,5
"8794","G0880","G0880_04","inactive",14,33,10,26,24,21,12,17
"8795","G0880","G0880_05","inactive",2,13,13,4,5,19,9,7
"8796","G0880","G0880_06","inactive",7,4,5,8,6,4,5,7
"8797","G0880","G0880_07","inactive",10,35,17,20,18,45,23,21
"8798","G0880","G0880_08","inactive",0,4,2,2,1,3,0,4
"8799","G0880","G0880_09","inactive",1,9,9,5,1,3,4,3
"8800","G0880","G0880_10","inactive",2,8,2,1,6,12,7,6
"8801","G0881","G0881_01","inactive",2,5,13,5,5,3,8,3
"8802","G0881","G0881_02","inactive",2,24,7,12,19,22,12,13
"8803","G0881","G0881_03","inactive",9,13,7,6,9,10,8,12
"8804","G0881","G0881_04","inactive",4,12,7,4,5,6,9,6
"8805","G0881","G0881_05","inactive",4,12,6,3,13,7,7,6
"8806","G0881","G0881_06","inactive",2,14,11,2,7,3,9,1
"8807","G0881","G0881_07","inactive",0,4,2,0,5,3,4,2
"8808","G0881","G0881_08","inactive",7,21,6,4,10,15,9,5
"8809","G0881","G0881_09","inactive",15,26,11,5,14,20,9,13
"8810","G0881","G0881_10","inactive",2,4,7,1,2,2,6,5
"8811","G0882","G0882_01","inactive",7,15,15,7,5,13,16,10
"8812","G0882","G0882_02","inactive",17,17,14,4,12,12,11,10
"8813","G0882","G0882_03","inactive",6,9,6,5,9,6,7,3
"8814","G0882","G0882_04","inactive",4,23,20,15,14,11,14,9
"8815","G0882","G0882_05","inactive",2,2,2,2,3,5,1,0
"8816","G0882","G0882_06","inactive",4,21,23,6,19,16,23,10
"8817","G0882","G0882_07","inactive",6,16,19,2,16,17,16,6
"8818","G0882","G0882_08","inactive",3,23,14,3,8,9,14,21
"8819","G0882","G0882_09","inactive",3,7,4,5,8,10,4,5
"8820","G0882","G0882_10","inactive",6,10,9,5,16,15,6,10
"8821","G0883","G0883_01","inactive",8,23,17,6,8,23,17,16
"8822","G0883","G0883_02","inactive",7,9,0,3,11,3,2,8
"8823","G0883","G0883_03","inactive",4,10,3,5,8,10,2,2
"8824","G0883","G0883_04","inactive",17,53,28,25,33,48,30,21
"8825","G0883","G0883_05","inactive",5,12,10,7,17,11,8,8
"8826","G0883","G0883_06","inactive",5,8,6,3,6,7,4,1
"8827","G0883","G0883_07","inactive",1,16,7,6,9,18,9,10
"8828","G0883","G0883_08","inactive",5,10,4,5,8,12,5,4
"8829","G0883","G0883_09","inactive",10,16,12,6,13,22,17,5
"8830","G0883","G0883_10","inactive",3,28,8,14,9,19,9,9
"8831","G0884","G0884_01","negcontrol",5,21,5,11,20,8,9,10
"8832","G0884","G0884_02","negcontrol",11,18,27,15,21,24,27,20
"8833","G0884","G0884_03","negcontrol",6,15,12,11,18,8,10,9
"8834","G0884","G0884_04","negcontrol",4,8,8,0,5,6,1,1
"8835","G0884","G0884_05","negcontrol",10,40,25,20,21,29,24,14
"8836","G0884","G0884_06","negcontrol",11,24,31,16,20,21,24,16
"8837","G0884","G0884_07","negcontrol",7,11,2,6,12,8,11,14
"8838","G0884","G0884_08","negcontrol",8,33,8,14,22,30,14,11
"8839","G0884","G0884_09","negcontrol",6,8,12,7,9,13,12,7
"8840","G0884","G0884_10","negcontrol",7,24,23,11,27,20,30,16
"8841","G0885","G0885_01","inactive",2,2,8,9,9,4,10,11
"8842","G0885","G0885_02","inactive",5,24,10,8,5,20,12,13
"8843","G0885","G0885_03","inactive",4,3,0,4,5,4,2,2
"8844","G0885","G0885_04","inactive",2,1,1,2,2,4,5,1
"8845","G0885","G0885_05","inactive",3,11,7,8,8,12,14,11
"8846","G0885","G0885_06","inactive",6,17,12,7,20,12,17,14
"8847","G0885","G0885_07","inactive",4,6,4,6,9,10,8,6
"8848","G0885","G0885_08","inactive",10,4,10,5,11,12,4,8
"8849","G0885","G0885_09","inactive",24,35,31,25,38,22,35,26
"8850","G0885","G0885_10","inactive",7,14,20,12,4,9,12,3
"8851","G0886","G0886_01","inactive",2,6,1,2,1,3,2,2
"8852","G0886","G0886_02","inactive",9,11,12,3,11,12,12,8
"8853","G0886","G0886_03","inactive",2,4,3,6,2,1,7,3
"8854","G0886","G0886_04","inactive",2,1,0,1,3,2,6,1
"8855","G0886","G0886_05","inactive",2,17,10,10,5,14,15,12
"8856","G0886","G0886_06","inactive",2,14,0,9,4,10,2,2
"8857","G0886","G0886_07","inactive",4,9,4,8,6,5,4,7
"8858","G0886","G0886_08","inactive",8,17,6,11,17,18,11,23
"8859","G0886","G0886_09","inactive",11,28,19,21,23,15,21,8
"8860","G0886","G0886_10","inactive",5,11,3,1,5,10,3,5
"8861","G0887","G0887_01","inactive",13,24,27,15,12,17,26,16
"8862","G0887","G0887_02","inactive",9,28,10,11,13,27,15,12
"8863","G0887","G0887_03","inactive",4,11,9,9,6,8,8,6
"8864","G0887","G0887_04","inactive",10,16,6,9,8,9,8,5
"8865","G0887","G0887_05","inactive",1,5,1,2,4,8,5,3
"8866","G0887","G0887_06","inactive",0,7,11,7,3,6,7,7
"8867","G0887","G0887_07","inactive",8,13,10,23,14,9,22,19
"8868","G0887","G0887_08","inactive",8,19,10,6,11,11,14,2
"8869","G0887","G0887_09","inactive",4,9,7,4,8,8,3,2
"8870","G0887","G0887_10","inactive",4,8,10,2,2,5,7,4
"8871","G0888","G0888_01","inactive",7,12,14,9,10,15,11,7
"8872","G0888","G0888_02","inactive",18,36,16,29,25,22,19,29
"8873","G0888","G0888_03","inactive",3,17,6,4,13,5,5,2
"8874","G0888","G0888_04","inactive",5,20,16,14,11,17,15,12
"8875","G0888","G0888_05","inactive",9,11,9,5,16,8,13,8
"8876","G0888","G0888_06","inactive",6,11,4,7,10,5,2,7
"8877","G0888","G0888_07","inactive",17,31,18,25,29,25,17,17
"8878","G0888","G0888_08","inactive",7,20,11,4,14,20,8,9
"8879","G0888","G0888_09","inactive",3,13,17,12,6,12,17,11
"8880","G0888","G0888_10","inactive",9,23,8,18,19,18,8,14
"8881","G0889","G0889_01","inactive",15,41,13,11,17,37,19,13
"8882","G0889","G0889_02","inactive",6,12,9,9,14,7,6,9
"8883","G0889","G0889_03","inactive",1,3,2,4,4,1,3,0
"8884","G0889","G0889_04","inactive",3,2,6,2,6,2,9,5
"8885","G0889","G0889_05","inactive",4,4,8,6,0,1,3,1
"8886","G0889","G0889_06","inactive",2,7,5,4,6,9,7,6
"8887","G0889","G0889_07","inactive",2,8,7,7,17,2,11,9
"8888","G0889","G0889_08","inactive",9,15,7,11,16,14,14,10
"8889","G0889","G0889_09","inactive",11,32,20,25,30,25,19,23
"8890","G0889","G0889_10","inactive",5,18,8,14,2,10,13,6
"8891","G0890","G0890_01","inactive",4,15,10,7,4,10,7,4
"8892","G0890","G0890_02","inactive",7,8,4,9,1,3,5,8
"8893","G0890","G0890_03","inactive",1,3,5,1,2,3,0,3
"8894","G0890","G0890_04","inactive",5,18,8,10,14,22,8,9
"8895","G0890","G0890_05","inactive",6,6,7,8,8,8,11,9
"8896","G0890","G0890_06","inactive",12,7,8,11,8,9,13,11
"8897","G0890","G0890_07","inactive",11,5,8,2,13,8,12,2
"8898","G0890","G0890_08","inactive",12,44,12,9,13,28,13,14
"8899","G0890","G0890_09","inactive",6,8,5,2,5,4,11,1
"8900","G0890","G0890_10","inactive",10,19,12,10,21,12,14,8
"8901","G0891","G0891_01","inactive",8,11,11,8,10,6,14,10
"8902","G0891","G0891_02","inactive",6,9,9,10,6,6,9,18
"8903","G0891","G0891_03","inactive",2,5,6,4,9,5,7,8
"8904","G0891","G0891_04","inactive",1,17,9,2,5,12,9,1
"8905","G0891","G0891_05","inactive",0,6,4,5,3,8,4,3
"8906","G0891","G0891_06","inactive",14,32,17,19,21,18,11,18
"8907","G0891","G0891_07","inactive",9,10,6,6,18,12,16,7
"8908","G0891","G0891_08","inactive",6,12,8,8,11,8,8,10
"8909","G0891","G0891_09","inactive",6,15,16,7,7,6,29,7
"8910","G0891","G0891_10","inactive",5,9,2,5,7,12,5,8
"8911","G0892","G0892_01","inactive",8,22,8,11,12,12,7,15
"8912","G0892","G0892_02","inactive",9,12,10,10,8,19,15,17
"8913","G0892","G0892_03","inactive",6,7,5,2,5,10,0,2
"8914","G0892","G0892_04","inactive",9,29,22,10,12,18,20,11
"8915","G0892","G0892_05","inactive",8,21,13,19,15,32,23,14
"8916","G0892","G0892_06","inactive",3,17,7,5,2,11,9,5
"8917","G0892","G0892_07","inactive",9,11,9,9,14,16,15,7
"8918","G0892","G0892_08","inactive",1,5,0,2,1,2,0,2
"8919","G0892","G0892_09","inactive",5,5,5,2,1,6,2,5
"8920","G0892","G0892_10","inactive",6,5,6,6,12,6,8,3
"8921","G0893","G0893_01","inactive",14,18,13,10,10,13,20,9
"8922","G0893","G0893_02","inactive",13,34,24,13,29,27,18,17
"8923","G0893","G0893_03","inactive",2,6,0,6,10,8,0,2
"8924","G0893","G0893_04","inactive",2,2,3,2,3,3,2,2
"8925","G0893","G0893_05","inactive",3,9,10,11,4,9,8,14
"8926","G0893","G0893_06","inactive",5,29,13,8,13,22,24,13
"8927","G0893","G0893_07","inactive",5,5,2,4,8,3,3,2
"8928","G0893","G0893_08","inactive",0,13,7,4,3,7,11,8
"8929","G0893","G0893_09","inactive",9,10,5,10,6,5,10,9
"8930","G0893","G0893_10","inactive",2,10,4,5,1,7,5,3
"8931","G0894","G0894_01","inactive",1,19,4,3,2,7,6,5
"8932","G0894","G0894_02","inactive",20,21,18,13,41,17,19,16
"8933","G0894","G0894_03","inactive",3,2,4,0,6,5,7,3
"8934","G0894","G0894_04","inactive",20,57,39,25,34,38,50,46
"8935","G0894","G0894_05","inactive",6,15,17,7,5,14,9,5
"8936","G0894","G0894_06","inactive",9,7,6,4,6,9,11,6
"8937","G0894","G0894_07","inactive",15,5,12,11,12,4,10,12
"8938","G0894","G0894_08","inactive",0,2,4,1,5,2,0,6
"8939","G0894","G0894_09","inactive",3,13,1,0,4,5,2,1
"8940","G0894","G0894_10","inactive",1,3,8,2,3,6,5,2
"8941","G0895","G0895_01","inactive",12,14,10,9,17,11,9,6
"8942","G0895","G0895_02","inactive",3,15,11,14,3,12,3,8
"8943","G0895","G0895_03","inactive",6,6,2,7,7,4,3,0
"8944","G0895","G0895_04","inactive",10,30,17,13,15,20,19,19
"8945","G0895","G0895_05","inactive",25,47,33,13,22,29,23,17
"8946","G0895","G0895_06","inactive",21,53,24,19,30,40,36,30
"8947","G0895","G0895_07","inactive",8,12,8,7,5,14,12,6
"8948","G0895","G0895_08","inactive",5,6,1,13,9,8,4,14
"8949","G0895","G0895_09","inactive",1,10,2,2,1,9,5,4
"8950","G0895","G0895_10","inactive",10,25,10,14,12,27,13,12
"8951","G0896","G0896_01","inactive",9,14,7,12,12,8,7,17
"8952","G0896","G0896_02","inactive",31,72,42,46,45,35,33,34
"8953","G0896","G0896_03","inactive",15,25,17,11,19,10,14,19
"8954","G0896","G0896_04","inactive",1,6,4,3,5,3,4,6
"8955","G0896","G0896_05","inactive",25,45,26,29,29,27,22,19
"8956","G0896","G0896_06","inactive",4,18,8,11,7,3,12,3
"8957","G0896","G0896_07","inactive",5,9,18,13,8,16,8,17
"8958","G0896","G0896_08","inactive",12,19,26,10,15,17,11,10
"8959","G0896","G0896_09","inactive",3,3,7,3,5,7,7,5
"8960","G0896","G0896_10","inactive",8,21,24,16,8,16,15,15
"8961","G0897","G0897_01","inactive",2,1,1,1,0,1,1,0
"8962","G0897","G0897_02","inactive",11,20,23,17,14,21,25,18
"8963","G0897","G0897_03","inactive",13,10,13,14,16,17,17,9
"8964","G0897","G0897_04","inactive",9,10,14,7,15,9,21,11
"8965","G0897","G0897_05","inactive",4,8,3,7,4,2,8,8
"8966","G0897","G0897_06","inactive",3,8,5,12,7,7,7,14
"8967","G0897","G0897_07","inactive",4,4,1,4,12,3,3,4
"8968","G0897","G0897_08","inactive",7,15,8,7,11,15,8,8
"8969","G0897","G0897_09","inactive",1,8,4,10,5,8,5,8
"8970","G0897","G0897_10","inactive",10,18,11,9,13,19,10,14
"8971","G0898","G0898_01","inactive",10,8,1,11,12,8,8,3
"8972","G0898","G0898_02","inactive",6,9,12,8,12,6,14,14
"8973","G0898","G0898_03","inactive",14,19,9,12,12,14,6,11
"8974","G0898","G0898_04","inactive",9,47,21,20,19,30,29,21
"8975","G0898","G0898_05","inactive",4,9,4,7,14,6,8,6
"8976","G0898","G0898_06","inactive",13,14,12,23,12,18,13,16
"8977","G0898","G0898_07","inactive",6,14,2,2,6,12,3,1
"8978","G0898","G0898_08","inactive",9,22,16,14,9,13,15,13
"8979","G0898","G0898_09","inactive",3,4,12,9,7,12,11,14
"8980","G0898","G0898_10","inactive",17,31,27,21,23,21,24,25
"8981","G0899","G0899_01","inactive",11,44,17,13,21,24,13,18
"8982","G0899","G0899_02","inactive",5,10,7,5,10,12,8,4
"8983","G0899","G0899_03","inactive",0,2,2,1,5,4,1,1
"8984","G0899","G0899_04","inactive",1,0,1,3,5,0,0,1
"8985","G0899","G0899_05","inactive",7,3,2,6,7,6,9,7
"8986","G0899","G0899_06","inactive",8,9,17,10,18,8,8,7
"8987","G0899","G0899_07","inactive",3,12,8,13,2,2,8,16
"8988","G0899","G0899_08","inactive",22,42,44,36,35,49,39,43
"8989","G0899","G0899_09","inactive",6,10,16,8,10,9,20,18
"8990","G0899","G0899_10","inactive",16,50,37,27,28,32,24,23
"8991","G0900","G0900_01","inactive",3,8,5,6,5,8,8,9
"8992","G0900","G0900_02","inactive",12,24,7,9,16,24,10,11
"8993","G0900","G0900_03","inactive",18,29,20,19,20,35,17,11
"8994","G0900","G0900_04","inactive",5,16,12,12,20,14,12,5
"8995","G0900","G0900_05","inactive",11,9,10,12,12,4,13,11
"8996","G0900","G0900_06","inactive",7,8,7,8,14,12,6,15
"8997","G0900","G0900_07","inactive",1,4,2,1,4,3,3,0
"8998","G0900","G0900_08","inactive",48,127,82,53,82,108,88,53
"8999","G0900","G0900_09","inactive",8,9,15,8,15,11,15,11
"9000","G0900","G0900_10","inactive",3,12,1,2,4,10,3,2
"9001","G0901","G0901_01","inactive",10,22,16,15,21,16,14,10
"9002","G0901","G0901_02","inactive",5,12,11,7,7,10,7,9
"9003","G0901","G0901_03","inactive",8,8,10,8,12,10,8,7
"9004","G0901","G0901_04","inactive",3,3,6,8,1,3,7,1
"9005","G0901","G0901_05","inactive",2,6,1,3,2,5,2,1
"9006","G0901","G0901_06","inactive",5,8,8,4,11,10,4,12
"9007","G0901","G0901_07","inactive",7,6,3,7,13,9,6,6
"9008","G0901","G0901_08","inactive",3,8,3,5,3,6,3,4
"9009","G0901","G0901_09","inactive",2,21,7,10,6,9,11,7
"9010","G0901","G0901_10","inactive",0,9,5,2,8,8,4,2
"9011","G0902","G0902_01","inactive",4,7,0,6,5,7,6,2
"9012","G0902","G0902_02","inactive",16,32,18,14,16,20,18,15
"9013","G0902","G0902_03","inactive",12,17,32,18,33,20,21,30
"9014","G0902","G0902_04","inactive",9,29,12,10,23,21,17,10
"9015","G0902","G0902_05","inactive",2,5,1,6,1,5,0,4
"9016","G0902","G0902_06","inactive",8,14,15,4,9,13,14,8
"9017","G0902","G0902_07","inactive",10,22,7,9,15,15,12,7
"9018","G0902","G0902_08","inactive",1,0,2,2,4,0,0,2
"9019","G0902","G0902_09","inactive",2,6,1,6,4,3,3,6
"9020","G0902","G0902_10","inactive",13,8,1,11,14,10,6,8
"9021","G0903","G0903_01","inactive",13,22,10,11,13,16,15,21
"9022","G0903","G0903_02","inactive",67,131,83,77,110,94,87,89
"9023","G0903","G0903_03","inactive",14,22,21,9,30,17,18,15
"9024","G0903","G0903_04","inactive",14,20,14,14,13,21,19,23
"9025","G0903","G0903_05","inactive",13,28,13,12,9,13,12,19
"9026","G0903","G0903_06","inactive",43,42,39,19,43,43,43,33
"9027","G0903","G0903_07","inactive",6,7,20,11,19,7,6,8
"9028","G0903","G0903_08","inactive",6,4,3,1,8,2,3,5
"9029","G0903","G0903_09","inactive",13,33,21,26,17,16,13,17
"9030","G0903","G0903_10","inactive",11,22,24,12,15,17,18,18
"9031","G0904","G0904_01","inactive",8,40,31,28,22,34,35,23
"9032","G0904","G0904_02","inactive",2,7,3,2,2,4,7,1
"9033","G0904","G0904_03","inactive",12,22,20,6,14,15,8,10
"9034","G0904","G0904_04","inactive",10,11,7,5,11,10,7,5
"9035","G0904","G0904_05","inactive",23,24,22,15,32,11,23,18
"9036","G0904","G0904_06","inactive",2,15,3,3,11,11,8,8
"9037","G0904","G0904_07","inactive",3,7,5,6,12,6,4,0
"9038","G0904","G0904_08","inactive",9,17,8,15,17,17,13,4
"9039","G0904","G0904_09","inactive",13,16,11,7,11,9,14,12
"9040","G0904","G0904_10","inactive",1,7,2,3,5,5,5,5
"9041","G0905","G0905_01","inactive",4,12,7,2,7,6,5,4
"9042","G0905","G0905_02","inactive",4,13,7,10,13,11,4,4
"9043","G0905","G0905_03","inactive",3,1,0,0,1,1,2,0
"9044","G0905","G0905_04","inactive",3,5,4,2,7,2,2,4
"9045","G0905","G0905_05","inactive",3,15,5,2,1,7,5,4
"9046","G0905","G0905_06","inactive",5,4,3,4,5,0,6,7
"9047","G0905","G0905_07","inactive",7,22,13,9,7,8,13,6
"9048","G0905","G0905_08","inactive",14,23,12,11,14,15,14,5
"9049","G0905","G0905_09","inactive",4,1,2,3,7,2,0,5
"9050","G0905","G0905_10","inactive",12,45,23,29,28,29,17,18
"9051","G0906","G0906_01","inactive",11,34,19,13,12,29,19,19
"9052","G0906","G0906_02","inactive",3,20,5,5,11,13,6,7
"9053","G0906","G0906_03","inactive",10,10,4,6,10,18,12,10
"9054","G0906","G0906_04","inactive",2,3,3,1,8,3,5,1
"9055","G0906","G0906_05","inactive",4,8,1,4,5,3,2,3
"9056","G0906","G0906_06","inactive",4,13,5,5,11,11,2,6
"9057","G0906","G0906_07","inactive",4,12,9,11,6,9,9,5
"9058","G0906","G0906_08","inactive",14,19,8,11,19,22,17,13
"9059","G0906","G0906_09","inactive",6,13,6,3,6,10,5,4
"9060","G0906","G0906_10","inactive",2,13,6,5,6,9,12,5
"9061","G0907","G0907_01","inactive",5,11,6,2,4,4,5,2
"9062","G0907","G0907_02","inactive",12,14,11,9,9,6,15,11
"9063","G0907","G0907_03","inactive",13,13,19,9,10,9,18,10
"9064","G0907","G0907_04","inactive",2,22,13,9,5,7,26,11
"9065","G0907","G0907_05","inactive",9,17,9,18,21,15,21,9
"9066","G0907","G0907_06","inactive",5,4,6,10,9,15,3,7
"9067","G0907","G0907_07","inactive",1,2,2,3,1,0,2,0
"9068","G0907","G0907_08","inactive",6,4,1,3,4,0,1,1
"9069","G0907","G0907_09","inactive",7,9,4,6,9,6,7,3
"9070","G0907","G0907_10","inactive",3,8,9,2,8,7,7,3
"9071","G0908","G0908_01","inactive",6,9,4,2,16,5,13,7
"9072","G0908","G0908_02","inactive",46,65,51,33,53,56,61,34
"9073","G0908","G0908_03","inactive",12,19,14,6,17,14,19,9
"9074","G0908","G0908_04","inactive",7,22,10,3,4,5,15,1
"9075","G0908","G0908_05","inactive",1,3,2,4,14,4,7,2
"9076","G0908","G0908_06","inactive",2,10,1,2,3,8,2,2
"9077","G0908","G0908_07","inactive",5,15,4,8,11,11,7,5
"9078","G0908","G0908_08","inactive",5,18,8,10,7,19,15,13
"9079","G0908","G0908_09","inactive",1,16,8,4,3,17,6,5
"9080","G0908","G0908_10","inactive",5,26,14,16,20,20,13,19
"9081","G0909","G0909_01","inactive",5,14,18,8,5,24,19,11
"9082","G0909","G0909_02","inactive",7,18,3,9,8,9,10,8
"9083","G0909","G0909_03","inactive",5,5,10,4,8,10,7,7
"9084","G0909","G0909_04","inactive",7,14,2,4,12,5,5,5
"9085","G0909","G0909_05","inactive",3,17,7,1,10,18,15,0
"9086","G0909","G0909_06","inactive",7,8,6,2,14,3,6,3
"9087","G0909","G0909_07","inactive",0,14,7,10,10,10,13,11
"9088","G0909","G0909_08","inactive",14,27,19,15,32,13,17,18
"9089","G0909","G0909_09","inactive",0,0,1,5,1,4,0,3
"9090","G0909","G0909_10","inactive",7,9,11,8,10,9,5,7
"9091","G0910","G0910_01","inactive",2,1,11,2,10,4,13,7
"9092","G0910","G0910_02","inactive",38,51,35,43,40,44,42,49
"9093","G0910","G0910_03","inactive",4,11,12,6,20,11,12,6
"9094","G0910","G0910_04","inactive",9,11,9,9,6,14,9,3
"9095","G0910","G0910_05","inactive",20,39,32,29,31,27,24,32
"9096","G0910","G0910_06","inactive",11,7,7,7,9,10,8,4
"9097","G0910","G0910_07","inactive",28,55,33,23,49,48,37,25
"9098","G0910","G0910_08","inactive",26,51,35,29,38,33,38,21
"9099","G0910","G0910_09","inactive",1,3,1,3,3,3,3,6
"9100","G0910","G0910_10","inactive",29,66,48,22,42,49,50,27
"9101","G0911","G0911_01","inactive",1,10,2,1,0,8,4,4
"9102","G0911","G0911_02","inactive",7,17,11,9,12,11,7,6
"9103","G0911","G0911_03","inactive",4,6,4,3,6,2,3,3
"9104","G0911","G0911_04","inactive",10,21,10,7,24,16,6,16
"9105","G0911","G0911_05","inactive",2,3,0,5,5,1,1,4
"9106","G0911","G0911_06","inactive",2,8,2,3,2,5,7,4
"9107","G0911","G0911_07","inactive",9,19,6,17,8,7,1,9
"9108","G0911","G0911_08","inactive",9,27,17,9,12,15,8,10
"9109","G0911","G0911_09","inactive",11,23,14,13,8,29,9,17
"9110","G0911","G0911_10","inactive",7,4,5,2,5,6,4,4
"9111","G0912","G0912_01","inactive",4,6,8,1,4,6,3,5
"9112","G0912","G0912_02","inactive",7,10,13,9,11,5,11,8
"9113","G0912","G0912_03","inactive",3,6,1,3,2,4,3,3
"9114","G0912","G0912_04","inactive",10,11,6,1,6,5,6,0
"9115","G0912","G0912_05","inactive",3,19,16,13,6,27,19,17
"9116","G0912","G0912_06","inactive",6,4,12,9,11,7,13,5
"9117","G0912","G0912_07","inactive",10,9,14,17,14,10,10,14
"9118","G0912","G0912_08","inactive",10,10,24,13,28,13,21,15
"9119","G0912","G0912_09","inactive",2,2,2,6,4,4,3,11
"9120","G0912","G0912_10","inactive",2,13,2,4,13,9,8,4
"9121","G0913","G0913_01","increasing",5,15,21,8,17,17,35,19
"9122","G0913","G0913_02","increasing",6,8,9,2,15,8,10,3
"9123","G0913","G0913_03","increasing",6,9,5,4,12,14,12,6
"9124","G0913","G0913_04","increasing",7,15,14,4,15,25,13,9
"9125","G0913","G0913_05","increasing",4,9,7,9,6,11,17,11
"9126","G0913","G0913_06","increasing",4,15,8,6,12,29,15,25
"9127","G0913","G0913_07","increasing",5,15,8,12,3,7,5,7
"9128","G0913","G0913_08","increasing",6,8,5,2,9,10,3,9
"9129","G0913","G0913_09","increasing",7,7,6,12,13,7,25,13
"9130","G0913","G0913_10","increasing",0,5,3,2,1,13,2,2
"9131","G0914","G0914_01","inactive",12,26,11,18,22,18,17,30
"9132","G0914","G0914_02","inactive",13,44,23,26,18,30,26,23
"9133","G0914","G0914_03","inactive",11,26,19,10,28,19,17,11
"9134","G0914","G0914_04","inactive",9,12,21,19,10,12,26,9
"9135","G0914","G0914_05","inactive",5,6,10,4,7,5,7,1
"9136","G0914","G0914_06","inactive",3,19,12,8,5,14,16,10
"9137","G0914","G0914_07","inactive",5,19,14,9,10,18,9,11
"9138","G0914","G0914_08","inactive",15,21,7,5,24,14,15,6
"9139","G0914","G0914_09","inactive",3,28,7,13,10,11,6,14
"9140","G0914","G0914_10","inactive",4,4,3,6,8,6,3,8
"9141","G0915","G0915_01","inactive",16,35,21,18,24,34,30,26
"9142","G0915","G0915_02","inactive",7,12,8,11,5,7,2,10
"9143","G0915","G0915_03","inactive",17,28,22,15,16,20,28,14
"9144","G0915","G0915_04","inactive",22,34,32,21,28,38,33,34
"9145","G0915","G0915_05","inactive",5,8,4,11,11,7,2,14
"9146","G0915","G0915_06","inactive",5,4,1,1,5,2,3,4
"9147","G0915","G0915_07","inactive",12,7,9,2,3,5,6,4
"9148","G0915","G0915_08","inactive",4,8,3,2,5,3,10,3
"9149","G0915","G0915_09","inactive",3,11,11,11,6,14,23,9
"9150","G0915","G0915_10","inactive",12,6,2,7,9,4,12,8
"9151","G0916","G0916_01","inactive",1,2,2,0,3,2,1,0
"9152","G0916","G0916_02","inactive",25,29,22,24,43,39,32,41
"9153","G0916","G0916_03","inactive",31,57,40,24,57,34,35,28
"9154","G0916","G0916_04","inactive",2,9,4,6,7,18,6,5
"9155","G0916","G0916_05","inactive",10,26,17,9,14,11,22,8
"9156","G0916","G0916_06","inactive",2,6,7,6,4,4,7,8
"9157","G0916","G0916_07","inactive",4,10,20,13,2,6,22,11
"9158","G0916","G0916_08","inactive",13,18,19,4,22,15,13,8
"9159","G0916","G0916_09","inactive",16,18,13,15,27,11,21,9
"9160","G0916","G0916_10","inactive",12,17,14,13,16,8,31,12
"9161","G0917","G0917_01","inactive",7,18,15,13,10,11,11,15
"9162","G0917","G0917_02","inactive",7,14,14,3,7,10,14,13
"9163","G0917","G0917_03","inactive",5,17,11,15,7,11,10,14
"9164","G0917","G0917_04","inactive",8,11,4,4,9,2,5,2
"9165","G0917","G0917_05","inactive",8,14,9,8,16,16,14,7
"9166","G0917","G0917_06","inactive",10,23,13,19,27,12,12,11
"9167","G0917","G0917_07","inactive",2,4,3,3,0,0,4,4
"9168","G0917","G0917_08","inactive",8,19,8,12,16,12,8,6
"9169","G0917","G0917_09","inactive",9,9,8,4,13,4,9,5
"9170","G0917","G0917_10","inactive",13,19,5,3,15,17,2,9
"9171","G0918","G0918_01","inactive",5,18,10,4,9,4,12,4
"9172","G0918","G0918_02","inactive",14,41,17,26,28,28,26,23
"9173","G0918","G0918_03","inactive",4,17,6,5,6,6,5,10
"9174","G0918","G0918_04","inactive",11,30,9,10,22,18,20,16
"9175","G0918","G0918_05","inactive",9,34,24,23,14,36,18,23
"9176","G0918","G0918_06","inactive",11,6,6,14,14,3,6,11
"9177","G0918","G0918_07","inactive",4,0,12,4,6,0,7,4
"9178","G0918","G0918_08","inactive",6,20,15,9,20,17,14,15
"9179","G0918","G0918_09","inactive",9,21,27,18,12,20,12,14
"9180","G0918","G0918_10","inactive",21,40,15,24,39,19,21,15
"9181","G0919","G0919_01","inactive",16,36,13,10,9,15,15,21
"9182","G0919","G0919_02","inactive",9,18,7,10,8,10,8,12
"9183","G0919","G0919_03","inactive",0,4,4,10,2,6,2,10
"9184","G0919","G0919_04","inactive",0,1,3,3,2,0,2,0
"9185","G0919","G0919_05","inactive",10,24,12,7,9,20,16,6
"9186","G0919","G0919_06","inactive",2,7,4,4,0,4,7,1
"9187","G0919","G0919_07","inactive",2,8,5,0,6,5,7,4
"9188","G0919","G0919_08","inactive",7,11,9,9,11,10,10,5
"9189","G0919","G0919_09","inactive",33,57,27,25,44,45,28,31
"9190","G0919","G0919_10","inactive",3,10,3,2,6,4,3,0
"9191","G0920","G0920_01","inactive",42,68,53,34,79,51,49,32
"9192","G0920","G0920_02","inactive",2,7,4,4,4,1,6,5
"9193","G0920","G0920_03","inactive",14,14,11,20,12,10,16,19
"9194","G0920","G0920_04","inactive",5,7,4,5,3,8,4,10
"9195","G0920","G0920_05","inactive",3,7,11,4,9,5,2,10
"9196","G0920","G0920_06","inactive",6,10,8,6,3,14,12,8
"9197","G0920","G0920_07","inactive",0,18,4,6,4,15,7,6
"9198","G0920","G0920_08","inactive",7,38,24,12,22,19,19,21
"9199","G0920","G0920_09","inactive",1,7,3,2,5,5,2,3
"9200","G0920","G0920_10","inactive",20,25,14,15,19,20,18,4
"9201","G0921","G0921_01","inactive",5,24,3,6,10,19,6,7
"9202","G0921","G0921_02","inactive",10,15,9,6,10,5,6,4
"9203","G0921","G0921_03","inactive",13,29,32,8,20,13,19,11
"9204","G0921","G0921_04","inactive",9,25,9,15,28,33,10,21
"9205","G0921","G0921_05","inactive",5,2,3,5,1,5,0,2
"9206","G0921","G0921_06","inactive",14,26,14,9,32,22,19,8
"9207","G0921","G0921_07","inactive",2,10,5,1,9,4,5,3
"9208","G0921","G0921_08","inactive",2,13,5,9,1,7,6,12
"9209","G0921","G0921_09","inactive",14,63,37,19,26,55,43,31
"9210","G0921","G0921_10","inactive",1,4,0,4,3,7,5,2
"9211","G0922","G0922_01","negcontrol",15,18,21,16,25,12,18,14
"9212","G0922","G0922_02","negcontrol",3,2,4,4,5,2,5,4
"9213","G0922","G0922_03","negcontrol",1,3,4,1,8,3,5,0
"9214","G0922","G0922_04","negcontrol",10,11,13,3,12,4,7,7
"9215","G0922","G0922_05","negcontrol",6,26,8,10,10,15,9,15
"9216","G0922","G0922_06","negcontrol",6,8,4,7,8,8,6,6
"9217","G0922","G0922_07","negcontrol",19,30,22,31,19,38,23,34
"9218","G0922","G0922_08","negcontrol",10,25,19,11,13,26,10,24
"9219","G0922","G0922_09","negcontrol",4,7,9,1,4,9,6,3
"9220","G0922","G0922_10","negcontrol",5,5,1,9,9,6,3,2
"9221","G0923","G0923_01","inactive",16,39,30,18,15,36,24,18
"9222","G0923","G0923_02","inactive",9,24,12,11,11,19,22,10
"9223","G0923","G0923_03","inactive",21,54,34,22,42,38,45,26
"9224","G0923","G0923_04","inactive",1,12,1,5,15,4,6,6
"9225","G0923","G0923_05","inactive",3,9,9,5,8,6,5,3
"9226","G0923","G0923_06","inactive",5,9,14,6,8,11,9,7
"9227","G0923","G0923_07","inactive",17,37,21,19,21,18,19,27
"9228","G0923","G0923_08","inactive",1,4,2,0,2,2,0,1
"9229","G0923","G0923_09","inactive",1,10,4,1,4,4,8,2
"9230","G0923","G0923_10","inactive",28,50,33,24,38,42,38,31
"9231","G0924","G0924_01","inactive",4,2,1,3,0,2,0,2
"9232","G0924","G0924_02","inactive",2,4,5,2,7,5,1,2
"9233","G0924","G0924_03","inactive",0,7,6,2,3,4,4,0
"9234","G0924","G0924_04","inactive",15,25,18,23,12,22,23,22
"9235","G0924","G0924_05","inactive",4,6,10,9,9,6,8,8
"9236","G0924","G0924_06","inactive",0,5,6,8,3,9,4,8
"9237","G0924","G0924_07","inactive",3,7,4,6,6,2,8,10
"9238","G0924","G0924_08","inactive",16,17,9,17,19,13,16,23
"9239","G0924","G0924_09","inactive",14,15,17,18,19,9,13,6
"9240","G0924","G0924_10","inactive",5,16,11,15,12,13,11,18
"9241","G0925","G0925_01","inactive",14,22,17,18,32,14,19,22
"9242","G0925","G0925_02","inactive",7,8,7,5,4,6,4,4
"9243","G0925","G0925_03","inactive",5,16,11,11,4,15,8,12
"9244","G0925","G0925_04","inactive",29,42,20,25,37,38,25,21
"9245","G0925","G0925_05","inactive",12,13,14,20,16,24,27,12
"9246","G0925","G0925_06","inactive",2,17,6,3,4,10,8,1
"9247","G0925","G0925_07","inactive",0,6,1,5,1,7,1,9
"9248","G0925","G0925_08","inactive",5,39,22,17,26,25,15,21
"9249","G0925","G0925_09","inactive",1,3,4,5,5,3,6,5
"9250","G0925","G0925_10","inactive",1,9,4,8,3,8,10,3
"9251","G0926","G0926_01","decreasing",3,9,4,8,2,1,1,1
"9252","G0926","G0926_02","decreasing",16,47,42,33,14,26,23,11
"9253","G0926","G0926_03","decreasing",9,5,9,1,6,1,5,1
"9254","G0926","G0926_04","decreasing",9,25,33,14,8,9,15,6
"9255","G0926","G0926_05","decreasing",0,1,4,1,2,1,2,2
"9256","G0926","G0926_06","decreasing",15,17,18,13,17,1,8,5
"9257","G0926","G0926_07","decreasing",16,11,24,14,18,13,7,6
"9258","G0926","G0926_08","decreasing",3,18,9,9,2,1,9,3
"9259","G0926","G0926_09","decreasing",3,9,6,5,3,3,2,2
"9260","G0926","G0926_10","decreasing",10,9,2,1,5,1,1,0
"9261","G0927","G0927_01","decreasing",13,23,13,13,12,11,9,7
"9262","G0927","G0927_02","decreasing",7,17,17,13,13,5,10,8
"9263","G0927","G0927_03","decreasing",13,17,24,10,12,9,17,14
"9264","G0927","G0927_04","decreasing",12,13,3,9,11,8,8,4
"9265","G0927","G0927_05","decreasing",3,17,0,5,4,7,1,2
"9266","G0927","G0927_06","decreasing",8,23,17,14,9,17,7,11
"9267","G0927","G0927_07","decreasing",13,17,17,16,18,8,10,12
"9268","G0927","G0927_08","decreasing",6,14,3,5,6,7,6,5
"9269","G0927","G0927_09","decreasing",14,43,8,9,19,17,6,4
"9270","G0927","G0927_10","decreasing",23,43,18,28,16,25,12,14
"9271","G0928","G0928_01","inactive",9,35,15,9,14,19,9,9
"9272","G0928","G0928_02","inactive",2,9,3,6,4,14,3,2
"9273","G0928","G0928_03","inactive",9,15,22,21,15,15,23,25
"9274","G0928","G0928_04","inactive",0,13,9,6,11,18,10,5
"9275","G0928","G0928_05","inactive",3,4,0,3,1,1,0,3
"9276","G0928","G0928_06","inactive",17,20,5,7,14,19,14,13
"9277","G0928","G0928_07","inactive",5,4,5,1,3,5,5,3
"9278","G0928","G0928_08","inactive",11,25,26,20,30,27,35,26
"9279","G0928","G0928_09","inactive",7,3,4,10,16,6,13,2
"9280","G0928","G0928_10","inactive",3,25,15,7,7,12,11,9
"9281","G0929","G0929_01","inactive",1,6,0,2,1,2,0,2
"9282","G0929","G0929_02","inactive",1,0,2,5,8,5,2,2
"9283","G0929","G0929_03","inactive",8,34,26,10,15,28,26,17
"9284","G0929","G0929_04","inactive",6,11,13,7,8,11,14,12
"9285","G0929","G0929_05","inactive",8,24,29,18,17,15,26,16
"9286","G0929","G0929_06","inactive",9,8,5,4,10,7,10,7
"9287","G0929","G0929_07","inactive",46,84,61,56,61,55,63,35
"9288","G0929","G0929_08","inactive",14,23,13,15,19,14,14,9
"9289","G0929","G0929_09","inactive",2,5,6,3,8,4,6,6
"9290","G0929","G0929_10","inactive",12,32,14,12,35,19,30,11
"9291","G0930","G0930_01","inactive",2,11,10,11,10,8,11,3
"9292","G0930","G0930_02","inactive",8,9,5,2,3,6,6,6
"9293","G0930","G0930_03","inactive",3,8,3,9,4,5,1,5
"9294","G0930","G0930_04","inactive",2,5,7,5,2,8,4,8
"9295","G0930","G0930_05","inactive",7,23,20,12,20,14,13,11
"9296","G0930","G0930_06","inactive",1,2,1,0,0,2,0,3
"9297","G0930","G0930_07","inactive",5,8,6,7,10,4,5,4
"9298","G0930","G0930_08","inactive",8,22,12,8,11,22,14,10
"9299","G0930","G0930_09","inactive",25,57,54,31,63,51,42,35
"9300","G0930","G0930_10","inactive",1,3,10,7,3,6,8,10
"9301","G0931","G0931_01","inactive",4,4,4,3,1,4,3,3
"9302","G0931","G0931_02","inactive",52,78,41,44,81,58,43,49
"9303","G0931","G0931_03","inactive",20,24,17,16,10,10,23,14
"9304","G0931","G0931_04","inactive",6,10,5,6,10,10,4,10
"9305","G0931","G0931_05","inactive",13,10,10,1,14,6,8,3
"9306","G0931","G0931_06","inactive",15,25,15,16,16,21,18,14
"9307","G0931","G0931_07","inactive",5,6,2,3,4,3,6,6
"9308","G0931","G0931_08","inactive",4,6,11,4,8,9,11,3
"9309","G0931","G0931_09","inactive",24,31,39,20,35,27,34,29
"9310","G0931","G0931_10","inactive",0,2,1,0,1,8,3,2
"9311","G0932","G0932_01","inactive",45,72,60,48,73,55,63,38
"9312","G0932","G0932_02","inactive",3,9,4,5,6,1,8,7
"9313","G0932","G0932_03","inactive",8,3,12,6,7,3,20,4
"9314","G0932","G0932_04","inactive",12,12,6,9,13,11,12,3
"9315","G0932","G0932_05","inactive",7,27,9,7,8,20,4,14
"9316","G0932","G0932_06","inactive",19,16,16,12,19,21,35,19
"9317","G0932","G0932_07","inactive",15,20,8,9,23,23,5,21
"9318","G0932","G0932_08","inactive",22,35,13,8,27,22,11,13
"9319","G0932","G0932_09","inactive",3,10,10,6,11,14,20,6
"9320","G0932","G0932_10","inactive",6,2,6,1,6,2,6,5
"9321","G0933","G0933_01","negcontrol",17,11,13,19,18,13,14,13
"9322","G0933","G0933_02","negcontrol",4,7,6,7,4,8,10,10
"9323","G0933","G0933_03","negcontrol",10,24,22,16,14,11,18,13
"9324","G0933","G0933_04","negcontrol",6,17,5,5,18,6,15,8
"9325","G0933","G0933_05","negcontrol",16,35,23,7,18,22,16,13
"9326","G0933","G0933_06","negcontrol",6,20,10,7,18,9,5,8
"9327","G0933","G0933_07","negcontrol",4,8,3,10,11,16,3,9
"9328","G0933","G0933_08","negcontrol",6,9,12,3,16,13,6,4
"9329","G0933","G0933_09","negcontrol",0,15,3,10,2,5,3,5
"9330","G0933","G0933_10","negcontrol",27,36,30,21,47,40,33,21
"9331","G0934","G0934_01","decreasing",8,18,11,14,9,11,5,19
"9332","G0934","G0934_02","decreasing",12,10,12,15,8,7,3,2
"9333","G0934","G0934_03","decreasing",12,13,14,9,8,7,11,10
"9334","G0934","G0934_04","decreasing",15,43,15,16,8,13,13,10
"9335","G0934","G0934_05","decreasing",10,12,15,12,3,6,7,4
"9336","G0934","G0934_06","decreasing",1,5,5,0,7,4,7,3
"9337","G0934","G0934_07","decreasing",15,19,17,15,20,5,9,5
"9338","G0934","G0934_08","decreasing",12,17,6,6,12,3,4,6
"9339","G0934","G0934_09","decreasing",3,4,9,2,2,3,3,8
"9340","G0934","G0934_10","decreasing",24,38,50,25,24,25,23,16
"9341","G0935","G0935_01","inactive",17,13,20,15,20,25,16,18
"9342","G0935","G0935_02","inactive",3,8,1,8,2,6,7,6
"9343","G0935","G0935_03","inactive",9,19,9,4,21,5,7,7
"9344","G0935","G0935_04","inactive",9,23,13,14,20,21,21,24
"9345","G0935","G0935_05","inactive",7,14,7,4,4,10,7,2
"9346","G0935","G0935_06","inactive",5,17,4,7,11,8,5,11
"9347","G0935","G0935_07","inactive",8,16,11,17,16,16,7,12
"9348","G0935","G0935_08","inactive",6,14,8,4,11,12,4,6
"9349","G0935","G0935_09","inactive",6,14,13,7,15,15,12,8
"9350","G0935","G0935_10","inactive",17,34,18,20,25,30,23,17
"9351","G0936","G0936_01","inactive",5,9,1,2,2,4,1,1
"9352","G0936","G0936_02","inactive",6,13,6,10,12,7,10,7
"9353","G0936","G0936_03","inactive",13,19,12,11,22,26,12,23
"9354","G0936","G0936_04","inactive",3,4,3,3,4,5,3,1
"9355","G0936","G0936_05","inactive",5,28,16,7,9,22,10,10
"9356","G0936","G0936_06","inactive",3,14,7,3,6,15,3,6
"9357","G0936","G0936_07","inactive",4,16,14,8,5,15,10,16
"9358","G0936","G0936_08","inactive",7,23,14,12,11,16,16,22
"9359","G0936","G0936_09","inactive",21,23,33,24,39,19,38,29
"9360","G0936","G0936_10","inactive",24,26,32,12,23,12,27,14
"9361","G0937","G0937_01","inactive",6,1,6,6,7,1,9,9
"9362","G0937","G0937_02","inactive",8,12,3,0,2,6,2,0
"9363","G0937","G0937_03","inactive",5,7,7,2,5,8,4,3
"9364","G0937","G0937_04","inactive",14,26,10,12,13,22,16,16
"9365","G0937","G0937_05","inactive",1,6,2,3,2,5,2,6
"9366","G0937","G0937_06","inactive",6,7,2,3,6,3,3,3
"9367","G0937","G0937_07","inactive",13,25,25,19,27,18,19,21
"9368","G0937","G0937_08","inactive",5,16,15,9,15,15,8,11
"9369","G0937","G0937_09","inactive",4,16,4,4,5,13,6,4
"9370","G0937","G0937_10","inactive",8,9,11,6,15,5,14,12
"9371","G0938","G0938_01","inactive",3,12,10,4,5,12,10,7
"9372","G0938","G0938_02","inactive",5,11,5,1,12,11,5,4
"9373","G0938","G0938_03","inactive",2,24,11,14,6,16,10,14
"9374","G0938","G0938_04","inactive",1,4,3,3,4,9,5,4
"9375","G0938","G0938_05","inactive",6,5,1,3,1,5,1,3
"9376","G0938","G0938_06","inactive",25,43,24,20,22,32,26,28
"9377","G0938","G0938_07","inactive",6,2,4,3,10,8,7,0
"9378","G0938","G0938_08","inactive",0,5,1,2,1,5,3,2
"9379","G0938","G0938_09","inactive",7,29,18,35,33,23,26,34
"9380","G0938","G0938_10","inactive",17,29,26,6,22,22,17,13
"9381","G0939","G0939_01","negcontrol",2,17,3,8,16,15,8,11
"9382","G0939","G0939_02","negcontrol",25,25,34,17,49,33,23,14
"9383","G0939","G0939_03","negcontrol",4,5,3,6,5,6,5,3
"9384","G0939","G0939_04","negcontrol",1,4,10,5,10,2,10,6
"9385","G0939","G0939_05","negcontrol",11,20,6,6,8,10,6,14
"9386","G0939","G0939_06","negcontrol",8,7,3,5,13,7,12,8
"9387","G0939","G0939_07","negcontrol",7,13,6,7,10,8,7,9
"9388","G0939","G0939_08","negcontrol",10,11,12,13,13,14,20,13
"9389","G0939","G0939_09","negcontrol",11,12,16,19,9,10,10,8
"9390","G0939","G0939_10","negcontrol",2,7,1,3,4,4,12,3
"9391","G0940","G0940_01","inactive",4,5,6,3,9,4,11,6
"9392","G0940","G0940_02","inactive",2,1,3,3,5,1,6,2
"9393","G0940","G0940_03","inactive",11,8,7,3,14,7,9,11
"9394","G0940","G0940_04","inactive",1,15,13,4,4,9,10,11
"9395","G0940","G0940_05","inactive",4,15,9,14,8,19,6,7
"9396","G0940","G0940_06","inactive",17,37,26,28,30,28,26,25
"9397","G0940","G0940_07","inactive",11,6,9,6,10,14,17,10
"9398","G0940","G0940_08","inactive",1,7,6,7,0,4,8,7
"9399","G0940","G0940_09","inactive",6,19,20,15,11,9,17,22
"9400","G0940","G0940_10","inactive",8,15,12,6,10,10,17,0
"9401","G0941","G0941_01","inactive",27,25,26,14,38,25,37,30
"9402","G0941","G0941_02","inactive",4,11,4,5,5,13,8,6
"9403","G0941","G0941_03","inactive",1,0,2,3,3,2,2,2
"9404","G0941","G0941_04","inactive",4,14,4,10,13,7,8,7
"9405","G0941","G0941_05","inactive",2,13,5,0,5,4,8,0
"9406","G0941","G0941_06","inactive",6,11,13,8,12,18,14,6
"9407","G0941","G0941_07","inactive",0,2,1,3,0,6,2,2
"9408","G0941","G0941_08","inactive",36,30,29,34,49,21,34,29
"9409","G0941","G0941_09","inactive",0,2,6,0,4,4,5,3
"9410","G0941","G0941_10","inactive",13,35,6,6,12,23,8,9
"9411","G0942","G0942_01","inactive",7,17,14,4,7,15,11,10
"9412","G0942","G0942_02","inactive",18,26,24,24,17,28,23,27
"9413","G0942","G0942_03","inactive",12,10,18,13,8,10,15,8
"9414","G0942","G0942_04","inactive",9,8,10,19,11,8,10,10
"9415","G0942","G0942_05","inactive",5,18,11,5,5,9,4,9
"9416","G0942","G0942_06","inactive",7,5,2,9,14,6,10,6
"9417","G0942","G0942_07","inactive",2,16,12,5,9,9,22,2
"9418","G0942","G0942_08","inactive",10,27,15,18,20,17,27,14
"9419","G0942","G0942_09","inactive",7,16,10,7,11,16,6,8
"9420","G0942","G0942_10","inactive",17,32,36,18,28,32,33,23
"9421","G0943","G0943_01","inactive",4,8,6,6,6,6,5,6
"9422","G0943","G0943_02","inactive",5,18,9,6,15,9,6,9
"9423","G0943","G0943_03","inactive",5,32,6,7,11,26,11,12
"9424","G0943","G0943_04","inactive",11,20,15,7,13,14,10,12
"9425","G0943","G0943_05","inactive",8,29,10,12,16,23,14,10
"9426","G0943","G0943_06","inactive",7,10,13,11,11,6,11,4
"9427","G0943","G0943_07","inactive",22,37,32,19,40,45,42,22
"9428","G0943","G0943_08","inactive",14,26,24,24,20,26,38,21
"9429","G0943","G0943_09","inactive",1,6,0,8,0,1,3,6
"9430","G0943","G0943_10","inactive",6,12,8,4,6,11,18,11
"9431","G0944","G0944_01","inactive",2,3,3,1,8,3,10,11
"9432","G0944","G0944_02","inactive",16,46,31,25,36,39,25,29
"9433","G0944","G0944_03","inactive",18,28,12,10,16,25,17,5
"9434","G0944","G0944_04","inactive",13,26,18,13,13,20,21,16
"9435","G0944","G0944_05","inactive",6,12,7,3,6,10,8,8
"9436","G0944","G0944_06","inactive",2,5,3,1,2,9,3,6
"9437","G0944","G0944_07","inactive",1,10,3,5,5,7,5,6
"9438","G0944","G0944_08","inactive",22,25,26,12,23,32,27,23
"9439","G0944","G0944_09","inactive",6,13,7,2,11,7,10,2
"9440","G0944","G0944_10","inactive",0,2,10,5,0,4,7,9
"9441","G0945","G0945_01","inactive",7,13,5,4,10,10,5,2
"9442","G0945","G0945_02","inactive",1,1,3,2,1,1,4,3
"9443","G0945","G0945_03","inactive",5,2,3,1,4,1,4,0
"9444","G0945","G0945_04","inactive",6,7,6,0,8,12,4,6
"9445","G0945","G0945_05","inactive",8,23,10,16,9,14,8,9
"9446","G0945","G0945_06","inactive",15,14,18,12,15,27,14,12
"9447","G0945","G0945_07","inactive",6,13,7,4,10,8,14,5
"9448","G0945","G0945_08","inactive",5,3,3,3,7,5,2,1
"9449","G0945","G0945_09","inactive",6,20,17,8,28,23,17,12
"9450","G0945","G0945_10","inactive",4,12,14,16,23,18,9,16
"9451","G0946","G0946_01","increasing",6,7,9,14,17,14,21,15
"9452","G0946","G0946_02","increasing",1,15,6,11,24,21,15,9
"9453","G0946","G0946_03","increasing",18,33,28,25,46,36,34,39
"9454","G0946","G0946_04","increasing",8,9,11,8,13,22,11,11
"9455","G0946","G0946_05","increasing",6,3,4,4,15,8,4,2
"9456","G0946","G0946_06","increasing",3,4,9,3,12,4,18,3
"9457","G0946","G0946_07","increasing",4,14,4,4,14,16,11,12
"9458","G0946","G0946_08","increasing",25,36,40,28,57,51,55,56
"9459","G0946","G0946_09","increasing",6,18,11,11,26,22,24,9
"9460","G0946","G0946_10","increasing",10,17,4,6,12,8,8,7
"9461","G0947","G0947_01","inactive",0,1,0,2,1,0,1,2
"9462","G0947","G0947_02","inactive",9,22,15,12,9,13,14,9
"9463","G0947","G0947_03","inactive",10,10,0,4,13,7,5,11
"9464","G0947","G0947_04","inactive",1,2,2,4,5,0,5,2
"9465","G0947","G0947_05","inactive",9,18,25,16,23,17,37,22
"9466","G0947","G0947_06","inactive",2,8,8,2,3,5,11,1
"9467","G0947","G0947_07","inactive",3,2,1,2,11,2,2,8
"9468","G0947","G0947_08","inactive",8,9,20,15,9,6,6,9
"9469","G0947","G0947_09","inactive",10,12,16,5,9,11,11,14
"9470","G0947","G0947_10","inactive",13,11,6,14,16,12,7,11
"9471","G0948","G0948_01","decreasing",21,32,29,19,14,15,20,17
"9472","G0948","G0948_02","decreasing",5,14,13,7,7,6,6,7
"9473","G0948","G0948_03","decreasing",2,4,9,3,1,2,6,1
"9474","G0948","G0948_04","decreasing",4,5,4,8,3,7,3,5
"9475","G0948","G0948_05","decreasing",5,26,13,13,6,11,11,9
"9476","G0948","G0948_06","decreasing",6,23,7,14,10,12,6,10
"9477","G0948","G0948_07","decreasing",5,9,5,8,9,13,12,6
"9478","G0948","G0948_08","decreasing",4,10,7,12,5,3,8,1
"9479","G0948","G0948_09","decreasing",8,0,0,0,3,0,0,1
"9480","G0948","G0948_10","decreasing",11,24,16,21,12,5,10,6
"9481","G0949","G0949_01","negcontrol",4,7,9,9,8,11,8,4
"9482","G0949","G0949_02","negcontrol",6,9,14,10,8,7,8,10
"9483","G0949","G0949_03","negcontrol",4,8,1,2,2,5,10,2
"9484","G0949","G0949_04","negcontrol",1,14,7,4,11,10,3,10
"9485","G0949","G0949_05","negcontrol",8,17,3,4,9,13,7,6
"9486","G0949","G0949_06","negcontrol",5,22,6,2,10,11,4,4
"9487","G0949","G0949_07","negcontrol",4,5,6,9,9,6,7,4
"9488","G0949","G0949_08","negcontrol",4,6,8,5,14,9,6,8
"9489","G0949","G0949_09","negcontrol",7,16,2,4,11,12,7,2
"9490","G0949","G0949_10","negcontrol",14,16,13,13,19,21,12,15
"9491","G0950","G0950_01","inactive",15,8,12,5,8,8,15,5
"9492","G0950","G0950_02","inactive",3,8,3,4,8,3,3,7
"9493","G0950","G0950_03","inactive",32,77,57,33,64,52,60,53
"9494","G0950","G0950_04","inactive",3,12,7,10,9,8,9,5
"9495","G0950","G0950_05","inactive",3,3,2,7,7,5,2,4
"9496","G0950","G0950_06","inactive",7,2,6,1,8,7,1,0
"9497","G0950","G0950_07","inactive",11,40,19,15,29,19,19,15
"9498","G0950","G0950_08","inactive",1,14,4,6,5,3,3,5
"9499","G0950","G0950_09","inactive",10,4,5,8,7,2,8,1
"9500","G0950","G0950_10","inactive",22,42,32,33,34,26,32,27
"9501","G0951","G0951_01","inactive",1,11,5,5,5,9,5,6
"9502","G0951","G0951_02","inactive",4,1,7,1,6,1,2,3
"9503","G0951","G0951_03","inactive",0,1,1,1,1,3,8,5
"9504","G0951","G0951_04","inactive",20,18,31,25,22,21,30,19
"9505","G0951","G0951_05","inactive",22,31,33,22,35,39,35,26
"9506","G0951","G0951_06","inactive",2,11,4,10,10,5,3,4
"9507","G0951","G0951_07","inactive",6,17,19,10,13,11,10,10
"9508","G0951","G0951_08","inactive",8,10,14,11,14,11,9,7
"9509","G0951","G0951_09","inactive",9,8,6,1,11,13,3,7
"9510","G0951","G0951_10","inactive",8,11,14,4,13,3,9,9
"9511","G0952","G0952_01","inactive",19,36,20,13,30,25,27,23
"9512","G0952","G0952_02","inactive",7,16,14,6,10,5,5,4
"9513","G0952","G0952_03","inactive",13,25,18,7,22,15,26,13
"9514","G0952","G0952_04","inactive",4,10,5,4,3,7,10,3
"9515","G0952","G0952_05","inactive",7,13,12,2,11,12,11,3
"9516","G0952","G0952_06","inactive",3,5,2,1,2,7,3,3
"9517","G0952","G0952_07","inactive",9,29,30,16,33,21,23,25
"9518","G0952","G0952_08","inactive",17,23,11,4,19,19,4,4
"9519","G0952","G0952_09","inactive",2,4,4,5,11,2,8,4
"9520","G0952","G0952_10","inactive",4,2,2,2,1,0,0,3
"9521","G0953","G0953_01","inactive",5,3,8,1,9,2,5,0
"9522","G0953","G0953_02","inactive",2,10,0,3,4,6,2,5
"9523","G0953","G0953_03","inactive",1,1,6,2,2,2,6,0
"9524","G0953","G0953_04","inactive",3,9,6,5,6,2,4,8
"9525","G0953","G0953_05","inactive",17,19,13,13,24,15,32,11
"9526","G0953","G0953_06","inactive",7,18,6,5,10,9,8,7
"9527","G0953","G0953_07","inactive",2,4,2,5,8,3,1,2
"9528","G0953","G0953_08","inactive",13,29,17,17,16,25,17,19
"9529","G0953","G0953_09","inactive",8,13,16,11,21,25,18,12
"9530","G0953","G0953_10","inactive",16,49,34,22,18,47,45,31
"9531","G0954","G0954_01","inactive",2,15,10,12,11,11,11,12
"9532","G0954","G0954_02","inactive",8,27,5,10,11,19,9,11
"9533","G0954","G0954_03","inactive",10,20,13,13,26,15,22,21
"9534","G0954","G0954_04","inactive",13,32,18,19,34,31,21,30
"9535","G0954","G0954_05","inactive",2,2,3,2,0,2,2,0
"9536","G0954","G0954_06","inactive",7,24,17,6,12,19,15,6
"9537","G0954","G0954_07","inactive",2,12,2,6,2,3,5,13
"9538","G0954","G0954_08","inactive",11,12,4,16,18,8,12,12
"9539","G0954","G0954_09","inactive",1,8,3,3,1,5,8,1
"9540","G0954","G0954_10","inactive",4,5,7,7,7,7,6,7
"9541","G0955","G0955_01","inactive",2,4,5,4,4,5,7,1
"9542","G0955","G0955_02","inactive",9,8,10,7,3,7,6,7
"9543","G0955","G0955_03","inactive",12,17,11,13,18,11,17,13
"9544","G0955","G0955_04","inactive",6,11,3,2,4,8,1,4
"9545","G0955","G0955_05","inactive",6,24,23,4,10,13,18,11
"9546","G0955","G0955_06","inactive",0,2,1,2,4,2,6,2
"9547","G0955","G0955_07","inactive",4,0,3,0,2,0,0,1
"9548","G0955","G0955_08","inactive",2,4,3,5,5,4,8,1
"9549","G0955","G0955_09","inactive",2,11,11,3,2,5,11,4
"9550","G0955","G0955_10","inactive",19,38,30,20,33,24,33,19
"9551","G0956","G0956_01","inactive",10,21,14,2,12,21,13,10
"9552","G0956","G0956_02","inactive",1,3,0,8,5,1,0,4
"9553","G0956","G0956_03","inactive",2,2,4,1,4,3,5,0
"9554","G0956","G0956_04","inactive",8,5,2,3,7,4,5,5
"9555","G0956","G0956_05","inactive",8,23,8,10,13,15,11,18
"9556","G0956","G0956_06","inactive",3,14,1,4,8,4,4,5
"9557","G0956","G0956_07","inactive",7,10,1,6,12,8,1,17
"9558","G0956","G0956_08","inactive",9,10,4,9,14,10,6,2
"9559","G0956","G0956_09","inactive",5,5,4,7,10,8,10,9
"9560","G0956","G0956_10","inactive",12,17,7,6,14,15,11,6
"9561","G0957","G0957_01","negcontrol",3,8,3,3,4,7,8,4
"9562","G0957","G0957_02","negcontrol",10,29,12,8,17,16,19,8
"9563","G0957","G0957_03","negcontrol",9,10,8,14,11,16,13,10
"9564","G0957","G0957_04","negcontrol",15,36,11,11,37,25,21,16
"9565","G0957","G0957_05","negcontrol",2,15,2,6,4,16,7,4
"9566","G0957","G0957_06","negcontrol",4,5,11,0,5,0,9,2
"9567","G0957","G0957_07","negcontrol",6,11,15,5,7,12,16,3
"9568","G0957","G0957_08","negcontrol",8,2,9,4,12,7,7,3
"9569","G0957","G0957_09","negcontrol",11,12,18,5,14,7,12,7
"9570","G0957","G0957_10","negcontrol",5,2,1,1,8,2,6,1
"9571","G0958","G0958_01","inactive",0,0,2,0,2,0,2,1
"9572","G0958","G0958_02","inactive",5,7,10,7,12,4,13,7
"9573","G0958","G0958_03","inactive",9,10,11,5,14,5,11,6
"9574","G0958","G0958_04","inactive",20,54,20,19,30,65,31,29
"9575","G0958","G0958_05","inactive",9,26,11,13,26,24,18,14
"9576","G0958","G0958_06","inactive",2,15,4,3,3,1,0,3
"9577","G0958","G0958_07","inactive",0,11,12,0,2,12,8,3
"9578","G0958","G0958_08","inactive",2,2,11,12,0,5,3,10
"9579","G0958","G0958_09","inactive",7,15,12,9,7,10,8,10
"9580","G0958","G0958_10","inactive",9,19,15,11,9,11,10,15
"9581","G0959","G0959_01","inactive",2,7,7,1,8,13,5,5
"9582","G0959","G0959_02","inactive",2,19,16,12,11,19,15,17
"9583","G0959","G0959_03","inactive",4,11,7,6,3,13,3,4
"9584","G0959","G0959_04","inactive",3,6,1,2,7,7,0,3
"9585","G0959","G0959_05","inactive",13,27,15,10,19,22,10,17
"9586","G0959","G0959_06","inactive",6,18,10,5,13,10,7,8
"9587","G0959","G0959_07","inactive",1,8,3,8,3,4,7,4
"9588","G0959","G0959_08","inactive",4,9,7,13,6,5,9,4
"9589","G0959","G0959_09","inactive",3,4,0,3,9,7,1,2
"9590","G0959","G0959_10","inactive",39,68,49,31,54,59,59,39
"9591","G0960","G0960_01","inactive",27,50,48,20,36,25,52,30
"9592","G0960","G0960_02","inactive",3,3,4,2,4,2,1,5
"9593","G0960","G0960_03","inactive",11,12,16,9,16,5,13,11
"9594","G0960","G0960_04","inactive",14,17,19,7,21,19,21,12
"9595","G0960","G0960_05","inactive",4,21,8,10,5,11,14,9
"9596","G0960","G0960_06","inactive",14,16,16,24,16,22,13,23
"9597","G0960","G0960_07","inactive",18,12,5,7,23,9,7,5
"9598","G0960","G0960_08","inactive",7,28,12,12,7,25,11,15
"9599","G0960","G0960_09","inactive",7,12,6,12,7,14,2,13
"9600","G0960","G0960_10","inactive",2,0,0,1,1,1,1,1
"9601","G0961","G0961_01","increasing",10,7,5,7,20,4,6,8
"9602","G0961","G0961_02","increasing",12,19,11,8,28,22,36,19
"9603","G0961","G0961_03","increasing",13,31,19,23,51,38,34,50
"9604","G0961","G0961_04","increasing",13,21,10,6,17,13,15,2
"9605","G0961","G0961_05","increasing",14,37,24,10,21,42,39,38
"9606","G0961","G0961_06","increasing",1,3,5,0,6,16,8,3
"9607","G0961","G0961_07","increasing",2,0,0,2,7,5,3,6
"9608","G0961","G0961_08","increasing",2,10,3,3,7,6,14,6
"9609","G0961","G0961_09","increasing",3,6,5,9,4,1,8,4
"9610","G0961","G0961_10","increasing",3,4,4,8,13,11,8,9
"9611","G0962","G0962_01","inactive",0,3,7,0,2,3,3,2
"9612","G0962","G0962_02","inactive",5,16,11,2,13,11,11,5
"9613","G0962","G0962_03","inactive",1,4,2,0,0,1,0,0
"9614","G0962","G0962_04","inactive",6,7,10,5,4,16,7,3
"9615","G0962","G0962_05","inactive",8,16,16,14,12,12,11,12
"9616","G0962","G0962_06","inactive",7,15,17,8,19,14,17,8
"9617","G0962","G0962_07","inactive",6,16,12,16,14,7,10,12
"9618","G0962","G0962_08","inactive",4,9,5,6,6,3,1,11
"9619","G0962","G0962_09","inactive",22,42,27,18,19,29,30,27
"9620","G0962","G0962_10","inactive",3,2,14,4,5,1,9,9
"9621","G0963","G0963_01","inactive",6,24,12,3,16,17,14,6
"9622","G0963","G0963_02","inactive",9,28,17,10,14,7,17,12
"9623","G0963","G0963_03","inactive",8,9,3,4,8,8,5,2
"9624","G0963","G0963_04","inactive",1,7,5,2,0,4,7,3
"9625","G0963","G0963_05","inactive",15,26,26,19,15,19,22,17
"9626","G0963","G0963_06","inactive",6,17,6,5,16,18,15,8
"9627","G0963","G0963_07","inactive",18,27,13,14,19,18,19,10
"9628","G0963","G0963_08","inactive",3,5,9,3,3,4,2,4
"9629","G0963","G0963_09","inactive",7,12,16,3,12,9,14,5
"9630","G0963","G0963_10","inactive",6,11,6,6,4,24,3,14
"9631","G0964","G0964_01","inactive",14,50,35,18,28,33,29,21
"9632","G0964","G0964_02","inactive",14,19,21,16,25,15,19,22
"9633","G0964","G0964_03","inactive",8,22,22,13,15,14,24,17
"9634","G0964","G0964_04","inactive",3,5,3,9,6,8,11,6
"9635","G0964","G0964_05","inactive",8,18,16,11,20,22,27,22
"9636","G0964","G0964_06","inactive",11,13,11,11,23,11,8,10
"9637","G0964","G0964_07","inactive",4,16,4,4,9,15,13,3
"9638","G0964","G0964_08","inactive",2,10,6,1,6,3,1,2
"9639","G0964","G0964_09","inactive",2,3,1,0,0,3,6,3
"9640","G0964","G0964_10","inactive",6,10,6,3,5,7,16,3
"9641","G0965","G0965_01","decreasing",45,71,55,49,52,28,43,41
"9642","G0965","G0965_02","decreasing",5,13,5,12,15,7,1,9
"9643","G0965","G0965_03","decreasing",2,9,7,5,6,7,5,5
"9644","G0965","G0965_04","decreasing",5,21,12,13,10,12,14,6
"9645","G0965","G0965_05","decreasing",3,4,6,10,5,9,5,5
"9646","G0965","G0965_06","decreasing",11,18,12,10,9,8,10,5
"9647","G0965","G0965_07","decreasing",18,15,17,10,15,7,20,6
"9648","G0965","G0965_08","decreasing",12,13,15,7,19,13,8,8
"9649","G0965","G0965_09","decreasing",13,21,23,10,18,17,10,6
"9650","G0965","G0965_10","decreasing",7,0,6,6,5,3,1,6
"9651","G0966","G0966_01","inactive",12,25,9,14,23,20,14,12
"9652","G0966","G0966_02","inactive",4,9,9,4,6,5,5,3
"9653","G0966","G0966_03","inactive",7,20,12,5,3,14,8,6
"9654","G0966","G0966_04","inactive",3,7,11,7,4,12,9,8
"9655","G0966","G0966_05","inactive",2,7,3,1,1,3,1,3
"9656","G0966","G0966_06","inactive",27,52,43,33,26,54,46,35
"9657","G0966","G0966_07","inactive",10,6,12,2,15,2,7,3
"9658","G0966","G0966_08","inactive",9,15,16,17,16,13,23,17
"9659","G0966","G0966_09","inactive",11,33,11,6,22,23,22,18
"9660","G0966","G0966_10","inactive",4,11,7,3,6,10,4,7
"9661","G0967","G0967_01","inactive",7,11,11,8,8,17,9,11
"9662","G0967","G0967_02","inactive",4,13,5,17,8,13,4,15
"9663","G0967","G0967_03","inactive",7,12,11,6,7,13,14,9
"9664","G0967","G0967_04","inactive",6,5,4,1,11,10,2,1
"9665","G0967","G0967_05","inactive",10,13,11,8,12,8,6,7
"9666","G0967","G0967_06","inactive",17,22,18,8,11,17,18,7
"9667","G0967","G0967_07","inactive",7,0,6,9,6,3,10,4
"9668","G0967","G0967_08","inactive",5,7,4,3,3,9,9,2
"9669","G0967","G0967_09","inactive",32,75,62,43,50,52,70,46
"9670","G0967","G0967_10","inactive",12,26,20,26,23,18,10,17
"9671","G0968","G0968_01","inactive",2,7,2,2,1,7,3,4
"9672","G0968","G0968_02","inactive",1,4,6,6,3,1,3,8
"9673","G0968","G0968_03","inactive",2,13,7,5,5,9,2,3
"9674","G0968","G0968_04","inactive",2,2,8,2,2,2,3,0
"9675","G0968","G0968_05","inactive",7,7,9,3,9,4,9,4
"9676","G0968","G0968_06","inactive",3,12,9,10,7,7,12,9
"9677","G0968","G0968_07","inactive",0,7,1,2,1,3,0,3
"9678","G0968","G0968_08","inactive",3,16,11,11,7,11,13,13
"9679","G0968","G0968_09","inactive",0,0,0,1,0,1,0,2
"9680","G0968","G0968_10","inactive",1,8,7,5,9,8,6,18
"9681","G0969","G0969_01","inactive",5,10,5,3,8,6,10,0
"9682","G0969","G0969_02","inactive",2,6,1,9,1,3,3,2
"9683","G0969","G0969_03","inactive",3,13,9,9,14,17,4,3
"9684","G0969","G0969_04","inactive",3,9,6,4,7,8,5,7
"9685","G0969","G0969_05","inactive",2,5,7,3,1,9,2,2
"9686","G0969","G0969_06","inactive",3,19,6,5,5,13,5,8
"9687","G0969","G0969_07","inactive",3,11,16,3,14,8,5,0
"9688","G0969","G0969_08","inactive",7,6,6,2,6,3,7,2
"9689","G0969","G0969_09","inactive",12,28,22,17,18,24,22,7
"9690","G0969","G0969_10","inactive",5,11,3,5,11,8,8,7
"9691","G0970","G0970_01","inactive",17,37,27,27,34,29,28,34
"9692","G0970","G0970_02","inactive",6,20,8,3,15,16,4,2
"9693","G0970","G0970_03","inactive",7,12,9,10,18,6,9,4
"9694","G0970","G0970_04","inactive",4,0,2,1,5,2,3,3
"9695","G0970","G0970_05","inactive",3,6,4,5,5,3,7,4
"9696","G0970","G0970_06","inactive",2,1,0,4,12,3,3,2
"9697","G0970","G0970_07","inactive",14,22,13,12,15,18,7,11
"9698","G0970","G0970_08","inactive",1,5,9,3,6,5,9,5
"9699","G0970","G0970_09","inactive",10,15,11,6,6,13,9,6
"9700","G0970","G0970_10","inactive",3,21,3,3,13,5,10,4
"9701","G0971","G0971_01","inactive",4,5,13,7,4,10,12,12
"9702","G0971","G0971_02","inactive",13,16,19,4,8,10,13,3
"9703","G0971","G0971_03","inactive",0,4,1,1,3,4,2,6
"9704","G0971","G0971_04","inactive",3,8,9,9,9,7,14,7
"9705","G0971","G0971_05","inactive",3,19,16,8,8,15,9,8
"9706","G0971","G0971_06","inactive",0,4,10,4,3,4,4,6
"9707","G0971","G0971_07","inactive",1,6,3,2,3,1,9,2
"9708","G0971","G0971_08","inactive",21,27,24,26,22,35,27,30
"9709","G0971","G0971_09","inactive",9,9,18,17,15,13,9,9
"9710","G0971","G0971_10","inactive",3,12,7,10,2,8,6,6
"9711","G0972","G0972_01","inactive",3,3,5,2,2,3,7,9
"9712","G0972","G0972_02","inactive",8,7,7,2,7,5,4,2
"9713","G0972","G0972_03","inactive",20,42,15,14,22,27,23,19
"9714","G0972","G0972_04","inactive",5,19,2,8,4,12,4,11
"9715","G0972","G0972_05","inactive",16,56,36,32,28,46,33,45
"9716","G0972","G0972_06","inactive",3,8,7,4,6,2,5,4
"9717","G0972","G0972_07","inactive",39,77,48,41,44,57,41,50
"9718","G0972","G0972_08","inactive",0,8,3,1,3,10,1,6
"9719","G0972","G0972_09","inactive",3,14,8,3,9,5,6,5
"9720","G0972","G0972_10","inactive",4,3,0,1,11,5,4,6
"9721","G0973","G0973_01","inactive",9,22,11,8,12,14,16,11
"9722","G0973","G0973_02","inactive",5,8,6,2,14,10,4,3
"9723","G0973","G0973_03","inactive",11,25,14,14,24,8,7,21
"9724","G0973","G0973_04","inactive",3,2,9,2,3,2,8,5
"9725","G0973","G0973_05","inactive",12,38,20,18,16,18,14,17
"9726","G0973","G0973_06","inactive",7,9,3,10,13,9,6,4
"9727","G0973","G0973_07","inactive",0,4,3,0,2,1,4,0
"9728","G0973","G0973_08","inactive",14,35,16,12,10,18,18,13
"9729","G0973","G0973_09","inactive",1,3,4,4,11,4,3,7
"9730","G0973","G0973_10","inactive",0,3,2,0,3,4,2,1
"9731","G0974","G0974_01","inactive",7,11,13,8,15,6,13,8
"9732","G0974","G0974_02","inactive",4,6,6,4,10,5,9,7
"9733","G0974","G0974_03","inactive",2,5,4,0,4,2,2,1
"9734","G0974","G0974_04","inactive",5,8,3,5,5,8,8,3
"9735","G0974","G0974_05","inactive",9,10,8,13,15,7,11,11
"9736","G0974","G0974_06","inactive",3,4,3,0,8,1,2,2
"9737","G0974","G0974_07","inactive",6,24,29,20,24,19,11,26
"9738","G0974","G0974_08","inactive",8,8,7,8,10,13,6,5
"9739","G0974","G0974_09","inactive",5,7,4,11,6,10,13,7
"9740","G0974","G0974_10","inactive",5,7,6,7,2,2,5,5
"9741","G0975","G0975_01","decreasing",14,19,15,14,2,6,5,5
"9742","G0975","G0975_02","decreasing",2,25,9,6,2,4,7,2
"9743","G0975","G0975_03","decreasing",14,24,15,15,17,20,6,7
"9744","G0975","G0975_04","decreasing",4,2,7,7,3,3,1,1
"9745","G0975","G0975_05","decreasing",3,13,2,5,1,4,2,2
"9746","G0975","G0975_06","decreasing",1,2,1,2,1,1,1,1
"9747","G0975","G0975_07","decreasing",1,0,12,4,5,4,4,1
"9748","G0975","G0975_08","decreasing",13,25,11,9,10,16,10,7
"9749","G0975","G0975_09","decreasing",2,3,4,1,7,4,5,3
"9750","G0975","G0975_10","decreasing",2,3,3,2,2,1,0,0
"9751","G0976","G0976_01","inactive",1,12,6,8,2,16,2,13
"9752","G0976","G0976_02","inactive",1,4,4,5,3,12,8,9
"9753","G0976","G0976_03","inactive",10,8,14,5,10,11,9,8
"9754","G0976","G0976_04","inactive",5,12,13,12,13,10,15,14
"9755","G0976","G0976_05","inactive",2,2,5,1,1,2,1,0
"9756","G0976","G0976_06","inactive",1,4,5,3,3,4,6,3
"9757","G0976","G0976_07","inactive",2,11,2,1,12,4,9,4
"9758","G0976","G0976_08","inactive",1,17,10,5,2,7,8,3
"9759","G0976","G0976_09","inactive",1,9,3,6,9,8,6,5
"9760","G0976","G0976_10","inactive",6,10,8,2,8,7,10,2
"9761","G0977","G0977_01","inactive",11,7,9,12,18,14,10,12
"9762","G0977","G0977_02","inactive",7,9,11,10,17,11,11,8
"9763","G0977","G0977_03","inactive",5,6,1,2,5,1,1,2
"9764","G0977","G0977_04","inactive",2,5,2,3,7,6,4,3
"9765","G0977","G0977_05","inactive",2,8,2,0,1,6,2,1
"9766","G0977","G0977_06","inactive",2,2,8,2,2,7,5,1
"9767","G0977","G0977_07","inactive",10,11,10,7,23,12,15,10
"9768","G0977","G0977_08","inactive",2,15,7,2,8,12,5,6
"9769","G0977","G0977_09","inactive",5,13,4,3,7,12,7,2
"9770","G0977","G0977_10","inactive",7,39,14,10,19,21,16,18
"9771","G0978","G0978_01","increasing",27,34,22,21,58,52,41,22
"9772","G0978","G0978_02","increasing",4,3,6,3,10,7,3,8
"9773","G0978","G0978_03","increasing",7,9,3,6,8,10,10,5
"9774","G0978","G0978_04","increasing",16,28,19,12,46,33,20,22
"9775","G0978","G0978_05","increasing",1,5,4,1,2,15,6,4
"9776","G0978","G0978_06","increasing",4,12,3,7,9,7,5,13
"9777","G0978","G0978_07","increasing",6,9,5,3,7,11,5,7
"9778","G0978","G0978_08","increasing",2,2,8,2,10,5,4,1
"9779","G0978","G0978_09","increasing",9,19,15,11,11,36,32,23
"9780","G0978","G0978_10","increasing",1,10,6,4,8,8,13,8
"9781","G0979","G0979_01","inactive",3,22,14,7,7,9,13,12
"9782","G0979","G0979_02","inactive",9,20,5,7,19,11,4,1
"9783","G0979","G0979_03","inactive",4,6,6,2,8,11,8,5
"9784","G0979","G0979_04","inactive",7,14,17,6,8,9,19,13
"9785","G0979","G0979_05","inactive",8,18,24,11,14,20,22,15
"9786","G0979","G0979_06","inactive",19,22,27,19,33,30,27,29
"9787","G0979","G0979_07","inactive",1,7,4,6,8,6,4,9
"9788","G0979","G0979_08","inactive",6,18,21,11,12,17,13,10
"9789","G0979","G0979_09","inactive",2,3,2,1,0,7,4,2
"9790","G0979","G0979_10","inactive",9,16,27,16,14,18,19,12
"9791","G0980","G0980_01","inactive",5,5,2,2,6,6,3,5
"9792","G0980","G0980_02","inactive",3,14,9,5,8,13,17,11
"9793","G0980","G0980_03","inactive",2,16,6,6,14,5,10,7
"9794","G0980","G0980_04","inactive",5,21,15,15,17,17,14,16
"9795","G0980","G0980_05","inactive",10,30,17,16,16,24,11,18
"9796","G0980","G0980_06","inactive",6,6,8,12,10,3,9,7
"9797","G0980","G0980_07","inactive",8,25,15,11,10,15,14,11
"9798","G0980","G0980_08","inactive",8,7,19,7,10,7,11,14
"9799","G0980","G0980_09","inactive",8,15,9,13,5,14,15,8
"9800","G0980","G0980_10","inactive",26,50,48,35,41,47,60,38
"9801","G0981","G0981_01","inactive",5,10,7,6,11,8,5,7
"9802","G0981","G0981_02","inactive",15,12,15,5,11,7,10,9
"9803","G0981","G0981_03","inactive",15,12,11,5,28,8,15,8
"9804","G0981","G0981_04","inactive",18,22,13,11,27,15,10,15
"9805","G0981","G0981_05","inactive",9,7,11,3,10,12,10,9
"9806","G0981","G0981_06","inactive",6,18,16,5,12,21,17,15
"9807","G0981","G0981_07","inactive",5,26,7,13,17,16,18,10
"9808","G0981","G0981_08","inactive",12,18,9,16,7,14,10,17
"9809","G0981","G0981_09","inactive",6,18,2,5,8,22,2,3
"9810","G0981","G0981_10","inactive",5,16,1,6,10,11,3,5
"9811","G0982","G0982_01","inactive",10,22,9,8,15,10,16,5
"9812","G0982","G0982_02","inactive",6,10,5,5,8,10,4,6
"9813","G0982","G0982_03","inactive",20,43,43,27,38,27,37,33
"9814","G0982","G0982_04","inactive",0,0,5,4,2,1,6,0
"9815","G0982","G0982_05","inactive",49,71,64,40,67,58,59,43
"9816","G0982","G0982_06","inactive",13,48,44,17,36,35,39,33
"9817","G0982","G0982_07","inactive",8,12,10,5,8,12,9,9
"9818","G0982","G0982_08","inactive",2,4,6,1,2,4,5,1
"9819","G0982","G0982_09","inactive",3,10,3,2,7,9,8,5
"9820","G0982","G0982_10","inactive",4,3,2,4,7,6,2,4
"9821","G0983","G0983_01","inactive",4,1,5,1,5,1,1,1
"9822","G0983","G0983_02","inactive",4,3,2,1,2,6,4,1
"9823","G0983","G0983_03","inactive",18,37,36,24,30,33,31,34
"9824","G0983","G0983_04","inactive",4,28,16,7,6,12,26,10
"9825","G0983","G0983_05","inactive",11,16,9,6,4,8,8,8
"9826","G0983","G0983_06","inactive",8,12,7,12,12,11,15,16
"9827","G0983","G0983_07","inactive",8,15,11,11,13,7,15,8
"9828","G0983","G0983_08","inactive",13,25,21,12,15,19,33,15
"9829","G0983","G0983_09","inactive",5,3,3,5,5,2,3,2
"9830","G0983","G0983_10","inactive",0,12,3,6,4,12,1,7
"9831","G0984","G0984_01","inactive",0,4,5,2,3,4,3,6
"9832","G0984","G0984_02","inactive",14,8,18,8,16,11,20,12
"9833","G0984","G0984_03","inactive",7,17,21,16,12,20,12,14
"9834","G0984","G0984_04","inactive",11,25,19,12,24,21,21,11
"9835","G0984","G0984_05","inactive",5,12,13,11,16,6,11,7
"9836","G0984","G0984_06","inactive",0,6,2,0,2,3,4,0
"9837","G0984","G0984_07","inactive",2,10,1,5,4,3,3,3
"9838","G0984","G0984_08","inactive",15,28,18,12,14,28,13,20
"9839","G0984","G0984_09","inactive",1,1,2,2,2,2,1,3
"9840","G0984","G0984_10","inactive",3,6,2,2,3,6,2,2
"9841","G0985","G0985_01","inactive",5,13,13,2,8,8,10,5
"9842","G0985","G0985_02","inactive",11,27,14,6,11,18,17,15
"9843","G0985","G0985_03","inactive",13,36,27,13,39,28,32,28
"9844","G0985","G0985_04","inactive",5,3,3,2,6,4,4,5
"9845","G0985","G0985_05","inactive",4,8,0,5,2,7,0,2
"9846","G0985","G0985_06","inactive",5,29,7,12,8,16,10,7
"9847","G0985","G0985_07","inactive",3,13,7,12,7,12,15,4
"9848","G0985","G0985_08","inactive",3,14,6,11,6,8,5,9
"9849","G0985","G0985_09","inactive",2,9,12,6,4,6,6,11
"9850","G0985","G0985_10","inactive",4,15,2,5,9,7,4,9
"9851","G0986","G0986_01","decreasing",13,19,12,15,12,12,6,8
"9852","G0986","G0986_02","decreasing",11,20,7,10,14,9,5,11
"9853","G0986","G0986_03","decreasing",4,17,12,6,4,6,5,6
"9854","G0986","G0986_04","decreasing",10,26,18,27,20,11,7,10
"9855","G0986","G0986_05","decreasing",7,37,10,15,7,18,18,11
"9856","G0986","G0986_06","decreasing",7,17,8,9,6,5,8,6
"9857","G0986","G0986_07","decreasing",21,51,21,23,26,18,11,12
"9858","G0986","G0986_08","decreasing",22,44,35,31,22,18,25,15
"9859","G0986","G0986_09","decreasing",6,12,10,3,6,8,1,3
"9860","G0986","G0986_10","decreasing",16,17,8,6,9,9,1,5
"9861","G0987","G0987_01","inactive",3,15,5,8,7,8,9,8
"9862","G0987","G0987_02","inactive",4,19,12,5,10,17,7,12
"9863","G0987","G0987_03","inactive",18,15,17,8,21,13,17,5
"9864","G0987","G0987_04","inactive",10,16,18,12,18,14,18,23
"9865","G0987","G0987_05","inactive",7,29,15,13,9,22,23,11
"9866","G0987","G0987_06","inactive",8,6,7,7,7,2,3,5
"9867","G0987","G0987_07","inactive",9,17,19,18,13,17,23,13
"9868","G0987","G0987_08","inactive",1,16,8,15,6,15,14,10
"9869","G0987","G0987_09","inactive",6,12,7,14,5,5,9,8
"9870","G0987","G0987_10","inactive",3,7,6,4,6,3,3,7
"9871","G0988","G0988_01","inactive",3,10,1,2,4,5,6,0
"9872","G0988","G0988_02","inactive",4,16,7,5,9,11,16,5
"9873","G0988","G0988_03","inactive",14,27,12,16,38,12,14,14
"9874","G0988","G0988_04","inactive",9,21,13,9,9,15,5,6
"9875","G0988","G0988_05","inactive",3,31,13,21,8,18,16,15
"9876","G0988","G0988_06","inactive",10,37,18,16,16,17,17,17
"9877","G0988","G0988_07","inactive",6,7,5,7,6,4,8,3
"9878","G0988","G0988_08","inactive",58,108,78,68,83,93,76,64
"9879","G0988","G0988_09","inactive",2,6,1,0,3,2,3,0
"9880","G0988","G0988_10","inactive",4,12,3,5,7,12,8,3
"9881","G0989","G0989_01","inactive",15,27,18,13,28,24,21,12
"9882","G0989","G0989_02","inactive",34,50,35,16,41,37,29,31
"9883","G0989","G0989_03","inactive",7,32,7,15,30,22,10,22
"9884","G0989","G0989_04","inactive",17,29,20,24,28,29,18,30
"9885","G0989","G0989_05","inactive",20,32,23,30,28,39,26,29
"9886","G0989","G0989_06","inactive",5,3,0,1,2,0,3,0
"9887","G0989","G0989_07","inactive",13,11,6,9,13,18,9,8
"9888","G0989","G0989_08","inactive",10,22,14,6,10,18,20,9
"9889","G0989","G0989_09","inactive",31,52,40,33,40,55,36,26
"9890","G0989","G0989_10","inactive",5,2,8,10,4,6,10,9
"9891","G0990","G0990_01","inactive",30,59,50,31,65,60,74,45
"9892","G0990","G0990_02","inactive",35,52,40,32,52,51,43,28
"9893","G0990","G0990_03","inactive",4,3,2,5,4,4,3,6
"9894","G0990","G0990_04","inactive",4,8,4,7,5,8,7,3
"9895","G0990","G0990_05","inactive",1,6,4,5,8,6,5,3
"9896","G0990","G0990_06","inactive",3,8,14,16,10,6,14,13
"9897","G0990","G0990_07","inactive",0,4,0,2,1,6,2,6
"9898","G0990","G0990_08","inactive",8,25,8,11,13,8,12,14
"9899","G0990","G0990_09","inactive",10,23,4,3,5,18,1,5
"9900","G0990","G0990_10","inactive",4,11,4,5,6,10,4,8
"9901","G0991","G0991_01","inactive",6,15,10,9,12,12,7,5
"9902","G0991","G0991_02","inactive",11,46,19,23,38,40,38,23
"9903","G0991","G0991_03","inactive",6,9,4,7,10,8,11,9
"9904","G0991","G0991_04","inactive",11,5,3,1,18,7,6,4
"9905","G0991","G0991_05","inactive",8,9,14,9,9,9,10,9
"9906","G0991","G0991_06","inactive",4,6,2,2,7,5,3,2
"9907","G0991","G0991_07","inactive",3,6,5,0,7,13,6,1
"9908","G0991","G0991_08","inactive",11,34,29,13,28,20,24,30
"9909","G0991","G0991_09","inactive",8,10,14,18,8,9,9,6
"9910","G0991","G0991_10","inactive",10,25,15,21,11,25,24,11
"9911","G0992","G0992_01","inactive",2,4,6,5,7,4,9,8
"9912","G0992","G0992_02","inactive",1,9,4,1,3,4,8,1
"9913","G0992","G0992_03","inactive",6,31,14,7,14,18,21,11
"9914","G0992","G0992_04","inactive",5,11,4,10,12,4,3,4
"9915","G0992","G0992_05","inactive",5,13,6,5,10,8,9,4
"9916","G0992","G0992_06","inactive",8,6,11,8,12,8,14,7
"9917","G0992","G0992_07","inactive",6,15,14,17,18,18,8,12
"9918","G0992","G0992_08","inactive",7,5,10,3,6,4,1,2
"9919","G0992","G0992_09","inactive",8,15,2,14,14,7,21,23
"9920","G0992","G0992_10","inactive",5,11,3,3,2,2,3,1
"9921","G0993","G0993_01","inactive",9,12,15,10,4,8,22,11
"9922","G0993","G0993_02","inactive",14,24,15,14,10,16,18,14
"9923","G0993","G0993_03","inactive",8,13,3,6,5,7,14,3
"9924","G0993","G0993_04","inactive",7,22,11,7,15,17,20,7
"9925","G0993","G0993_05","inactive",8,13,3,7,11,8,1,9
"9926","G0993","G0993_06","inactive",5,15,10,6,2,16,25,11
"9927","G0993","G0993_07","inactive",18,18,23,18,32,34,35,8
"9928","G0993","G0993_08","inactive",4,18,9,4,6,12,8,6
"9929","G0993","G0993_09","inactive",3,10,7,5,12,11,10,6
"9930","G0993","G0993_10","inactive",10,17,16,9,9,18,7,11
"9931","G0994","G0994_01","inactive",1,3,0,3,1,1,1,4
"9932","G0994","G0994_02","inactive",3,3,0,3,7,1,1,0
"9933","G0994","G0994_03","inactive",8,13,8,5,8,8,9,4
"9934","G0994","G0994_04","inactive",9,6,11,7,6,6,9,7
"9935","G0994","G0994_05","inactive",13,14,11,9,11,9,10,7
"9936","G0994","G0994_06","inactive",15,14,23,8,26,10,16,24
"9937","G0994","G0994_07","inactive",7,7,10,10,5,6,8,7
"9938","G0994","G0994_08","inactive",5,4,6,3,3,2,5,6
"9939","G0994","G0994_09","inactive",1,3,8,9,3,1,3,6
"9940","G0994","G0994_10","inactive",15,29,21,15,23,26,32,17
"9941","G0995","G0995_01","inactive",9,12,8,6,4,11,7,11
"9942","G0995","G0995_02","inactive",0,0,3,2,1,1,3,0
"9943","G0995","G0995_03","inactive",2,2,0,1,4,3,2,2
"9944","G0995","G0995_04","inactive",9,11,13,14,14,12,8,9
"9945","G0995","G0995_05","inactive",18,30,15,20,47,32,40,25
"9946","G0995","G0995_06","inactive",5,6,10,4,8,4,6,7
"9947","G0995","G0995_07","inactive",2,4,2,3,7,1,0,3
"9948","G0995","G0995_08","inactive",4,25,8,8,11,25,11,16
"9949","G0995","G0995_09","inactive",3,7,8,6,6,7,3,3
"9950","G0995","G0995_10","inactive",2,10,4,1,3,7,6,1
"9951","G0996","G0996_01","inactive",13,14,18,15,28,14,27,11
"9952","G0996","G0996_02","inactive",10,18,7,16,19,10,14,24
"9953","G0996","G0996_03","inactive",5,8,9,4,5,17,11,13
"9954","G0996","G0996_04","inactive",3,7,7,3,11,7,8,5
"9955","G0996","G0996_05","inactive",7,7,5,2,7,7,5,3
"9956","G0996","G0996_06","inactive",0,16,4,3,2,8,7,10
"9957","G0996","G0996_07","inactive",4,7,7,1,12,5,2,2
"9958","G0996","G0996_08","inactive",4,11,12,7,11,20,9,8
"9959","G0996","G0996_09","inactive",5,13,9,5,6,8,11,8
"9960","G0996","G0996_10","inactive",4,5,4,1,3,3,1,3
"9961","G0997","G0997_01","inactive",25,54,44,22,40,39,24,33
"9962","G0997","G0997_02","inactive",2,8,7,2,3,1,12,0
"9963","G0997","G0997_03","inactive",9,28,18,17,26,23,17,17
"9964","G0997","G0997_04","inactive",4,3,11,7,7,9,4,3
"9965","G0997","G0997_05","inactive",0,9,4,1,3,6,4,3
"9966","G0997","G0997_06","inactive",22,36,10,20,31,28,34,30
"9967","G0997","G0997_07","inactive",6,1,2,3,8,4,6,4
"9968","G0997","G0997_08","inactive",7,8,0,2,14,6,6,4
"9969","G0997","G0997_09","inactive",27,37,13,17,23,30,16,26
"9970","G0997","G0997_10","inactive",4,7,5,10,6,17,4,3
"9971","G0998","G0998_01","inactive",9,28,18,16,14,24,11,15
"9972","G0998","G0998_02","inactive",32,48,18,24,41,31,20,25
"9973","G0998","G0998_03","inactive",12,21,16,15,15,15,12,8
"9974","G0998","G0998_04","inactive",5,16,14,10,11,12,14,11
"9975","G0998","G0998_05","inactive",4,24,23,12,17,15,18,22
"9976","G0998","G0998_06","inactive",2,22,11,10,11,12,7,7
"9977","G0998","G0998_07","inactive",5,4,2,1,4,10,10,1
"9978","G0998","G0998_08","inactive",6,22,11,5,16,24,15,14
"9979","G0998","G0998_09","inactive",25,35,29,27,28,30,18,31
"9980","G0998","G0998_10","inactive",1,10,10,8,10,8,6,8
"9981","G0999","G0999_01","inactive",18,34,26,17,25,17,27,13
"9982","G0999","G0999_02","inactive",20,20,26,20,15,20,26,17
"9983","G0999","G0999_03","inactive",2,5,5,3,5,5,7,7
"9984","G0999","G0999_04","inactive",8,11,6,6,19,15,14,7
"9985","G0999","G0999_05","inactive",1,10,9,0,6,6,6,1
"9986","G0999","G0999_06","inactive",21,35,25,7,29,20,42,15
"9987","G0999","G0999_07","inactive",4,10,6,5,13,13,9,6
"9988","G0999","G0999_08","inactive",4,11,14,8,11,10,5,9
"9989","G0999","G0999_09","inactive",10,28,15,9,17,15,18,6
"9990","G0999","G0999_10","inactive",20,26,8,14,17,18,13,14
"9991","G1000","G1000_01","increasing",0,1,2,4,1,2,3,2
"9992","G1000","G1000_02","increasing",1,10,1,4,13,9,9,6
"9993","G1000","G1000_03","increasing",4,11,5,9,9,16,17,18
"9994","G1000","G1000_04","increasing",9,12,8,0,14,10,7,2
"9995","G1000","G1000_05","increasing",1,7,2,7,10,8,12,7
"9996","G1000","G1000_06","increasing",2,1,1,7,7,8,6,10
"9997","G1000","G1000_07","increasing",13,31,17,14,40,34,34,25
"9998","G1000","G1000_08","increasing",23,37,26,19,58,50,48,65
"9999","G1000","G1000_09","increasing",2,3,3,2,6,2,2,7
"10000","G1000","G1000_10","increasing",4,8,3,1,4,8,1,6
