"","gene","sgRNA","class","L1","L2","L3","L4","H1","H2","H3","H4"
"1","G0001","G0001_01","inactive",1,4,8,3,3,3,1,6
"2","G0001","G0001_02","inactive",3,1,8,6,4,4,1,5
"3","G0001","G0001_03","inactive",3,6,8,6,7,0,4,6
"4","G0001","G0001_04","inactive",0,4,4,1,0,4,2,2
"5","G0001","G0001_05","inactive",8,12,16,8,7,21,2,12
"6","G0001","G0001_06","inactive",30,44,34,34,43,67,13,27
"7","G0001","G0001_07","inactive",9,8,0,8,7,14,2,6
"8","G0001","G0001_08","inactive",4,3,13,5,6,13,3,5
"9","G0001","G0001_09","inactive",3,6,21,11,14,14,9,13
"10","G0001","G0001_10","inactive",3,3,4,5,9,4,3,5
"11","G0002","G0002_01","decreasing",0,9,6,5,0,1,3,5
"12","G0002","G0002_02","decreasing",16,22,18,22,8,35,7,17
"13","G0002","G0002_03","decreasing",15,14,11,17,13,9,2,6
"14","G0002","G0002_04","decreasing",12,24,24,16,11,23,3,14
"15","G0002","G0002_05","decreasing",2,9,22,4,7,6,1,3
"16","G0002","G0002_06","decreasing",5,0,7,8,3,6,2,1
"17","G0002","G0002_07","decreasing",3,2,1,4,4,6,0,5
"18","G0002","G0002_08","decreasing",17,35,14,24,16,29,2,21
"19","G0002","G0002_09","decreasing",10,9,12,5,10,6,6,7
"20","G0002","G0002_10","decreasing",5,2,4,3,5,3,0,3
"21","G0003","G0003_01","inactive",5,12,16,11,6,33,10,12
"22","G0003","G0003_02","inactive",22,32,32,37,36,35,18,47
"23","G0003","G0003_03","inactive",7,4,5,8,2,4,2,7
"24","G0003","G0003_04","inactive",2,9,14,8,1,9,3,11
"25","G0003","G0003_05","inactive",13,17,40,13,14,27,12,24
"26","G0003","G0003_06","inactive",2,3,6,2,1,2,0,3
"27","G0003","G0003_07","inactive",10,13,13,7,9,15,5,11
"28","G0003","G0003_08","inactive",5,5,9,9,8,12,6,17
"29","G0003","G0003_09","inactive",13,4,23,15,23,32,4,15
"30","G0003","G0003_10","inactive",54,58,99,37,61,106,30,56
"31","G0004","G0004_01","negcontrol",12,29,32,29,19,37,8,37
"32","G0004","G0004_02","negcontrol",1,2,9,7,4,2,3,9
"33","G0004","G0004_03","negcontrol",4,8,3,5,7,13,2,5
"34","G0004","G0004_04","negcontrol",5,12,10,8,10,24,5,13
"35","G0004","G0004_05","negcontrol",4,4,14,11,5,11,1,12
"36","G0004","G0004_06","negcontrol",4,5,22,13,1,27,4,11
"37","G0004","G0004_07","negcontrol",6,3,6,5,8,6,1,6
"38","G0004","G0004_08","negcontrol",3,4,17,2,10,10,5,10
"39","G0004","G0004_09","negcontrol",4,11,21,11,8,23,10,19
"40","G0004","G0004_10","negcontrol",3,9,7,8,7,9,3,12
"41","G0005","G0005_01","increasing",8,6,6,9,6,11,6,6
"42","G0005","G0005_02","increasing",4,6,7,7,4,9,5,7
"43","G0005","G0005_03","increasing",4,4,7,2,7,9,3,7
"44","G0005","G0005_04","increasing",0,2,12,4,5,6,4,14
"45","G0005","G0005_05","increasing",9,11,12,7,9,17,6,17
"46","G0005","G0005_06","increasing",0,3,2,3,0,7,4,5
"47","G0005","G0005_07","increasing",3,4,5,4,9,5,3,2
"48","G0005","G0005_08","increasing",3,3,6,7,8,10,6,7
"49","G0005","G0005_09","increasing",5,3,6,1,5,10,2,4
"50","G0005","G0005_10","increasing",15,17,25,13,26,33,7,26
"51","G0006","G0006_01","inactive",0,1,8,0,2,1,0,0
"52","G0006","G0006_02","inactive",5,0,1,3,6,1,1,3
"53","G0006","G0006_03","inactive",3,11,15,14,7,26,6,13
"54","G0006","G0006_04","inactive",0,1,5,2,0,2,1,5
"55","G0006","G0006_05","inactive",8,2,11,5,9,2,3,12
"56","G0006","G0006_06","inactive",10,12,23,28,8,24,11,24
"57","G0006","G0006_07","inactive",4,4,18,9,13,7,3,14
"58","G0006","G0006_08","inactive",7,7,12,8,8,24,7,14
"59","G0006","G0006_09","inactive",12,6,22,8,13,18,4,13
"60","G0006","G0006_10","inactive",4,6,4,2,6,9,1,7
"61","G0007","G0007_01","inactive",14,23,24,23,18,36,9,51
"62","G0007","G0007_02","inactive",3,4,5,9,11,9,4,5
"63","G0007","G0007_03","inactive",2,7,10,6,8,4,4,10
"64","G0007","G0007_04","inactive",10,9,18,8,14,10,7,8
"65","G0007","G0007_05","inactive",6,9,19,10,11,13,8,8
"66","G0007","G0007_06","inactive",3,3,14,4,7,11,3,4
"67","G0007","G0007_07","inactive",24,27,57,13,31,52,26,23
"68","G0007","G0007_08","inactive",16,29,31,17,17,42,8,24
"69","G0007","G0007_09","inactive",7,14,25,20,16,26,13,32
"70","G0007","G0007_10","inactive",1,5,3,3,3,6,1,1
"71","G0008","G0008_01","inactive",5,10,24,11,9,17,8,26
"72","G0008","G0008_02","inactive",10,14,15,5,10,12,2,18
"73","G0008","G0008_03","inactive",20,18,35,15,20,29,8,19
"74","G0008","G0008_04","inactive",1,2,9,2,2,5,5,4
"75","G0008","G0008_05","inactive",4,8,10,12,12,7,7,16
"76","G0008","G0008_06","inactive",1,1,9,2,4,2,1,5
"77","G0008","G0008_07","inactive",1,3,3,1,3,9,3,1
"78","G0008","G0008_08","inactive",7,8,11,1,2,10,3,6
"79","G0008","G0008_09","inactive",4,6,13,7,5,6,7,6
"80","G0008","G0008_10","inactive",18,23,34,26,18,45,16,44
"81","G0009","G0009_01","decreasing",20,22,29,23,27,33,9,30
"82","G0009","G0009_02","decreasing",11,20,26,17,10,20,10,11
"83","G0009","G0009_03","decreasing",14,19,39,12,11,28,14,22
"84","G0009","G0009_04","decreasing",0,10,14,12,2,17,5,9
"85","G0009","G0009_05","decreasing",1,8,3,5,4,10,3,7
"86","G0009","G0009_06","decreasing",9,20,35,18,16,38,11,25
"87","G0009","G0009_07","decreasing",8,9,6,5,4,11,4,3
"88","G0009","G0009_08","decreasing",2,8,2,2,5,4,2,5
"89","G0009","G0009_09","decreasing",10,17,3,11,11,15,2,8
"90","G0009","G0009_10","decreasing",3,3,4,8,9,3,1,5
"91","G0010","G0010_01","inactive",14,16,32,16,20,17,8,22
"92","G0010","G0010_02","inactive",6,9,9,7,13,13,6,6
"93","G0010","G0010_03","inactive",1,0,2,2,0,0,0,3
"94","G0010","G0010_04","inactive",11,15,11,10,17,25,5,13
"95","G0010","G0010_05","inactive",1,1,1,1,2,5,4,2
"96","G0010","G0010_06","inactive",8,34,24,24,17,28,10,31
"97","G0010","G0010_07","inactive",19,18,27,23,18,20,6,21
"98","G0010","G0010_08","inactive",0,1,2,4,2,3,3,1
"99","G0010","G0010_09","inactive",11,4,22,12,6,6,5,15
"100","G0010","G0010_10","inactive",17,38,45,25,26,39,4,29
"101","G0011","G0011_01","inactive",2,2,13,2,3,6,3,4
"102","G0011","G0011_02","inactive",5,4,8,7,10,12,2,14
"103","G0011","G0011_03","inactive",3,3,10,4,2,6,2,4
"104","G0011","G0011_04","inactive",9,2,4,9,9,5,2,10
"105","G0011","G0011_05","inactive",3,3,16,5,3,11,8,4
"106","G0011","G0011_06","inactive",4,5,10,1,7,9,1,2
"107","G0011","G0011_07","inactive",8,7,4,10,6,13,3,13
"108","G0011","G0011_08","inactive",18,17,36,20,20,37,16,19
"109","G0011","G0011_09","inactive",4,9,13,5,5,11,3,5
"110","G0011","G0011_10","inactive",5,14,22,14,9,22,15,18
"111","G0012","G0012_01","inactive",7,6,14,19,9,11,10,24
"112","G0012","G0012_02","inactive",1,5,3,4,4,7,1,4
"113","G0012","G0012_03","inactive",5,6,13,9,6,15,7,12
"114","G0012","G0012_04","inactive",6,4,9,15,12,7,5,9
"115","G0012","G0012_05","inactive",15,30,50,33,17,61,15,43
"116","G0012","G0012_06","inactive",6,9,18,4,9,15,4,9
"117","G0012","G0012_07","inactive",1,5,14,8,14,9,5,9
"118","G0012","G0012_08","inactive",5,6,18,4,12,12,5,12
"119","G0012","G0012_09","inactive",7,12,14,8,15,25,3,11
"120","G0012","G0012_10","inactive",11,13,12,6,11,30,7,4
"121","G0013","G0013_01","inactive",5,11,14,3,6,6,7,13
"122","G0013","G0013_02","inactive",5,13,21,10,8,12,7,11
"123","G0013","G0013_03","inactive",20,17,20,20,23,23,6,29
"124","G0013","G0013_04","inactive",6,5,11,5,8,3,2,2
"125","G0013","G0013_05","inactive",12,21,38,34,29,34,19,35
"126","G0013","G0013_06","inactive",2,9,7,3,6,10,6,12
"127","G0013","G0013_07","inactive",9,19,39,30,13,30,17,29
"128","G0013","G0013_08","inactive",17,35,39,27,18,24,12,28
"129","G0013","G0013_09","inactive",7,12,15,14,6,21,4,16
"130","G0013","G0013_10","inactive",5,10,4,12,14,13,2,14
"131","G0014","G0014_01","inactive",7,10,16,21,16,10,9,19
"132","G0014","G0014_02","inactive",5,16,17,8,6,33,3,12
"133","G0014","G0014_03","inactive",3,3,4,4,6,3,2,8
"134","G0014","G0014_04","inactive",14,14,13,9,13,16,3,18
"135","G0014","G0014_05","inactive",10,16,19,5,10,15,3,19
"136","G0014","G0014_06","inactive",4,3,7,7,8,6,1,11
"137","G0014","G0014_07","inactive",1,6,0,3,4,3,1,1
"138","G0014","G0014_08","inactive",7,8,9,1,8,7,4,6
"139","G0014","G0014_09","inactive",9,4,12,6,17,11,2,8
"140","G0014","G0014_10","inactive",5,17,15,8,16,11,2,12
"141","G0015","G0015_01","increasing",4,6,9,6,4,12,4,6
"142","G0015","G0015_02","increasing",0,1,3,4,3,10,0,2
"143","G0015","G0015_03","increasing",8,9,10,13,16,16,7,27
"144","G0015","G0015_04","increasing",2,5,10,3,3,11,3,4
"145","G0015","G0015_05","increasing",0,2,1,0,4,7,1,4
"146","G0015","G0015_06","increasing",4,6,1,8,4,9,2,14
"147","G0015","G0015_07","increasing",19,28,32,38,38,64,17,66
"148","G0015","G0015_08","increasing",8,6,6,8,13,13,3,14
"149","G0015","G0015_09","increasing",7,11,9,2,8,15,2,5
"150","G0015","G0015_10","increasing",9,21,32,23,33,41,14,35
"151","G0016","G0016_01","increasing",4,11,8,3,8,8,5,13
"152","G0016","G0016_02","increasing",9,8,11,14,7,27,9,25
"153","G0016","G0016_03","increasing",8,20,40,19,21,41,15,32
"154","G0016","G0016_04","increasing",7,27,25,16,16,33,8,32
"155","G0016","G0016_05","increasing",8,11,34,16,14,19,20,17
"156","G0016","G0016_06","increasing",6,5,2,8,3,9,3,4
"157","G0016","G0016_07","increasing",16,21,29,16,34,38,10,24
"158","G0016","G0016_08","increasing",1,4,9,0,4,8,3,3
"159","G0016","G0016_09","increasing",4,4,9,8,8,8,3,2
"160","G0016","G0016_10","increasing",4,9,7,5,5,14,3,3
"161","G0017","G0017_01","inactive",2,4,9,10,0,11,6,7
"162","G0017","G0017_02","inactive",21,23,31,22,23,47,14,27
"163","G0017","G0017_03","inactive",3,6,21,14,7,23,9,23
"164","G0017","G0017_04","inactive",7,3,4,3,5,13,2,8
"165","G0017","G0017_05","inactive",5,13,20,15,8,17,4,15
"166","G0017","G0017_06","inactive",7,9,17,11,13,16,3,15
"167","G0017","G0017_07","inactive",18,24,22,21,33,36,10,17
"168","G0017","G0017_08","inactive",10,8,9,4,13,26,9,8
"169","G0017","G0017_09","inactive",8,9,16,10,13,15,5,12
"170","G0017","G0017_10","inactive",2,0,1,0,1,3,1,0
"171","G0018","G0018_01","inactive",12,35,19,28,18,33,18,27
"172","G0018","G0018_02","inactive",24,34,39,42,20,39,13,31
"173","G0018","G0018_03","inactive",7,9,14,20,10,20,11,18
"174","G0018","G0018_04","inactive",7,11,11,12,11,10,4,16
"175","G0018","G0018_05","inactive",2,14,16,13,2,22,3,19
"176","G0018","G0018_06","inactive",19,28,34,31,19,30,13,23
"177","G0018","G0018_07","inactive",5,5,4,5,3,4,2,1
"178","G0018","G0018_08","inactive",2,0,0,1,2,3,0,3
"179","G0018","G0018_09","inactive",1,2,3,5,6,5,2,10
"180","G0018","G0018_10","inactive",7,10,15,8,8,8,5,12
"181","G0019","G0019_01","inactive",3,3,7,4,2,1,1,1
"182","G0019","G0019_02","inactive",4,9,27,20,13,7,8,11
"183","G0019","G0019_03","inactive",27,24,51,26,35,51,18,44
"184","G0019","G0019_04","inactive",2,9,11,10,4,13,4,11
"185","G0019","G0019_05","inactive",18,21,31,23,17,25,9,23
"186","G0019","G0019_06","inactive",0,4,9,6,2,1,2,15
"187","G0019","G0019_07","inactive",12,31,44,29,21,39,7,23
"188","G0019","G0019_08","inactive",3,11,19,9,15,14,7,14
"189","G0019","G0019_09","inactive",4,7,10,5,6,6,7,12
"190","G0019","G0019_10","inactive",1,3,8,4,1,9,2,11
"191","G0020","G0020_01","inactive",17,21,17,23,13,25,7,25
"192","G0020","G0020_02","inactive",4,18,9,7,13,17,6,12
"193","G0020","G0020_03","inactive",12,22,25,22,18,37,9,39
"194","G0020","G0020_04","inactive",6,7,4,6,2,5,1,4
"195","G0020","G0020_05","inactive",31,38,61,38,36,42,18,51
"196","G0020","G0020_06","inactive",3,7,19,0,7,8,3,8
"197","G0020","G0020_07","inactive",4,4,10,9,12,1,3,6
"198","G0020","G0020_08","inactive",3,12,17,6,12,14,12,9
"199","G0020","G0020_09","inactive",7,14,24,19,17,20,6,12
"200","G0020","G0020_10","inactive",8,13,21,25,21,19,7,17
"201","G0021","G0021_01","decreasing",6,3,21,9,11,8,2,8
"202","G0021","G0021_02","decreasing",1,9,10,3,1,11,5,4
"203","G0021","G0021_03","decreasing",4,3,14,6,7,4,2,9
"204","G0021","G0021_04","decreasing",11,17,16,13,7,15,6,11
"205","G0021","G0021_05","decreasing",9,17,31,19,11,17,6,17
"206","G0021","G0021_06","decreasing",31,33,60,51,28,36,6,37
"207","G0021","G0021_07","decreasing",12,14,23,6,13,10,5,8
"208","G0021","G0021_08","decreasing",6,2,5,8,3,2,0,6
"209","G0021","G0021_09","decreasing",5,13,26,13,7,23,10,12
"210","G0021","G0021_10","decreasing",4,13,12,6,9,12,0,4
"211","G0022","G0022_01","inactive",7,3,6,8,10,6,2,3
"212","G0022","G0022_02","inactive",3,5,7,8,6,5,4,8
"213","G0022","G0022_03","inactive",7,9,20,14,12,15,5,12
"214","G0022","G0022_04","inactive",9,8,12,18,7,19,6,12
"215","G0022","G0022_05","inactive",6,7,8,9,6,17,1,11
"216","G0022","G0022_06","inactive",44,48,80,48,54,50,21,76
"217","G0022","G0022_07","inactive",8,15,28,19,14,24,12,26
"218","G0022","G0022_08","inactive",7,12,20,21,15,7,3,22
"219","G0022","G0022_09","inactive",0,7,4,5,0,5,1,7
"220","G0022","G0022_10","inactive",2,0,2,4,2,1,0,2
"221","G0023","G0023_01","inactive",10,9,28,13,21,12,14,15
"222","G0023","G0023_02","inactive",0,2,1,0,0,3,1,2
"223","G0023","G0023_03","inactive",5,4,5,3,2,1,1,8
"224","G0023","G0023_04","inactive",9,4,17,6,16,13,9,16
"225","G0023","G0023_05","inactive",9,12,11,5,14,13,7,7
"226","G0023","G0023_06","inactive",5,20,13,17,8,22,6,21
"227","G0023","G0023_07","inactive",1,8,14,3,6,8,1,5
"228","G0023","G0023_08","inactive",1,7,10,8,1,5,3,6
"229","G0023","G0023_09","inactive",18,18,25,19,17,18,6,27
"230","G0023","G0023_10","inactive",5,7,7,5,4,7,4,4
"231","G0024","G0024_01","inactive",2,5,16,5,0,13,16,7
"232","G0024","G0024_02","inactive",9,10,3,9,13,22,5,18
"233","G0024","G0024_03","inactive",13,12,18,24,21,28,6,32
"234","G0024","G0024_04","inactive",13,19,30,11,15,34,12,29
"235","G0024","G0024_05","inactive",5,1,10,0,3,1,2,1
"236","G0024","G0024_06","inactive",1,5,6,2,1,5,0,3
"237","G0024","G0024_07","inactive",18,28,47,32,31,45,14,28
"238","G0024","G0024_08","inactive",6,3,4,3,9,2,1,3
"239","G0024","G0024_09","inactive",4,4,4,6,2,2,1,2
"240","G0024","G0024_10","inactive",11,13,29,16,17,10,10,13
"241","G0025","G0025_01","inactive",4,7,6,4,2,8,3,5
"242","G0025","G0025_02","inactive",4,4,4,4,4,5,1,3
"243","G0025","G0025_03","inactive",10,13,28,19,17,21,4,39
"244","G0025","G0025_04","inactive",2,7,11,16,8,19,6,16
"245","G0025","G0025_05","inactive",7,9,12,4,3,10,3,6
"246","G0025","G0025_06","inactive",5,1,2,3,4,1,2,1
"247","G0025","G0025_07","inactive",6,14,14,7,3,18,4,5
"248","G0025","G0025_08","inactive",12,13,21,9,10,16,7,23
"249","G0025","G0025_09","inactive",0,7,14,8,7,8,1,9
"250","G0025","G0025_10","inactive",7,5,3,2,10,12,2,9
"251","G0026","G0026_01","inactive",7,7,12,8,10,8,3,3
"252","G0026","G0026_02","inactive",8,1,7,10,3,9,3,4
"253","G0026","G0026_03","inactive",5,4,5,6,9,5,0,12
"254","G0026","G0026_04","inactive",5,13,16,5,10,10,11,6
"255","G0026","G0026_05","inactive",2,3,4,8,5,9,3,11
"256","G0026","G0026_06","inactive",9,16,19,11,21,37,9,8
"257","G0026","G0026_07","inactive",1,0,1,1,2,1,0,0
"258","G0026","G0026_08","inactive",13,13,21,17,16,15,5,23
"259","G0026","G0026_09","inactive",4,9,9,8,3,10,6,8
"260","G0026","G0026_10","inactive",6,6,4,4,16,10,2,3
"261","G0027","G0027_01","increasing",7,2,13,13,8,16,4,22
"262","G0027","G0027_02","increasing",3,5,8,2,11,9,6,4
"263","G0027","G0027_03","increasing",7,21,20,10,25,40,6,23
"264","G0027","G0027_04","increasing",11,13,20,19,25,29,11,17
"265","G0027","G0027_05","increasing",6,3,3,3,4,3,1,5
"266","G0027","G0027_06","increasing",2,2,4,3,3,1,2,5
"267","G0027","G0027_07","increasing",2,1,0,1,1,1,0,3
"268","G0027","G0027_08","increasing",18,13,36,16,27,39,15,36
"269","G0027","G0027_09","increasing",7,0,4,3,8,5,0,5
"270","G0027","G0027_10","increasing",6,2,5,2,7,6,1,4
"271","G0028","G0028_01","increasing",4,8,16,9,12,7,12,13
"272","G0028","G0028_02","increasing",5,3,4,4,4,3,4,5
"273","G0028","G0028_03","increasing",14,22,36,30,20,44,11,24
"274","G0028","G0028_04","increasing",1,9,4,2,3,11,0,1
"275","G0028","G0028_05","increasing",11,27,21,9,16,31,7,22
"276","G0028","G0028_06","increasing",38,38,81,67,61,94,38,71
"277","G0028","G0028_07","increasing",3,1,2,3,2,3,0,5
"278","G0028","G0028_08","increasing",9,5,6,6,12,11,7,10
"279","G0028","G0028_09","increasing",13,12,14,12,13,28,11,9
"280","G0028","G0028_10","increasing",8,12,20,8,12,15,4,15
"281","G0029","G0029_01","inactive",1,1,5,2,2,2,1,4
"282","G0029","G0029_02","inactive",4,5,11,6,5,8,2,10
"283","G0029","G0029_03","inactive",15,14,18,17,18,14,11,18
"284","G0029","G0029_04","inactive",19,10,33,17,20,34,13,20
"285","G0029","G0029_05","inactive",2,2,17,8,7,4,4,9
"286","G0029","G0029_06","inactive",16,24,31,24,15,32,16,32
"287","G0029","G0029_07","inactive",2,0,7,6,4,4,2,12
"288","G0029","G0029_08","inactive",10,6,20,1,9,15,7,5
"289","G0029","G0029_09","inactive",5,4,8,5,10,7,5,19
"290","G0029","G0029_10","inactive",18,19,34,18,17,31,14,35
"291","G0030","G0030_01","inactive",9,4,14,5,8,12,6,11
"292","G0030","G0030_02","inactive",10,4,27,16,12,15,8,21
"293","G0030","G0030_03","inactive",19,20,34,30,27,26,9,23
"294","G0030","G0030_04","inactive",1,8,8,7,5,10,2,17
"295","G0030","G0030_05","inactive",22,27,44,32,24,52,26,36
"296","G0030","G0030_06","inactive",3,3,10,2,6,2,5,6
"297","G0030","G0030_07","inactive",6,7,3,7,5,8,0,6
"298","G0030","G0030_08","inactive",24,30,46,22,27,41,24,25
"299","G0030","G0030_09","inactive",1,10,13,7,7,22,7,9
"300","G0030","G0030_10","inactive",6,17,19,12,12,18,4,17
"301","G0031","G0031_01","decreasing",5,5,3,4,4,6,1,2
"302","G0031","G0031_02","decreasing",1,1,6,9,8,6,1,6
"303","G0031","G0031_03","decreasing",1,2,7,4,1,2,7,4
"304","G0031","G0031_04","decreasing",4,12,20,27,8,15,3,20
"305","G0031","G0031_05","decreasing",2,7,8,11,7,12,2,4
"306","G0031","G0031_06","decreasing",11,12,23,4,9,24,5,10
"307","G0031","G0031_07","decreasing",4,5,5,5,1,1,2,4
"308","G0031","G0031_08","decreasing",23,18,22,12,22,23,3,14
"309","G0031","G0031_09","decreasing",6,5,16,9,6,11,7,6
"310","G0031","G0031_10","decreasing",3,21,18,12,15,12,10,8
"311","G0032","G0032_01","inactive",9,19,17,13,23,45,4,12
"312","G0032","G0032_02","inactive",6,4,10,5,4,1,3,1
"313","G0032","G0032_03","inactive",13,30,45,18,18,41,8,31
"314","G0032","G0032_04","inactive",3,9,9,2,3,8,2,5
"315","G0032","G0032_05","inactive",8,10,4,9,4,9,1,5
"316","G0032","G0032_06","inactive",10,18,22,7,15,17,5,11
"317","G0032","G0032_07","inactive",6,12,11,2,2,15,7,5
"318","G0032","G0032_08","inactive",5,4,8,6,9,9,2,9
"319","G0032","G0032_09","inactive",5,7,7,2,0,3,3,2
"320","G0032","G0032_10","inactive",17,12,22,9,15,22,4,2
"321","G0033","G0033_01","inactive",2,6,6,6,5,9,1,4
"322","G0033","G0033_02","inactive",6,7,6,14,8,7,3,13
"323","G0033","G0033_03","inactive",3,4,7,8,8,13,3,10
"324","G0033","G0033_04","inactive",0,0,1,4,1,0,1,2
"325","G0033","G0033_05","inactive",5,7,16,15,2,6,9,4
"326","G0033","G0033_06","inactive",12,16,19,17,12,22,9,22
"327","G0033","G0033_07","inactive",12,10,19,11,15,25,8,18
"328","G0033","G0033_08","inactive",9,8,15,12,15,22,8,30
"329","G0033","G0033_09","inactive",9,4,5,5,6,7,2,2
"330","G0033","G0033_10","inactive",7,12,11,10,9,20,4,12
"331","G0034","G0034_01","inactive",2,0,16,4,2,3,14,6
"332","G0034","G0034_02","inactive",2,4,5,2,4,10,4,6
"333","G0034","G0034_03","inactive",3,3,8,2,2,6,2,5
"334","G0034","G0034_04","inactive",9,8,18,11,12,19,6,16
"335","G0034","G0034_05","inactive",21,11,19,28,19,40,6,21
"336","G0034","G0034_06","inactive",5,5,7,7,3,12,3,8
"337","G0034","G0034_07","inactive",11,18,33,26,19,36,19,26
"338","G0034","G0034_08","inactive",0,2,8,4,7,1,0,0
"339","G0034","G0034_09","inactive",0,5,12,4,7,3,4,7
"340","G0034","G0034_10","inactive",19,31,26,32,17,36,14,34
"341","G0035","G0035_01","increasing",1,7,6,2,13,10,2,8
"342","G0035","G0035_02","increasing",3,9,4,7,17,10,4,10
"343","G0035","G0035_03","increasing",3,5,3,4,1,7,7,3
"344","G0035","G0035_04","increasing",16,24,23,15,29,32,8,17
"345","G0035","G0035_05","increasing",2,8,11,5,3,20,8,1
"346","G0035","G0035_06","increasing",5,17,24,9,7,17,6,19
"347","G0035","G0035_07","increasing",7,1,5,5,11,6,1,7
"348","G0035","G0035_08","increasing",4,2,0,0,1,8,0,0
"349","G0035","G0035_09","increasing",17,40,49,31,33,54,20,43
"350","G0035","G0035_10","increasing",9,14,20,29,27,32,6,44
"351","G0036","G0036_01","inactive",3,6,17,7,9,11,6,12
"352","G0036","G0036_02","inactive",0,3,5,1,3,5,2,3
"353","G0036","G0036_03","inactive",5,3,5,6,6,8,1,5
"354","G0036","G0036_04","inactive",3,2,10,8,9,5,1,10
"355","G0036","G0036_05","inactive",11,8,15,10,11,10,0,29
"356","G0036","G0036_06","inactive",2,8,12,7,1,13,1,7
"357","G0036","G0036_07","inactive",2,4,4,4,2,8,0,7
"358","G0036","G0036_08","inactive",2,2,2,0,6,4,0,1
"359","G0036","G0036_09","inactive",15,18,29,14,15,24,6,20
"360","G0036","G0036_10","inactive",16,14,38,27,18,40,7,19
"361","G0037","G0037_01","inactive",1,4,5,8,4,6,2,4
"362","G0037","G0037_02","inactive",13,19,25,15,11,26,13,30
"363","G0037","G0037_03","inactive",5,0,3,6,5,4,1,3
"364","G0037","G0037_04","inactive",7,5,19,2,15,10,6,13
"365","G0037","G0037_05","inactive",6,17,26,5,15,16,3,6
"366","G0037","G0037_06","inactive",9,21,28,13,12,18,11,10
"367","G0037","G0037_07","inactive",2,3,3,3,5,7,1,3
"368","G0037","G0037_08","inactive",16,15,16,17,10,11,7,19
"369","G0037","G0037_09","inactive",20,22,38,30,19,29,7,33
"370","G0037","G0037_10","inactive",10,12,23,14,12,15,8,15
"371","G0038","G0038_01","inactive",9,2,11,6,4,9,2,11
"372","G0038","G0038_02","inactive",8,6,11,4,7,12,7,9
"373","G0038","G0038_03","inactive",3,1,8,2,2,6,0,3
"374","G0038","G0038_04","inactive",21,20,32,17,32,19,8,27
"375","G0038","G0038_05","inactive",8,7,23,11,8,16,6,17
"376","G0038","G0038_06","inactive",1,1,2,3,1,7,1,2
"377","G0038","G0038_07","inactive",15,27,30,17,17,28,13,32
"378","G0038","G0038_08","inactive",8,6,16,0,19,19,4,4
"379","G0038","G0038_09","inactive",1,9,11,3,2,9,3,6
"380","G0038","G0038_10","inactive",26,25,46,15,26,40,13,28
"381","G0039","G0039_01","decreasing",6,7,9,3,6,2,5,3
"382","G0039","G0039_02","decreasing",6,18,16,29,11,20,7,18
"383","G0039","G0039_03","decreasing",16,12,20,12,7,10,5,16
"384","G0039","G0039_04","decreasing",15,8,36,10,5,11,5,8
"385","G0039","G0039_05","decreasing",2,4,5,5,0,4,1,3
"386","G0039","G0039_06","decreasing",3,5,14,1,0,8,4,2
"387","G0039","G0039_07","decreasing",3,1,12,6,5,7,6,3
"388","G0039","G0039_08","decreasing",5,6,15,1,8,8,2,0
"389","G0039","G0039_09","decreasing",13,24,39,6,9,27,10,25
"390","G0039","G0039_10","decreasing",18,18,60,14,13,17,11,19
"391","G0040","G0040_01","inactive",7,7,7,14,17,12,7,13
"392","G0040","G0040_02","inactive",7,9,27,9,10,24,5,19
"393","G0040","G0040_03","inactive",8,6,10,7,14,2,5,9
"394","G0040","G0040_04","inactive",5,14,19,12,1,25,6,15
"395","G0040","G0040_05","inactive",3,0,0,0,1,2,0,0
"396","G0040","G0040_06","inactive",2,1,0,3,1,2,0,7
"397","G0040","G0040_07","inactive",3,11,16,5,14,12,5,16
"398","G0040","G0040_08","inactive",0,3,5,1,0,9,3,0
"399","G0040","G0040_09","inactive",15,18,37,22,24,29,7,26
"400","G0040","G0040_10","inactive",19,25,37,29,18,46,16,27
"401","G0041","G0041_01","inactive",4,13,8,10,2,10,3,9
"402","G0041","G0041_02","inactive",4,10,7,6,7,18,5,10
"403","G0041","G0041_03","inactive",11,15,18,15,9,20,4,22
"404","G0041","G0041_04","inactive",4,12,5,7,3,9,5,18
"405","G0041","G0041_05","inactive",2,2,0,3,0,5,2,1
"406","G0041","G0041_06","inactive",4,4,8,5,4,15,3,5
"407","G0041","G0041_07","inactive",19,14,48,12,22,18,13,25
"408","G0041","G0041_08","inactive",16,15,28,13,8,16,12,19
"409","G0041","G0041_09","inactive",6,19,25,12,18,17,10,15
"410","G0041","G0041_10","inactive",0,3,3,2,1,3,0,1
"411","G0042","G0042_01","inactive",1,9,7,2,5,11,5,4
"412","G0042","G0042_02","inactive",1,3,0,1,2,1,0,0
"413","G0042","G0042_03","inactive",8,31,28,12,6,27,11,13
"414","G0042","G0042_04","inactive",25,32,54,44,35,57,13,43
"415","G0042","G0042_05","inactive",2,6,10,9,5,16,2,11
"416","G0042","G0042_06","inactive",7,11,16,9,11,9,3,19
"417","G0042","G0042_07","inactive",3,4,6,2,5,3,7,10
"418","G0042","G0042_08","inactive",1,4,23,12,4,6,7,12
"419","G0042","G0042_09","inactive",8,15,20,23,22,20,4,27
"420","G0042","G0042_10","inactive",5,5,12,6,8,9,6,11
"421","G0043","G0043_01","inactive",3,7,6,12,5,7,0,9
"422","G0043","G0043_02","inactive",6,21,19,25,14,23,6,25
"423","G0043","G0043_03","inactive",20,19,29,15,26,20,4,22
"424","G0043","G0043_04","inactive",8,0,11,2,14,3,1,0
"425","G0043","G0043_05","inactive",4,10,11,8,14,12,6,11
"426","G0043","G0043_06","inactive",16,19,37,21,20,40,8,32
"427","G0043","G0043_07","inactive",7,10,31,18,17,25,11,18
"428","G0043","G0043_08","inactive",3,5,11,9,6,8,7,7
"429","G0043","G0043_09","inactive",2,1,13,7,8,3,2,2
"430","G0043","G0043_10","inactive",6,14,9,7,7,13,1,9
"431","G0044","G0044_01","inactive",9,5,14,14,10,12,3,10
"432","G0044","G0044_02","inactive",9,6,16,8,8,10,2,4
"433","G0044","G0044_03","inactive",5,8,7,11,4,9,2,15
"434","G0044","G0044_04","inactive",5,13,19,9,6,11,2,14
"435","G0044","G0044_05","inactive",7,3,8,8,7,8,4,11
"436","G0044","G0044_06","inactive",4,8,12,5,8,11,4,13
"437","G0044","G0044_07","inactive",0,13,4,7,6,2,2,14
"438","G0044","G0044_08","inactive",3,0,4,7,4,6,3,5
"439","G0044","G0044_09","inactive",1,0,1,0,2,2,1,1
"440","G0044","G0044_10","inactive",12,17,27,16,17,19,7,12
"441","G0045","G0045_01","inactive",4,4,20,6,7,24,5,22
"442","G0045","G0045_02","inactive",2,11,11,11,2,13,5,11
"443","G0045","G0045_03","inactive",5,5,13,21,9,7,5,14
"444","G0045","G0045_04","inactive",5,7,14,8,12,12,7,9
"445","G0045","G0045_05","inactive",12,6,13,15,8,4,4,11
"446","G0045","G0045_06","inactive",15,28,39,19,22,44,12,36
"447","G0045","G0045_07","inactive",7,10,23,12,8,12,5,15
"448","G0045","G0045_08","inactive",14,21,28,22,19,19,9,27
"449","G0045","G0045_09","inactive",4,6,11,7,6,13,9,15
"450","G0045","G0045_10","inactive",1,11,16,6,4,9,7,7
"451","G0046","G0046_01","decreasing",11,8,41,17,7,10,4,15
"452","G0046","G0046_02","decreasing",11,12,15,16,11,16,5,18
"453","G0046","G0046_03","decreasing",8,9,19,5,5,11,1,5
"454","G0046","G0046_04","decreasing",6,20,24,11,12,30,6,12
"455","G0046","G0046_05","decreasing",29,53,56,46,33,52,18,48
"456","G0046","G0046_06","decreasing",12,20,19,19,10,14,3,4
"457","G0046","G0046_07","decreasing",5,4,15,3,4,4,2,3
"458","G0046","G0046_08","decreasing",19,22,37,27,9,19,9,21
"459","G0046","G0046_09","decreasing",8,18,22,18,6,27,3,20
"460","G0046","G0046_10","decreasing",2,3,7,0,2,5,2,4
"461","G0047","G0047_01","decreasing",6,13,25,10,3,18,9,15
"462","G0047","G0047_02","decreasing",25,23,40,22,15,25,9,31
"463","G0047","G0047_03","decreasing",4,10,9,14,0,12,1,6
"464","G0047","G0047_04","decreasing",7,9,17,13,8,4,3,12
"465","G0047","G0047_05","decreasing",3,3,7,1,2,1,2,3
"466","G0047","G0047_06","decreasing",2,4,9,5,2,3,1,6
"467","G0047","G0047_07","decreasing",9,4,17,15,7,16,6,10
"468","G0047","G0047_08","decreasing",5,10,17,20,4,14,7,8
"469","G0047","G0047_09","decreasing",5,3,15,7,1,6,7,8
"470","G0047","G0047_10","decreasing",9,16,23,14,13,11,8,7
"471","G0048","G0048_01","increasing",1,2,9,4,4,8,2,6
"472","G0048","G0048_02","increasing",9,3,17,8,12,15,1,15
"473","G0048","G0048_03","increasing",4,5,5,5,9,5,2,5
"474","G0048","G0048_04","increasing",1,10,8,2,2,5,2,7
"475","G0048","G0048_05","increasing",9,18,29,8,19,30,11,27
"476","G0048","G0048_06","increasing",2,7,3,5,4,12,2,12
"477","G0048","G0048_07","increasing",2,6,6,1,6,5,0,5
"478","G0048","G0048_08","increasing",31,45,53,27,54,74,13,49
"479","G0048","G0048_09","increasing",5,11,10,8,14,16,7,15
"480","G0048","G0048_10","increasing",0,0,1,0,2,1,2,0
"481","G0049","G0049_01","inactive",1,3,4,1,3,1,0,2
"482","G0049","G0049_02","inactive",11,7,11,15,5,18,1,20
"483","G0049","G0049_03","inactive",10,19,17,12,14,17,7,18
"484","G0049","G0049_04","inactive",5,5,5,8,5,16,1,3
"485","G0049","G0049_05","inactive",4,5,13,2,3,9,4,5
"486","G0049","G0049_06","inactive",12,8,27,17,18,18,3,9
"487","G0049","G0049_07","inactive",6,13,21,8,11,21,5,12
"488","G0049","G0049_08","inactive",7,19,22,13,16,26,9,13
"489","G0049","G0049_09","inactive",9,14,14,11,7,22,3,9
"490","G0049","G0049_10","inactive",7,16,22,5,9,10,2,7
"491","G0050","G0050_01","inactive",7,12,23,13,15,23,3,12
"492","G0050","G0050_02","inactive",4,8,23,11,11,15,3,6
"493","G0050","G0050_03","inactive",15,20,26,28,17,25,12,25
"494","G0050","G0050_04","inactive",4,19,23,9,10,17,14,18
"495","G0050","G0050_05","inactive",4,9,3,4,12,6,1,6
"496","G0050","G0050_06","inactive",6,11,12,16,17,14,4,15
"497","G0050","G0050_07","inactive",7,13,13,7,16,16,5,16
"498","G0050","G0050_08","inactive",18,25,52,40,26,35,12,36
"499","G0050","G0050_09","inactive",10,9,31,26,23,38,5,29
"500","G0050","G0050_10","inactive",4,5,12,3,11,17,2,5
"501","G0051","G0051_01","decreasing",1,6,10,5,3,4,2,5
"502","G0051","G0051_02","decreasing",23,30,50,27,19,27,7,19
"503","G0051","G0051_03","decreasing",19,27,19,28,18,29,5,21
"504","G0051","G0051_04","decreasing",3,6,17,14,8,6,2,8
"505","G0051","G0051_05","decreasing",4,6,6,14,7,4,0,4
"506","G0051","G0051_06","decreasing",11,16,18,8,9,10,3,10
"507","G0051","G0051_07","decreasing",21,25,41,11,16,20,10,25
"508","G0051","G0051_08","decreasing",8,12,13,13,11,12,7,13
"509","G0051","G0051_09","decreasing",7,6,24,10,5,5,5,12
"510","G0051","G0051_10","decreasing",6,9,12,8,0,6,6,6
"511","G0052","G0052_01","inactive",16,26,28,17,14,21,12,37
"512","G0052","G0052_02","inactive",2,3,5,9,5,2,2,10
"513","G0052","G0052_03","inactive",4,8,17,4,7,9,4,7
"514","G0052","G0052_04","inactive",3,3,2,0,4,4,3,0
"515","G0052","G0052_05","inactive",3,5,14,15,0,15,6,22
"516","G0052","G0052_06","inactive",0,7,1,1,1,7,1,0
"517","G0052","G0052_07","inactive",39,26,51,26,41,37,16,41
"518","G0052","G0052_08","inactive",2,11,6,4,2,17,5,9
"519","G0052","G0052_09","inactive",9,6,11,9,8,9,4,10
"520","G0052","G0052_10","inactive",0,5,9,3,9,6,1,4
"521","G0053","G0053_01","inactive",4,3,11,8,3,9,4,5
"522","G0053","G0053_02","inactive",2,8,4,4,2,12,2,4
"523","G0053","G0053_03","inactive",8,10,16,5,9,17,4,16
"524","G0053","G0053_04","inactive",15,18,31,25,16,25,11,44
"525","G0053","G0053_05","inactive",14,18,23,21,20,22,4,29
"526","G0053","G0053_06","inactive",15,42,53,33,31,51,22,41
"527","G0053","G0053_07","inactive",10,21,16,15,14,25,10,15
"528","G0053","G0053_08","inactive",2,3,4,9,3,5,3,4
"529","G0053","G0053_09","inactive",1,8,5,8,9,11,5,18
"530","G0053","G0053_10","inactive",17,41,51,21,38,52,16,38
"531","G0054","G0054_01","inactive",8,2,11,2,4,9,2,5
"532","G0054","G0054_02","inactive",12,10,19,7,15,20,4,13
"533","G0054","G0054_03","inactive",3,4,15,4,11,1,2,1
"534","G0054","G0054_04","inactive",4,10,14,15,11,22,9,12
"535","G0054","G0054_05","inactive",1,4,9,4,4,6,0,2
"536","G0054","G0054_06","inactive",6,5,3,11,6,9,1,4
"537","G0054","G0054_07","inactive",6,9,5,5,8,16,6,9
"538","G0054","G0054_08","inactive",15,21,17,14,13,10,6,21
"539","G0054","G0054_09","inactive",16,28,31,14,14,16,10,18
"540","G0054","G0054_10","inactive",1,0,4,1,0,4,2,2
"541","G0055","G0055_01","decreasing",13,30,33,34,25,16,8,36
"542","G0055","G0055_02","decreasing",9,18,31,10,12,14,3,14
"543","G0055","G0055_03","decreasing",7,12,12,16,5,10,8,8
"544","G0055","G0055_04","decreasing",14,10,29,21,16,7,5,19
"545","G0055","G0055_05","decreasing",17,23,40,37,16,25,4,28
"546","G0055","G0055_06","decreasing",33,51,67,47,36,59,19,30
"547","G0055","G0055_07","decreasing",8,14,13,11,13,11,5,23
"548","G0055","G0055_08","decreasing",7,3,10,4,1,5,3,6
"549","G0055","G0055_09","decreasing",13,21,18,12,15,24,6,17
"550","G0055","G0055_10","decreasing",14,41,40,22,15,40,14,23
"551","G0056","G0056_01","inactive",3,6,8,11,12,6,2,13
"552","G0056","G0056_02","inactive",6,11,17,11,3,11,6,18
"553","G0056","G0056_03","inactive",3,0,1,0,1,1,0,0
"554","G0056","G0056_04","inactive",9,4,27,13,7,14,7,17
"555","G0056","G0056_05","inactive",4,11,6,11,5,9,3,9
"556","G0056","G0056_06","inactive",5,3,6,4,3,13,4,7
"557","G0056","G0056_07","inactive",2,4,14,1,2,1,3,4
"558","G0056","G0056_08","inactive",6,4,13,4,4,3,6,11
"559","G0056","G0056_09","inactive",16,13,20,18,21,21,4,23
"560","G0056","G0056_10","inactive",23,19,25,28,24,39,8,34
"561","G0057","G0057_01","inactive",5,3,8,2,5,11,2,0
"562","G0057","G0057_02","inactive",9,3,17,6,11,6,6,9
"563","G0057","G0057_03","inactive",3,12,18,7,6,17,10,11
"564","G0057","G0057_04","inactive",5,2,6,4,7,7,6,5
"565","G0057","G0057_05","inactive",10,17,23,10,12,25,3,29
"566","G0057","G0057_06","inactive",3,10,15,5,3,6,0,18
"567","G0057","G0057_07","inactive",4,7,5,9,4,9,0,9
"568","G0057","G0057_08","inactive",9,13,13,11,12,24,3,7
"569","G0057","G0057_09","inactive",2,4,5,1,3,3,3,4
"570","G0057","G0057_10","inactive",0,3,3,0,0,4,1,1
"571","G0058","G0058_01","inactive",16,22,22,16,25,24,13,25
"572","G0058","G0058_02","inactive",10,18,25,18,24,30,13,22
"573","G0058","G0058_03","inactive",12,14,13,8,14,12,9,17
"574","G0058","G0058_04","inactive",2,3,0,1,2,2,0,3
"575","G0058","G0058_05","inactive",1,10,13,4,5,17,2,9
"576","G0058","G0058_06","inactive",4,5,21,9,3,13,4,5
"577","G0058","G0058_07","inactive",6,6,29,5,12,16,3,10
"578","G0058","G0058_08","inactive",8,12,23,12,5,19,11,18
"579","G0058","G0058_09","inactive",19,31,36,31,28,46,14,26
"580","G0058","G0058_10","inactive",2,4,6,6,2,7,0,8
"581","G0059","G0059_01","increasing",5,0,8,2,9,1,3,2
"582","G0059","G0059_02","increasing",1,1,4,2,3,7,8,4
"583","G0059","G0059_03","increasing",3,9,18,18,9,14,4,20
"584","G0059","G0059_04","increasing",12,8,18,18,20,10,8,18
"585","G0059","G0059_05","increasing",14,14,26,11,10,26,7,27
"586","G0059","G0059_06","increasing",1,5,8,8,3,3,3,5
"587","G0059","G0059_07","increasing",8,9,14,9,7,7,3,10
"588","G0059","G0059_08","increasing",18,26,30,11,34,35,7,44
"589","G0059","G0059_09","increasing",8,8,6,5,9,13,4,6
"590","G0059","G0059_10","increasing",3,10,7,17,10,26,5,35
"591","G0060","G0060_01","increasing",11,3,8,8,16,9,5,8
"592","G0060","G0060_02","increasing",7,7,5,12,7,18,2,8
"593","G0060","G0060_03","increasing",14,24,28,20,25,49,13,30
"594","G0060","G0060_04","increasing",3,14,19,7,6,27,5,19
"595","G0060","G0060_05","increasing",3,2,2,3,4,5,0,8
"596","G0060","G0060_06","increasing",15,7,11,18,15,17,5,35
"597","G0060","G0060_07","increasing",6,6,6,10,3,9,3,15
"598","G0060","G0060_08","increasing",2,3,5,1,4,7,2,3
"599","G0060","G0060_09","increasing",28,36,50,35,46,49,23,48
"600","G0060","G0060_10","increasing",4,4,11,3,7,5,3,8
"601","G0061","G0061_01","inactive",1,3,5,3,2,0,1,4
"602","G0061","G0061_02","inactive",14,21,32,18,10,14,7,24
"603","G0061","G0061_03","inactive",3,4,4,2,1,10,0,7
"604","G0061","G0061_04","inactive",11,7,12,11,10,21,3,9
"605","G0061","G0061_05","inactive",5,11,18,10,5,14,4,7
"606","G0061","G0061_06","inactive",3,15,17,20,10,27,4,26
"607","G0061","G0061_07","inactive",1,4,2,2,5,0,1,6
"608","G0061","G0061_08","inactive",0,0,4,2,0,4,1,1
"609","G0061","G0061_09","inactive",8,16,22,14,6,20,6,16
"610","G0061","G0061_10","inactive",11,15,21,17,13,27,5,21
"611","G0062","G0062_01","inactive",2,3,8,0,1,5,2,9
"612","G0062","G0062_02","inactive",6,17,21,21,8,17,8,13
"613","G0062","G0062_03","inactive",1,6,4,6,3,3,1,3
"614","G0062","G0062_04","inactive",3,9,16,10,13,15,2,6
"615","G0062","G0062_05","inactive",7,9,17,5,17,20,6,11
"616","G0062","G0062_06","inactive",10,23,19,18,12,25,7,14
"617","G0062","G0062_07","inactive",2,0,5,3,1,5,1,8
"618","G0062","G0062_08","inactive",2,4,0,3,4,6,0,6
"619","G0062","G0062_09","inactive",7,16,33,29,11,29,9,40
"620","G0062","G0062_10","inactive",12,13,27,14,19,21,5,13
"621","G0063","G0063_01","inactive",6,8,3,4,6,10,0,6
"622","G0063","G0063_02","inactive",7,9,14,12,12,8,5,14
"623","G0063","G0063_03","inactive",10,7,8,12,15,20,4,17
"624","G0063","G0063_04","inactive",9,8,13,6,11,11,6,16
"625","G0063","G0063_05","inactive",7,19,10,23,13,24,3,41
"626","G0063","G0063_06","inactive",4,11,8,4,6,22,6,12
"627","G0063","G0063_07","inactive",11,17,29,13,15,23,19,22
"628","G0063","G0063_08","inactive",0,11,19,5,6,13,7,12
"629","G0063","G0063_09","inactive",12,21,14,18,22,22,8,16
"630","G0063","G0063_10","inactive",3,9,4,6,2,9,5,7
"631","G0064","G0064_01","inactive",14,12,23,10,22,22,11,19
"632","G0064","G0064_02","inactive",2,2,7,0,2,4,1,2
"633","G0064","G0064_03","inactive",1,1,12,3,6,4,3,9
"634","G0064","G0064_04","inactive",8,7,15,6,9,15,6,13
"635","G0064","G0064_05","inactive",6,3,24,8,9,12,10,12
"636","G0064","G0064_06","inactive",0,6,12,4,4,9,6,9
"637","G0064","G0064_07","inactive",6,6,20,20,14,25,6,25
"638","G0064","G0064_08","inactive",17,17,26,31,26,28,14,23
"639","G0064","G0064_09","inactive",7,9,11,3,6,16,1,5
"640","G0064","G0064_10","inactive",5,15,18,11,9,11,4,11
"641","G0065","G0065_01","decreasing",7,11,9,7,4,9,4,7
"642","G0065","G0065_02","decreasing",5,9,12,5,7,11,1,2
"643","G0065","G0065_03","decreasing",19,23,19,28,29,41,8,37
"644","G0065","G0065_04","decreasing",0,2,1,0,5,0,0,1
"645","G0065","G0065_05","decreasing",7,7,7,10,8,9,6,7
"646","G0065","G0065_06","decreasing",0,8,10,2,2,9,1,4
"647","G0065","G0065_07","decreasing",1,3,4,5,2,3,0,9
"648","G0065","G0065_08","decreasing",4,13,9,8,2,9,0,9
"649","G0065","G0065_09","decreasing",1,0,4,0,0,0,0,0
"650","G0065","G0065_10","decreasing",12,16,20,11,17,10,7,7
"651","G0066","G0066_01","increasing",10,9,19,5,17,11,8,11
"652","G0066","G0066_02","increasing",2,1,5,6,4,2,3,4
"653","G0066","G0066_03","increasing",1,3,5,3,5,4,1,8
"654","G0066","G0066_04","increasing",2,4,7,4,6,2,6,5
"655","G0066","G0066_05","increasing",4,12,25,10,13,22,7,13
"656","G0066","G0066_06","increasing",11,10,13,8,6,15,6,13
"657","G0066","G0066_07","increasing",6,8,8,5,6,8,2,10
"658","G0066","G0066_08","increasing",6,2,8,4,7,4,1,7
"659","G0066","G0066_09","increasing",3,2,7,3,6,6,3,7
"660","G0066","G0066_10","increasing",22,30,37,19,37,58,15,29
"661","G0067","G0067_01","inactive",2,3,5,3,4,3,2,4
"662","G0067","G0067_02","inactive",9,12,16,13,16,12,7,21
"663","G0067","G0067_03","inactive",2,4,4,0,6,3,4,2
"664","G0067","G0067_04","inactive",7,9,32,10,10,29,7,11
"665","G0067","G0067_05","inactive",5,1,2,7,9,3,1,3
"666","G0067","G0067_06","inactive",0,4,12,6,8,3,7,12
"667","G0067","G0067_07","inactive",3,7,6,4,3,12,2,8
"668","G0067","G0067_08","inactive",5,13,4,4,4,13,5,10
"669","G0067","G0067_09","inactive",0,1,7,1,0,3,4,1
"670","G0067","G0067_10","inactive",5,9,13,10,8,11,2,8
"671","G0068","G0068_01","inactive",14,17,31,23,28,34,7,35
"672","G0068","G0068_02","inactive",1,2,3,3,1,5,0,8
"673","G0068","G0068_03","inactive",3,8,3,16,8,12,1,14
"674","G0068","G0068_04","inactive",7,7,14,11,13,8,7,13
"675","G0068","G0068_05","inactive",2,4,0,6,2,5,2,8
"676","G0068","G0068_06","inactive",0,3,5,3,0,4,2,3
"677","G0068","G0068_07","inactive",1,0,0,1,1,1,0,0
"678","G0068","G0068_08","inactive",4,3,1,1,4,5,1,0
"679","G0068","G0068_09","inactive",4,4,11,3,9,4,1,9
"680","G0068","G0068_10","inactive",2,5,4,8,5,12,2,4
"681","G0069","G0069_01","inactive",2,11,10,2,2,13,0,6
"682","G0069","G0069_02","inactive",9,8,26,12,11,14,10,20
"683","G0069","G0069_03","inactive",23,27,43,28,40,34,17,31
"684","G0069","G0069_04","inactive",0,4,5,6,6,9,1,7
"685","G0069","G0069_05","inactive",3,5,1,2,4,9,1,7
"686","G0069","G0069_06","inactive",7,10,18,14,15,26,9,15
"687","G0069","G0069_07","inactive",5,10,9,13,9,16,7,18
"688","G0069","G0069_08","inactive",2,4,5,2,4,5,1,6
"689","G0069","G0069_09","inactive",1,9,14,9,5,7,4,15
"690","G0069","G0069_10","inactive",3,1,8,12,9,16,3,10
"691","G0070","G0070_01","inactive",11,10,10,5,11,10,5,11
"692","G0070","G0070_02","inactive",7,5,7,11,2,13,0,15
"693","G0070","G0070_03","inactive",4,0,9,10,10,1,3,8
"694","G0070","G0070_04","inactive",12,20,15,11,11,18,2,18
"695","G0070","G0070_05","inactive",15,28,27,23,18,37,13,26
"696","G0070","G0070_06","inactive",7,13,27,12,18,25,8,16
"697","G0070","G0070_07","inactive",4,1,11,15,5,10,4,12
"698","G0070","G0070_08","inactive",4,11,12,7,8,23,6,13
"699","G0070","G0070_09","inactive",1,5,4,4,0,1,8,5
"700","G0070","G0070_10","inactive",4,9,17,4,9,9,5,8
"701","G0071","G0071_01","inactive",10,12,25,14,26,29,11,19
"702","G0071","G0071_02","inactive",7,17,32,13,22,21,7,20
"703","G0071","G0071_03","inactive",2,0,7,6,3,7,1,4
"704","G0071","G0071_04","inactive",5,11,13,5,8,13,1,12
"705","G0071","G0071_05","inactive",0,5,5,0,5,1,1,4
"706","G0071","G0071_06","inactive",10,17,18,18,10,17,6,20
"707","G0071","G0071_07","inactive",5,7,14,10,12,23,3,15
"708","G0071","G0071_08","inactive",26,37,70,50,31,55,20,53
"709","G0071","G0071_09","inactive",7,7,23,17,12,16,6,14
"710","G0071","G0071_10","inactive",7,1,4,3,5,0,0,4
"711","G0072","G0072_01","inactive",18,24,53,23,34,47,15,34
"712","G0072","G0072_02","inactive",1,4,12,1,5,4,4,6
"713","G0072","G0072_03","inactive",4,15,9,5,6,13,5,8
"714","G0072","G0072_04","inactive",0,2,5,8,1,5,1,6
"715","G0072","G0072_05","inactive",6,7,11,2,8,11,4,2
"716","G0072","G0072_06","inactive",14,12,14,17,15,16,3,18
"717","G0072","G0072_07","inactive",6,7,6,6,7,7,2,4
"718","G0072","G0072_08","inactive",9,9,19,11,6,19,0,6
"719","G0072","G0072_09","inactive",1,4,12,5,9,14,4,18
"720","G0072","G0072_10","inactive",8,5,11,7,4,8,4,16
"721","G0073","G0073_01","inactive",5,6,13,2,3,7,8,9
"722","G0073","G0073_02","inactive",2,1,5,5,2,4,2,11
"723","G0073","G0073_03","inactive",9,9,2,3,9,7,2,2
"724","G0073","G0073_04","inactive",1,1,5,1,1,4,0,2
"725","G0073","G0073_05","inactive",5,7,9,5,7,10,3,8
"726","G0073","G0073_06","inactive",2,2,5,5,4,2,1,6
"727","G0073","G0073_07","inactive",2,2,5,6,7,13,1,15
"728","G0073","G0073_08","inactive",7,3,9,6,5,15,1,12
"729","G0073","G0073_09","inactive",3,3,3,2,4,6,3,10
"730","G0073","G0073_10","inactive",12,10,19,14,5,15,5,11
"731","G0074","G0074_01","inactive",4,7,12,2,4,8,4,12
"732","G0074","G0074_02","inactive",1,5,10,6,6,9,3,7
"733","G0074","G0074_03","inactive",10,8,25,6,12,18,6,15
"734","G0074","G0074_04","inactive",7,7,9,2,7,6,3,4
"735","G0074","G0074_05","inactive",7,4,11,10,12,14,5,13
"736","G0074","G0074_06","inactive",2,10,7,7,4,6,2,10
"737","G0074","G0074_07","inactive",1,13,15,14,9,19,8,8
"738","G0074","G0074_08","inactive",8,11,15,7,12,14,7,10
"739","G0074","G0074_09","inactive",9,5,12,11,12,8,6,15
"740","G0074","G0074_10","inactive",3,7,11,7,7,7,2,9
"741","G0075","G0075_01","inactive",2,5,7,9,13,6,1,14
"742","G0075","G0075_02","inactive",1,0,4,2,4,8,2,2
"743","G0075","G0075_03","inactive",19,22,34,21,18,48,11,22
"744","G0075","G0075_04","inactive",13,4,14,5,19,18,2,9
"745","G0075","G0075_05","inactive",5,21,18,23,15,35,7,16
"746","G0075","G0075_06","inactive",6,6,3,5,2,6,5,10
"747","G0075","G0075_07","inactive",3,6,7,5,3,13,4,5
"748","G0075","G0075_08","inactive",1,0,5,4,4,0,2,1
"749","G0075","G0075_09","inactive",17,16,25,17,13,26,10,19
"750","G0075","G0075_10","inactive",5,7,9,7,10,8,2,13
"751","G0076","G0076_01","increasing",6,11,16,10,15,8,6,9
"752","G0076","G0076_02","increasing",5,4,5,2,3,5,4,4
"753","G0076","G0076_03","increasing",12,17,20,18,27,38,7,23
"754","G0076","G0076_04","increasing",29,35,57,25,21,60,17,31
"755","G0076","G0076_05","increasing",1,3,5,3,2,7,4,5
"756","G0076","G0076_06","increasing",0,2,7,6,6,6,3,0
"757","G0076","G0076_07","increasing",3,7,3,4,6,7,2,2
"758","G0076","G0076_08","increasing",2,9,10,5,1,20,8,8
"759","G0076","G0076_09","increasing",2,1,2,6,0,2,1,5
"760","G0076","G0076_10","increasing",5,12,21,12,8,9,7,7
"761","G0077","G0077_01","inactive",6,3,14,7,5,4,3,10
"762","G0077","G0077_02","inactive",9,9,11,9,15,16,9,7
"763","G0077","G0077_03","inactive",6,17,22,8,13,23,14,12
"764","G0077","G0077_04","inactive",6,3,10,2,1,1,1,7
"765","G0077","G0077_05","inactive",3,11,5,4,8,5,2,10
"766","G0077","G0077_06","inactive",5,13,24,6,12,11,8,11
"767","G0077","G0077_07","inactive",1,5,6,6,2,3,7,6
"768","G0077","G0077_08","inactive",8,14,22,6,16,13,7,8
"769","G0077","G0077_09","inactive",10,14,10,5,11,15,7,5
"770","G0077","G0077_10","inactive",8,6,12,11,8,15,8,12
"771","G0078","G0078_01","inactive",4,6,3,2,6,13,0,7
"772","G0078","G0078_02","inactive",3,5,12,11,6,9,1,5
"773","G0078","G0078_03","inactive",4,6,8,9,5,11,0,4
"774","G0078","G0078_04","inactive",9,9,13,7,12,28,3,7
"775","G0078","G0078_05","inactive",6,2,2,1,7,5,2,5
"776","G0078","G0078_06","inactive",15,19,33,18,20,17,8,23
"777","G0078","G0078_07","inactive",7,10,17,16,7,14,3,14
"778","G0078","G0078_08","inactive",12,10,15,6,7,10,3,17
"779","G0078","G0078_09","inactive",3,7,13,4,7,7,5,2
"780","G0078","G0078_10","inactive",2,5,3,0,2,1,0,0
"781","G0079","G0079_01","decreasing",3,9,12,5,8,6,1,6
"782","G0079","G0079_02","decreasing",3,0,11,8,11,4,4,8
"783","G0079","G0079_03","decreasing",3,12,18,4,8,7,3,8
"784","G0079","G0079_04","decreasing",6,6,7,8,10,8,2,12
"785","G0079","G0079_05","decreasing",2,0,12,0,1,1,6,2
"786","G0079","G0079_06","decreasing",17,45,55,29,15,34,15,35
"787","G0079","G0079_07","decreasing",8,5,10,8,8,11,2,6
"788","G0079","G0079_08","decreasing",22,25,56,25,25,31,16,18
"789","G0079","G0079_09","decreasing",4,2,5,4,3,1,3,5
"790","G0079","G0079_10","decreasing",7,1,9,2,6,2,1,6
"791","G0080","G0080_01","inactive",1,1,1,5,5,5,2,4
"792","G0080","G0080_02","inactive",1,7,9,4,4,7,1,4
"793","G0080","G0080_03","inactive",0,2,8,2,0,3,3,3
"794","G0080","G0080_04","inactive",2,2,13,3,3,10,5,8
"795","G0080","G0080_05","inactive",4,9,13,13,5,13,3,13
"796","G0080","G0080_06","inactive",9,28,27,15,17,31,14,11
"797","G0080","G0080_07","inactive",24,41,72,34,37,65,29,58
"798","G0080","G0080_08","inactive",21,19,28,20,21,26,9,25
"799","G0080","G0080_09","inactive",3,5,7,8,2,13,5,12
"800","G0080","G0080_10","inactive",0,2,0,1,3,1,0,0
"801","G0081","G0081_01","inactive",13,8,19,3,11,12,6,6
"802","G0081","G0081_02","inactive",1,4,4,3,1,12,7,8
"803","G0081","G0081_03","inactive",2,8,7,8,4,9,4,8
"804","G0081","G0081_04","inactive",7,33,45,18,24,51,11,27
"805","G0081","G0081_05","inactive",1,5,4,7,1,8,0,5
"806","G0081","G0081_06","inactive",7,8,17,9,17,8,5,9
"807","G0081","G0081_07","inactive",32,37,92,58,43,49,20,82
"808","G0081","G0081_08","inactive",14,9,17,12,13,12,8,4
"809","G0081","G0081_09","inactive",9,8,11,5,8,8,0,5
"810","G0081","G0081_10","inactive",22,27,40,27,23,31,10,23
"811","G0082","G0082_01","inactive",6,10,11,1,6,13,3,4
"812","G0082","G0082_02","inactive",2,10,2,2,2,9,1,2
"813","G0082","G0082_03","inactive",13,28,34,24,22,35,16,33
"814","G0082","G0082_04","inactive",10,18,28,11,18,20,8,26
"815","G0082","G0082_05","inactive",8,3,5,2,7,4,2,3
"816","G0082","G0082_06","inactive",10,14,19,5,14,11,3,9
"817","G0082","G0082_07","inactive",11,9,16,11,14,13,7,21
"818","G0082","G0082_08","inactive",5,2,6,3,7,6,2,7
"819","G0082","G0082_09","inactive",0,3,5,0,2,5,0,0
"820","G0082","G0082_10","inactive",4,9,17,7,13,9,6,11
"821","G0083","G0083_01","increasing",3,0,2,6,3,3,0,2
"822","G0083","G0083_02","increasing",11,11,14,13,16,31,6,17
"823","G0083","G0083_03","increasing",6,2,7,4,13,10,1,8
"824","G0083","G0083_04","increasing",3,6,19,7,5,6,3,12
"825","G0083","G0083_05","increasing",0,9,10,4,8,2,4,6
"826","G0083","G0083_06","increasing",10,5,8,2,15,9,0,5
"827","G0083","G0083_07","increasing",32,55,98,59,63,107,37,99
"828","G0083","G0083_08","increasing",4,7,18,11,8,16,3,14
"829","G0083","G0083_09","increasing",8,5,14,3,9,6,4,3
"830","G0083","G0083_10","increasing",12,4,8,6,12,13,4,9
"831","G0084","G0084_01","inactive",4,11,13,18,7,26,5,13
"832","G0084","G0084_02","inactive",0,5,3,1,0,6,2,3
"833","G0084","G0084_03","inactive",6,9,17,5,4,6,4,6
"834","G0084","G0084_04","inactive",6,4,17,7,6,17,6,9
"835","G0084","G0084_05","inactive",1,8,6,5,1,6,5,8
"836","G0084","G0084_06","inactive",1,1,3,5,4,6,1,4
"837","G0084","G0084_07","inactive",5,2,18,10,2,12,4,12
"838","G0084","G0084_08","inactive",2,2,5,2,0,0,2,6
"839","G0084","G0084_09","inactive",3,11,17,8,3,17,7,12
"840","G0084","G0084_10","inactive",4,9,6,8,2,14,2,12
"841","G0085","G0085_01","inactive",37,69,84,61,47,77,29,90
"842","G0085","G0085_02","inactive",6,4,4,3,5,11,0,7
"843","G0085","G0085_03","inactive",23,27,50,34,35,39,18,36
"844","G0085","G0085_04","inactive",13,32,40,29,16,42,8,42
"845","G0085","G0085_05","inactive",2,5,0,1,1,4,0,2
"846","G0085","G0085_06","inactive",4,2,3,1,2,2,2,0
"847","G0085","G0085_07","inactive",3,6,8,5,1,6,1,10
"848","G0085","G0085_08","inactive",5,4,7,4,3,2,0,0
"849","G0085","G0085_09","inactive",7,0,12,8,6,5,6,13
"850","G0085","G0085_10","inactive",0,0,0,0,1,0,0,0
"851","G0086","G0086_01","decreasing",7,10,20,19,8,20,5,22
"852","G0086","G0086_02","decreasing",6,15,10,12,3,11,3,7
"853","G0086","G0086_03","decreasing",1,2,4,10,2,1,1,5
"854","G0086","G0086_04","decreasing",13,2,14,7,14,10,4,11
"855","G0086","G0086_05","decreasing",10,10,16,8,2,10,6,7
"856","G0086","G0086_06","decreasing",1,4,13,3,0,5,2,6
"857","G0086","G0086_07","decreasing",7,7,7,2,3,6,1,4
"858","G0086","G0086_08","decreasing",4,6,9,4,2,11,4,2
"859","G0086","G0086_09","decreasing",3,5,4,0,4,3,1,4
"860","G0086","G0086_10","decreasing",6,3,7,5,7,7,4,3
"861","G0087","G0087_01","increasing",2,5,4,4,6,9,3,8
"862","G0087","G0087_02","increasing",0,3,4,2,0,5,0,5
"863","G0087","G0087_03","increasing",11,10,18,16,29,36,6,31
"864","G0087","G0087_04","increasing",2,5,3,7,3,6,3,5
"865","G0087","G0087_05","increasing",0,4,7,8,0,1,0,11
"866","G0087","G0087_06","increasing",2,3,7,2,5,4,1,3
"867","G0087","G0087_07","increasing",6,10,14,9,10,17,7,5
"868","G0087","G0087_08","increasing",0,0,8,6,1,2,1,6
"869","G0087","G0087_09","increasing",5,3,7,7,5,12,4,16
"870","G0087","G0087_10","increasing",3,1,4,1,5,5,2,3
"871","G0088","G0088_01","negcontrol",4,5,13,2,8,5,7,3
"872","G0088","G0088_02","negcontrol",9,9,3,7,13,11,0,16
"873","G0088","G0088_03","negcontrol",15,17,15,14,20,25,6,13
"874","G0088","G0088_04","negcontrol",11,8,7,11,12,9,2,9
"875","G0088","G0088_05","negcontrol",29,27,52,45,35,31,10,48
"876","G0088","G0088_06","negcontrol",10,15,17,18,13,8,10,21
"877","G0088","G0088_07","negcontrol",2,6,14,3,3,9,4,4
"878","G0088","G0088_08","negcontrol",1,7,8,7,2,10,2,13
"879","G0088","G0088_09","negcontrol",4,10,9,7,4,5,4,7
"880","G0088","G0088_10","negcontrol",13,16,25,19,11,22,8,19
"881","G0089","G0089_01","decreasing",16,13,24,12,17,21,10,18
"882","G0089","G0089_02","decreasing",4,10,13,8,7,5,3,12
"883","G0089","G0089_03","decreasing",0,4,5,4,2,4,5,2
"884","G0089","G0089_04","decreasing",6,7,40,13,9,12,8,12
"885","G0089","G0089_05","decreasing",19,29,37,18,20,22,12,12
"886","G0089","G0089_06","decreasing",10,10,17,10,8,16,5,20
"887","G0089","G0089_07","decreasing",0,2,6,1,1,4,0,5
"888","G0089","G0089_08","decreasing",3,10,14,8,7,6,3,4
"889","G0089","G0089_09","decreasing",1,5,10,8,5,6,4,1
"890","G0089","G0089_10","decreasing",2,0,0,4,2,1,1,5
"891","G0090","G0090_01","inactive",4,7,7,10,10,5,5,9
"892","G0090","G0090_02","inactive",7,7,12,2,11,4,4,4
"893","G0090","G0090_03","inactive",14,22,31,21,13,49,13,29
"894","G0090","G0090_04","inactive",3,2,14,4,5,15,5,5
"895","G0090","G0090_05","inactive",8,3,5,6,8,6,1,9
"896","G0090","G0090_06","inactive",4,5,9,4,3,1,4,11
"897","G0090","G0090_07","inactive",3,5,8,1,8,4,3,2
"898","G0090","G0090_08","inactive",8,18,27,10,15,29,8,12
"899","G0090","G0090_09","inactive",1,3,8,3,1,4,2,6
"900","G0090","G0090_10","inactive",13,17,23,10,27,22,10,17
"901","G0091","G0091_01","inactive",5,11,11,8,4,12,3,10
"902","G0091","G0091_02","inactive",4,9,10,5,4,8,3,10
"903","G0091","G0091_03","inactive",7,13,15,9,6,6,2,14
"904","G0091","G0091_04","inactive",6,10,12,8,6,9,4,16
"905","G0091","G0091_05","inactive",3,13,12,8,8,12,5,8
"906","G0091","G0091_06","inactive",2,4,7,3,8,3,1,3
"907","G0091","G0091_07","inactive",8,5,8,15,7,7,5,3
"908","G0091","G0091_08","inactive",21,26,46,23,28,42,19,43
"909","G0091","G0091_09","inactive",8,12,16,18,8,15,5,11
"910","G0091","G0091_10","inactive",5,15,26,3,5,8,6,9
"911","G0092","G0092_01","inactive",6,9,4,3,13,12,1,13
"912","G0092","G0092_02","inactive",1,8,10,3,5,11,5,3
"913","G0092","G0092_03","inactive",19,11,38,26,24,28,6,41
"914","G0092","G0092_04","inactive",3,5,4,4,6,16,5,5
"915","G0092","G0092_05","inactive",10,9,8,15,13,24,3,22
"916","G0092","G0092_06","inactive",2,0,0,0,3,0,0,0
"917","G0092","G0092_07","inactive",12,13,14,6,3,17,5,8
"918","G0092","G0092_08","inactive",2,5,3,2,7,3,1,1
"919","G0092","G0092_09","inactive",4,2,15,5,3,2,4,14
"920","G0092","G0092_10","inactive",6,1,9,7,6,3,5,10
"921","G0093","G0093_01","inactive",0,11,7,9,6,11,3,9
"922","G0093","G0093_02","inactive",5,17,11,10,10,23,10,9
"923","G0093","G0093_03","inactive",26,49,44,32,31,47,17,48
"924","G0093","G0093_04","inactive",6,5,18,8,12,19,6,5
"925","G0093","G0093_05","inactive",5,8,7,0,6,11,3,4
"926","G0093","G0093_06","inactive",2,2,7,1,0,6,1,0
"927","G0093","G0093_07","inactive",4,0,3,6,2,8,2,5
"928","G0093","G0093_08","inactive",5,7,12,4,9,8,6,4
"929","G0093","G0093_09","inactive",6,9,11,9,7,16,4,14
"930","G0093","G0093_10","inactive",2,8,14,8,6,6,6,5
"931","G0094","G0094_01","inactive",11,15,12,21,16,25,6,30
"932","G0094","G0094_02","inactive",3,9,2,3,2,4,6,4
"933","G0094","G0094_03","inactive",7,8,10,4,5,21,4,11
"934","G0094","G0094_04","inactive",6,7,9,3,4,10,7,9
"935","G0094","G0094_05","inactive",7,11,5,6,8,11,4,6
"936","G0094","G0094_06","inactive",9,6,11,7,15,2,9,13
"937","G0094","G0094_07","inactive",2,8,8,5,11,18,3,8
"938","G0094","G0094_08","inactive",0,4,6,6,1,4,1,4
"939","G0094","G0094_09","inactive",4,0,3,2,2,0,1,4
"940","G0094","G0094_10","inactive",15,13,18,9,13,18,5,8
"941","G0095","G0095_01","inactive",5,17,6,4,4,22,4,4
"942","G0095","G0095_02","inactive",27,46,58,55,46,65,25,64
"943","G0095","G0095_03","inactive",17,21,24,19,24,27,11,30
"944","G0095","G0095_04","inactive",0,12,10,12,6,12,4,15
"945","G0095","G0095_05","inactive",13,18,24,12,14,32,4,14
"946","G0095","G0095_06","inactive",9,13,9,18,19,24,4,20
"947","G0095","G0095_07","inactive",1,5,10,9,6,10,0,12
"948","G0095","G0095_08","inactive",3,10,16,2,3,8,3,6
"949","G0095","G0095_09","inactive",1,0,7,3,1,0,1,6
"950","G0095","G0095_10","inactive",8,7,21,14,10,29,4,12
"951","G0096","G0096_01","inactive",4,7,8,0,4,2,1,3
"952","G0096","G0096_02","inactive",16,38,48,37,21,69,7,46
"953","G0096","G0096_03","inactive",5,5,7,9,4,9,5,13
"954","G0096","G0096_04","inactive",7,8,23,11,5,21,6,22
"955","G0096","G0096_05","inactive",16,37,26,28,21,40,11,36
"956","G0096","G0096_06","inactive",19,10,8,14,9,25,8,14
"957","G0096","G0096_07","inactive",2,7,5,1,7,15,1,2
"958","G0096","G0096_08","inactive",39,72,90,67,42,68,27,84
"959","G0096","G0096_09","inactive",14,29,15,21,21,31,6,33
"960","G0096","G0096_10","inactive",2,4,7,10,1,3,1,11
"961","G0097","G0097_01","inactive",4,5,14,7,7,11,5,4
"962","G0097","G0097_02","inactive",9,12,26,10,9,20,2,12
"963","G0097","G0097_03","inactive",10,13,17,16,18,11,4,22
"964","G0097","G0097_04","inactive",0,12,1,2,3,15,2,1
"965","G0097","G0097_05","inactive",2,1,2,0,2,4,0,1
"966","G0097","G0097_06","inactive",8,6,14,6,2,13,2,5
"967","G0097","G0097_07","inactive",5,8,6,10,15,13,0,5
"968","G0097","G0097_08","inactive",28,47,78,26,42,68,30,54
"969","G0097","G0097_09","inactive",2,7,5,1,4,3,0,3
"970","G0097","G0097_10","inactive",9,4,12,15,8,6,5,13
"971","G0098","G0098_01","inactive",2,5,4,4,0,6,4,3
"972","G0098","G0098_02","inactive",1,7,3,7,0,6,0,5
"973","G0098","G0098_03","inactive",2,4,17,5,4,6,4,5
"974","G0098","G0098_04","inactive",4,3,2,3,6,5,1,8
"975","G0098","G0098_05","inactive",1,5,8,3,2,5,0,3
"976","G0098","G0098_06","inactive",3,15,8,2,5,14,4,7
"977","G0098","G0098_07","inactive",3,4,3,3,4,9,1,2
"978","G0098","G0098_08","inactive",3,6,5,4,12,8,1,12
"979","G0098","G0098_09","inactive",2,6,9,2,4,5,0,3
"980","G0098","G0098_10","inactive",2,3,11,2,1,7,1,4
"981","G0099","G0099_01","decreasing",31,30,71,37,26,30,13,34
"982","G0099","G0099_02","decreasing",13,11,15,11,6,10,5,20
"983","G0099","G0099_03","decreasing",16,11,31,24,20,13,7,15
"984","G0099","G0099_04","decreasing",3,8,8,7,2,17,3,8
"985","G0099","G0099_05","decreasing",9,10,12,16,12,11,2,8
"986","G0099","G0099_06","decreasing",7,14,29,20,4,14,7,13
"987","G0099","G0099_07","decreasing",14,19,25,23,12,15,3,21
"988","G0099","G0099_08","decreasing",13,26,47,19,22,21,11,24
"989","G0099","G0099_09","decreasing",6,2,11,3,7,2,0,4
"990","G0099","G0099_10","decreasing",0,0,0,0,0,1,0,1
"991","G0100","G0100_01","inactive",16,20,36,20,13,28,14,33
"992","G0100","G0100_02","inactive",10,15,16,19,13,27,9,21
"993","G0100","G0100_03","inactive",0,1,1,0,4,2,0,1
"994","G0100","G0100_04","inactive",11,6,14,9,11,6,1,14
"995","G0100","G0100_05","inactive",9,12,15,6,10,19,1,8
"996","G0100","G0100_06","inactive",20,29,52,27,21,27,11,32
"997","G0100","G0100_07","inactive",16,15,25,15,18,24,9,22
"998","G0100","G0100_08","inactive",7,11,14,15,17,20,4,25
"999","G0100","G0100_09","inactive",11,22,21,13,15,25,12,14
"1000","G0100","G0100_10","inactive",10,14,9,7,14,19,13,6
"1001","G0101","G0101_01","inactive",3,6,16,0,4,3,4,6
"1002","G0101","G0101_02","inactive",9,10,11,9,11,24,3,14
"1003","G0101","G0101_03","inactive",6,7,6,5,8,6,3,3
"1004","G0101","G0101_04","inactive",6,4,4,6,5,11,8,4
"1005","G0101","G0101_05","inactive",1,5,4,4,2,4,1,6
"1006","G0101","G0101_06","inactive",2,1,4,6,5,9,3,0
"1007","G0101","G0101_07","inactive",6,2,7,8,6,6,4,8
"1008","G0101","G0101_08","inactive",2,8,5,7,3,5,6,6
"1009","G0101","G0101_09","inactive",1,7,9,5,2,3,2,3
"1010","G0101","G0101_10","inactive",6,10,15,4,7,22,2,9
"1011","G0102","G0102_01","inactive",4,3,7,9,2,10,3,5
"1012","G0102","G0102_02","inactive",1,3,12,5,6,6,2,6
"1013","G0102","G0102_03","inactive",13,27,32,30,19,44,6,36
"1014","G0102","G0102_04","inactive",3,3,6,0,6,9,4,1
"1015","G0102","G0102_05","inactive",3,1,10,8,3,6,3,12
"1016","G0102","G0102_06","inactive",1,3,0,4,2,10,1,7
"1017","G0102","G0102_07","inactive",2,5,4,5,4,3,1,6
"1018","G0102","G0102_08","inactive",10,3,16,19,15,8,3,15
"1019","G0102","G0102_09","inactive",2,4,9,4,7,6,3,4
"1020","G0102","G0102_10","inactive",4,0,5,4,2,9,1,9
"1021","G0103","G0103_01","inactive",8,19,28,14,11,24,6,13
"1022","G0103","G0103_02","inactive",7,9,8,9,8,4,0,8
"1023","G0103","G0103_03","inactive",4,4,1,0,4,4,0,1
"1024","G0103","G0103_04","inactive",4,3,7,1,6,3,2,6
"1025","G0103","G0103_05","inactive",7,3,15,8,9,11,5,9
"1026","G0103","G0103_06","inactive",5,9,14,5,4,2,5,2
"1027","G0103","G0103_07","inactive",11,32,34,13,14,35,18,29
"1028","G0103","G0103_08","inactive",6,14,18,10,3,12,9,13
"1029","G0103","G0103_09","inactive",4,4,5,5,6,8,1,8
"1030","G0103","G0103_10","inactive",5,8,12,5,6,17,7,13
"1031","G0104","G0104_01","inactive",9,8,10,9,6,14,3,7
"1032","G0104","G0104_02","inactive",9,12,7,2,5,13,1,1
"1033","G0104","G0104_03","inactive",14,12,14,17,22,19,6,16
"1034","G0104","G0104_04","inactive",0,3,3,5,2,8,2,3
"1035","G0104","G0104_05","inactive",6,10,15,6,8,17,4,9
"1036","G0104","G0104_06","inactive",3,8,10,7,10,13,2,5
"1037","G0104","G0104_07","inactive",2,2,10,6,2,11,1,10
"1038","G0104","G0104_08","inactive",3,7,2,9,7,1,2,4
"1039","G0104","G0104_09","inactive",1,5,13,2,1,3,2,4
"1040","G0104","G0104_10","inactive",21,30,80,33,27,44,21,37
"1041","G0105","G0105_01","increasing",8,4,12,12,11,11,3,10
"1042","G0105","G0105_02","increasing",3,4,13,8,6,16,4,20
"1043","G0105","G0105_03","increasing",5,4,3,3,10,10,3,10
"1044","G0105","G0105_04","increasing",4,7,14,8,11,9,7,20
"1045","G0105","G0105_05","increasing",9,13,12,10,11,19,3,26
"1046","G0105","G0105_06","increasing",2,6,8,5,7,10,1,9
"1047","G0105","G0105_07","increasing",18,12,18,8,22,12,3,16
"1048","G0105","G0105_08","increasing",0,6,3,3,1,6,1,3
"1049","G0105","G0105_09","increasing",4,4,2,6,3,4,3,14
"1050","G0105","G0105_10","increasing",0,0,2,2,0,2,1,5
"1051","G0106","G0106_01","inactive",9,3,10,12,5,12,0,8
"1052","G0106","G0106_02","inactive",1,1,5,5,1,4,2,10
"1053","G0106","G0106_03","inactive",5,9,19,11,8,22,10,17
"1054","G0106","G0106_04","inactive",2,0,0,0,0,2,0,1
"1055","G0106","G0106_05","inactive",14,7,18,4,16,4,8,1
"1056","G0106","G0106_06","inactive",10,36,19,21,22,32,9,15
"1057","G0106","G0106_07","inactive",4,6,8,2,1,4,0,1
"1058","G0106","G0106_08","inactive",3,7,2,0,3,7,2,3
"1059","G0106","G0106_09","inactive",8,3,5,1,4,9,0,0
"1060","G0106","G0106_10","inactive",0,1,5,6,3,5,3,3
"1061","G0107","G0107_01","inactive",5,5,34,14,6,5,6,14
"1062","G0107","G0107_02","inactive",2,5,7,7,4,7,2,5
"1063","G0107","G0107_03","inactive",8,10,13,10,9,8,1,14
"1064","G0107","G0107_04","inactive",14,6,8,8,13,17,5,19
"1065","G0107","G0107_05","inactive",2,2,3,8,3,4,3,3
"1066","G0107","G0107_06","inactive",6,10,18,6,13,16,1,6
"1067","G0107","G0107_07","inactive",0,0,4,1,0,0,1,2
"1068","G0107","G0107_08","inactive",2,6,13,10,10,13,2,18
"1069","G0107","G0107_09","inactive",7,10,10,10,4,16,9,18
"1070","G0107","G0107_10","inactive",2,5,21,7,10,14,3,9
"1071","G0108","G0108_01","decreasing",6,13,19,6,4,9,5,14
"1072","G0108","G0108_02","decreasing",3,13,15,4,5,17,0,8
"1073","G0108","G0108_03","decreasing",2,2,3,2,1,4,1,2
"1074","G0108","G0108_04","decreasing",8,9,16,14,10,8,1,2
"1075","G0108","G0108_05","decreasing",5,4,10,2,9,12,2,5
"1076","G0108","G0108_06","decreasing",13,16,16,11,8,14,6,16
"1077","G0108","G0108_07","decreasing",3,2,4,1,7,14,5,3
"1078","G0108","G0108_08","decreasing",2,9,17,16,3,21,7,12
"1079","G0108","G0108_09","decreasing",14,23,40,30,22,33,7,24
"1080","G0108","G0108_10","decreasing",3,16,20,8,11,10,7,6
"1081","G0109","G0109_01","increasing",1,3,7,3,2,13,2,9
"1082","G0109","G0109_02","increasing",6,7,25,11,24,20,5,20
"1083","G0109","G0109_03","increasing",7,6,4,7,10,20,3,16
"1084","G0109","G0109_04","increasing",11,7,2,5,9,18,2,18
"1085","G0109","G0109_05","increasing",13,24,19,9,29,57,4,32
"1086","G0109","G0109_06","increasing",24,34,58,43,37,52,18,60
"1087","G0109","G0109_07","increasing",14,20,23,19,21,43,13,26
"1088","G0109","G0109_08","increasing",3,0,6,5,4,1,3,5
"1089","G0109","G0109_09","increasing",1,0,6,1,1,2,2,1
"1090","G0109","G0109_10","increasing",2,2,1,0,1,0,1,2
"1091","G0110","G0110_01","inactive",5,16,11,9,10,27,6,12
"1092","G0110","G0110_02","inactive",1,1,5,6,0,7,2,4
"1093","G0110","G0110_03","inactive",0,0,8,5,2,4,1,14
"1094","G0110","G0110_04","inactive",10,9,26,7,11,9,8,8
"1095","G0110","G0110_05","inactive",0,7,5,5,3,8,2,5
"1096","G0110","G0110_06","inactive",6,6,15,16,7,18,1,9
"1097","G0110","G0110_07","inactive",5,8,10,3,6,8,3,7
"1098","G0110","G0110_08","inactive",16,27,50,24,28,52,10,47
"1099","G0110","G0110_09","inactive",4,8,13,5,3,9,4,3
"1100","G0110","G0110_10","inactive",14,13,25,15,12,24,7,15
"1101","G0111","G0111_01","inactive",2,6,12,4,4,11,1,5
"1102","G0111","G0111_02","inactive",11,10,15,14,7,13,1,17
"1103","G0111","G0111_03","inactive",8,13,14,12,4,13,4,13
"1104","G0111","G0111_04","inactive",3,1,6,4,7,7,2,1
"1105","G0111","G0111_05","inactive",20,26,55,32,27,40,14,43
"1106","G0111","G0111_06","inactive",9,6,9,9,10,21,5,5
"1107","G0111","G0111_07","inactive",10,11,13,15,17,12,4,28
"1108","G0111","G0111_08","inactive",13,3,13,8,16,9,1,9
"1109","G0111","G0111_09","inactive",6,12,20,14,12,20,4,13
"1110","G0111","G0111_10","inactive",5,5,11,8,7,13,3,11
"1111","G0112","G0112_01","decreasing",0,2,0,1,0,5,1,3
"1112","G0112","G0112_02","decreasing",1,11,5,9,3,12,5,13
"1113","G0112","G0112_03","decreasing",2,10,11,6,7,13,6,11
"1114","G0112","G0112_04","decreasing",4,6,14,12,5,16,7,14
"1115","G0112","G0112_05","decreasing",10,18,18,6,17,32,4,22
"1116","G0112","G0112_06","decreasing",1,9,5,5,5,7,5,12
"1117","G0112","G0112_07","decreasing",12,12,16,11,7,12,3,23
"1118","G0112","G0112_08","decreasing",16,34,40,26,30,41,11,29
"1119","G0112","G0112_09","decreasing",14,20,22,31,10,26,12,29
"1120","G0112","G0112_10","decreasing",1,4,2,1,0,12,0,4
"1121","G0113","G0113_01","inactive",6,12,8,11,13,16,3,9
"1122","G0113","G0113_02","inactive",9,9,23,10,19,13,5,13
"1123","G0113","G0113_03","inactive",2,10,21,18,7,27,6,14
"1124","G0113","G0113_04","inactive",3,2,2,2,5,5,0,3
"1125","G0113","G0113_05","inactive",8,10,15,16,7,13,1,15
"1126","G0113","G0113_06","inactive",12,15,21,7,31,17,9,26
"1127","G0113","G0113_07","inactive",2,7,8,4,8,12,3,6
"1128","G0113","G0113_08","inactive",16,22,27,18,18,24,20,26
"1129","G0113","G0113_09","inactive",14,5,18,7,15,15,4,15
"1130","G0113","G0113_10","inactive",9,15,13,17,7,15,5,12
"1131","G0114","G0114_01","inactive",6,21,26,19,18,27,6,30
"1132","G0114","G0114_02","inactive",12,17,37,17,21,17,9,24
"1133","G0114","G0114_03","inactive",2,5,12,4,3,5,2,7
"1134","G0114","G0114_04","inactive",2,0,9,3,3,1,2,5
"1135","G0114","G0114_05","inactive",5,7,3,8,2,10,2,5
"1136","G0114","G0114_06","inactive",0,3,0,1,2,8,0,1
"1137","G0114","G0114_07","inactive",7,10,30,10,12,19,10,18
"1138","G0114","G0114_08","inactive",12,11,21,18,18,24,4,24
"1139","G0114","G0114_09","inactive",5,4,6,9,2,8,3,13
"1140","G0114","G0114_10","inactive",1,7,5,5,2,7,0,6
"1141","G0115","G0115_01","decreasing",2,4,7,1,2,4,0,3
"1142","G0115","G0115_02","decreasing",5,5,10,10,6,7,1,4
"1143","G0115","G0115_03","decreasing",6,4,9,6,6,4,1,0
"1144","G0115","G0115_04","decreasing",2,3,6,1,2,1,5,1
"1145","G0115","G0115_05","decreasing",1,2,11,8,6,8,2,9
"1146","G0115","G0115_06","decreasing",6,11,7,10,2,9,1,6
"1147","G0115","G0115_07","decreasing",16,12,28,10,14,16,3,11
"1148","G0115","G0115_08","decreasing",19,22,21,12,13,27,3,12
"1149","G0115","G0115_09","decreasing",9,14,18,10,10,7,8,10
"1150","G0115","G0115_10","decreasing",18,19,16,12,14,23,4,11
"1151","G0116","G0116_01","increasing",8,18,24,17,13,31,13,50
"1152","G0116","G0116_02","increasing",2,4,11,2,7,17,7,12
"1153","G0116","G0116_03","increasing",2,0,2,3,2,2,3,3
"1154","G0116","G0116_04","increasing",17,12,14,9,20,30,8,14
"1155","G0116","G0116_05","increasing",9,13,9,9,20,26,3,12
"1156","G0116","G0116_06","increasing",0,8,2,2,6,11,0,0
"1157","G0116","G0116_07","increasing",15,39,38,30,38,62,21,54
"1158","G0116","G0116_08","increasing",5,5,9,8,8,18,3,19
"1159","G0116","G0116_09","increasing",3,3,2,3,0,11,2,4
"1160","G0116","G0116_10","increasing",4,4,4,10,10,6,1,9
"1161","G0117","G0117_01","inactive",9,14,18,8,12,17,6,5
"1162","G0117","G0117_02","inactive",1,2,3,1,6,3,1,1
"1163","G0117","G0117_03","inactive",9,13,15,9,9,27,4,13
"1164","G0117","G0117_04","inactive",4,0,17,8,10,0,5,13
"1165","G0117","G0117_05","inactive",11,6,9,5,9,16,1,16
"1166","G0117","G0117_06","inactive",5,15,11,15,8,27,2,10
"1167","G0117","G0117_07","inactive",10,11,19,12,13,18,2,19
"1168","G0117","G0117_08","inactive",2,3,8,4,3,4,3,14
"1169","G0117","G0117_09","inactive",20,21,43,13,25,28,13,29
"1170","G0117","G0117_10","inactive",29,46,71,43,41,66,19,67
"1171","G0118","G0118_01","inactive",13,21,23,28,16,32,7,29
"1172","G0118","G0118_02","inactive",9,8,11,8,7,8,6,10
"1173","G0118","G0118_03","inactive",4,2,0,5,0,5,0,9
"1174","G0118","G0118_04","inactive",3,4,8,4,7,14,2,10
"1175","G0118","G0118_05","inactive",0,3,1,3,0,5,1,0
"1176","G0118","G0118_06","inactive",1,3,9,4,3,9,3,5
"1177","G0118","G0118_07","inactive",35,41,80,60,40,60,18,74
"1178","G0118","G0118_08","inactive",5,14,18,12,15,23,4,21
"1179","G0118","G0118_09","inactive",0,4,7,6,8,2,2,4
"1180","G0118","G0118_10","inactive",2,7,9,10,9,18,10,11
"1181","G0119","G0119_01","decreasing",12,24,32,26,14,25,11,23
"1182","G0119","G0119_02","decreasing",5,6,13,5,3,13,1,10
"1183","G0119","G0119_03","decreasing",1,4,6,9,5,11,0,15
"1184","G0119","G0119_04","decreasing",12,28,72,29,12,38,11,30
"1185","G0119","G0119_05","decreasing",6,7,12,13,3,2,2,1
"1186","G0119","G0119_06","decreasing",4,4,7,4,1,3,4,7
"1187","G0119","G0119_07","decreasing",9,11,11,12,5,9,1,8
"1188","G0119","G0119_08","decreasing",4,15,30,19,9,11,1,20
"1189","G0119","G0119_09","decreasing",12,7,15,10,9,3,6,5
"1190","G0119","G0119_10","decreasing",1,6,3,3,1,8,0,1
"1191","G0120","G0120_01","inactive",6,2,12,5,7,1,4,15
"1192","G0120","G0120_02","inactive",11,18,27,15,21,25,6,24
"1193","G0120","G0120_03","inactive",13,20,46,21,24,44,19,29
"1194","G0120","G0120_04","inactive",1,2,14,6,6,4,0,6
"1195","G0120","G0120_05","inactive",11,11,26,10,17,16,5,21
"1196","G0120","G0120_06","inactive",2,6,5,0,4,2,0,1
"1197","G0120","G0120_07","inactive",6,5,5,2,6,9,2,3
"1198","G0120","G0120_08","inactive",3,13,13,10,7,11,5,13
"1199","G0120","G0120_09","inactive",22,32,27,15,27,41,10,24
"1200","G0120","G0120_10","inactive",4,4,1,1,0,5,0,6
"1201","G0121","G0121_01","inactive",14,12,22,24,18,8,7,17
"1202","G0121","G0121_02","inactive",13,23,18,17,20,19,5,21
"1203","G0121","G0121_03","inactive",9,6,14,6,17,6,3,1
"1204","G0121","G0121_04","inactive",5,2,5,4,2,2,2,1
"1205","G0121","G0121_05","inactive",3,5,13,3,3,7,1,6
"1206","G0121","G0121_06","inactive",3,9,18,4,3,15,9,8
"1207","G0121","G0121_07","inactive",19,24,78,45,33,47,16,54
"1208","G0121","G0121_08","inactive",3,3,2,5,3,3,1,10
"1209","G0121","G0121_09","inactive",18,19,32,17,15,25,9,22
"1210","G0121","G0121_10","inactive",5,7,6,2,4,11,0,7
"1211","G0122","G0122_01","inactive",5,12,19,7,10,15,8,15
"1212","G0122","G0122_02","inactive",9,3,26,7,12,7,5,8
"1213","G0122","G0122_03","inactive",3,10,12,4,7,7,2,5
"1214","G0122","G0122_04","inactive",49,90,104,76,82,106,34,82
"1215","G0122","G0122_05","inactive",9,8,6,13,11,11,2,16
"1216","G0122","G0122_06","inactive",8,6,7,9,8,6,3,12
"1217","G0122","G0122_07","inactive",4,12,18,8,13,18,6,23
"1218","G0122","G0122_08","inactive",9,7,6,7,9,7,3,6
"1219","G0122","G0122_09","inactive",11,16,16,21,24,6,6,20
"1220","G0122","G0122_10","inactive",2,8,12,3,3,8,5,1
"1221","G0123","G0123_01","negcontrol",8,7,6,5,6,7,4,3
"1222","G0123","G0123_02","negcontrol",0,2,3,3,3,4,3,4
"1223","G0123","G0123_03","negcontrol",19,26,36,31,20,38,12,30
"1224","G0123","G0123_04","negcontrol",2,2,4,0,3,5,1,2
"1225","G0123","G0123_05","negcontrol",7,4,23,4,8,10,3,14
"1226","G0123","G0123_06","negcontrol",0,0,1,0,3,0,1,1
"1227","G0123","G0123_07","negcontrol",10,29,25,8,14,23,10,19
"1228","G0123","G0123_08","negcontrol",5,7,16,5,11,10,5,9
"1229","G0123","G0123_09","negcontrol",2,2,4,4,7,4,6,6
"1230","G0123","G0123_10","negcontrol",3,7,4,2,8,10,1,4
"1231","G0124","G0124_01","inactive",21,49,34,37,30,58,13,43
"1232","G0124","G0124_02","inactive",5,11,17,7,13,13,2,16
"1233","G0124","G0124_03","inactive",6,14,33,15,16,18,11,21
"1234","G0124","G0124_04","inactive",18,34,37,37,23,48,15,40
"1235","G0124","G0124_05","inactive",8,9,12,5,8,11,1,5
"1236","G0124","G0124_06","inactive",22,11,23,17,24,18,4,19
"1237","G0124","G0124_07","inactive",9,22,27,17,18,21,15,16
"1238","G0124","G0124_08","inactive",6,11,9,7,7,11,4,11
"1239","G0124","G0124_09","inactive",0,7,7,2,9,5,1,1
"1240","G0124","G0124_10","inactive",13,20,30,10,15,25,8,16
"1241","G0125","G0125_01","inactive",5,9,5,4,9,23,6,14
"1242","G0125","G0125_02","inactive",9,8,13,11,10,14,1,18
"1243","G0125","G0125_03","inactive",7,9,12,4,6,9,5,8
"1244","G0125","G0125_04","inactive",5,8,11,3,7,12,4,6
"1245","G0125","G0125_05","inactive",0,5,2,3,2,9,0,6
"1246","G0125","G0125_06","inactive",2,3,5,10,3,7,3,13
"1247","G0125","G0125_07","inactive",7,4,3,5,2,4,0,9
"1248","G0125","G0125_08","inactive",4,12,13,6,8,9,1,7
"1249","G0125","G0125_09","inactive",0,3,5,3,3,2,1,1
"1250","G0125","G0125_10","inactive",5,5,10,3,8,7,1,6
"1251","G0126","G0126_01","negcontrol",6,5,4,5,12,3,1,2
"1252","G0126","G0126_02","negcontrol",8,8,9,12,14,11,3,15
"1253","G0126","G0126_03","negcontrol",2,4,15,4,6,16,6,5
"1254","G0126","G0126_04","negcontrol",5,4,8,2,3,3,3,2
"1255","G0126","G0126_05","negcontrol",4,5,14,10,5,8,3,18
"1256","G0126","G0126_06","negcontrol",14,14,26,19,14,31,5,24
"1257","G0126","G0126_07","negcontrol",4,7,17,5,5,4,4,14
"1258","G0126","G0126_08","negcontrol",4,9,5,1,6,2,3,2
"1259","G0126","G0126_09","negcontrol",24,11,36,13,25,37,14,16
"1260","G0126","G0126_10","negcontrol",9,9,28,16,8,14,7,15
"1261","G0127","G0127_01","inactive",11,12,28,18,17,43,6,25
"1262","G0127","G0127_02","inactive",13,20,27,9,5,34,6,18
"1263","G0127","G0127_03","inactive",12,42,44,18,13,45,8,24
"1264","G0127","G0127_04","inactive",6,8,12,4,4,12,5,10
"1265","G0127","G0127_05","inactive",15,27,28,21,19,41,6,25
"1266","G0127","G0127_06","inactive",1,4,6,5,8,4,0,7
"1267","G0127","G0127_07","inactive",5,5,2,6,6,5,1,8
"1268","G0127","G0127_08","inactive",8,11,19,10,13,23,8,17
"1269","G0127","G0127_09","inactive",3,4,5,2,6,7,1,6
"1270","G0127","G0127_10","inactive",5,2,11,3,3,11,4,4
"1271","G0128","G0128_01","decreasing",1,9,13,3,1,11,1,2
"1272","G0128","G0128_02","decreasing",4,7,9,13,9,14,2,14
"1273","G0128","G0128_03","decreasing",3,5,9,8,6,7,2,9
"1274","G0128","G0128_04","decreasing",8,12,20,16,5,9,10,17
"1275","G0128","G0128_05","decreasing",1,3,6,3,2,3,0,4
"1276","G0128","G0128_06","decreasing",1,1,7,3,0,3,0,1
"1277","G0128","G0128_07","decreasing",1,5,1,10,3,3,2,12
"1278","G0128","G0128_08","decreasing",5,10,38,7,5,9,5,15
"1279","G0128","G0128_09","decreasing",5,6,9,19,3,4,3,7
"1280","G0128","G0128_10","decreasing",4,5,20,11,9,4,6,7
"1281","G0129","G0129_01","inactive",3,6,4,5,1,15,0,2
"1282","G0129","G0129_02","inactive",3,6,8,3,8,16,2,9
"1283","G0129","G0129_03","inactive",10,15,22,17,15,28,12,23
"1284","G0129","G0129_04","inactive",8,4,19,6,10,2,7,11
"1285","G0129","G0129_05","inactive",8,9,17,8,3,26,2,12
"1286","G0129","G0129_06","inactive",4,8,16,20,8,3,4,21
"1287","G0129","G0129_07","inactive",4,10,18,7,20,25,14,15
"1288","G0129","G0129_08","inactive",5,5,15,2,15,10,5,10
"1289","G0129","G0129_09","inactive",4,3,18,4,8,4,4,11
"1290","G0129","G0129_10","inactive",8,1,8,3,6,0,2,2
"1291","G0130","G0130_01","increasing",3,4,2,2,2,8,1,1
"1292","G0130","G0130_02","increasing",2,7,17,7,2,11,3,11
"1293","G0130","G0130_03","increasing",4,2,5,9,5,10,1,9
"1294","G0130","G0130_04","increasing",6,2,6,4,7,4,3,13
"1295","G0130","G0130_05","increasing",3,3,7,1,6,7,4,4
"1296","G0130","G0130_06","increasing",5,6,17,3,9,8,4,8
"1297","G0130","G0130_07","increasing",6,5,5,7,19,15,2,12
"1298","G0130","G0130_08","increasing",5,6,6,4,6,13,3,5
"1299","G0130","G0130_09","increasing",4,6,6,0,6,14,6,7
"1300","G0130","G0130_10","increasing",6,6,14,9,15,22,5,15
"1301","G0131","G0131_01","inactive",4,6,4,4,1,10,1,6
"1302","G0131","G0131_02","inactive",2,10,12,2,9,15,2,5
"1303","G0131","G0131_03","inactive",10,11,10,15,12,22,2,18
"1304","G0131","G0131_04","inactive",8,11,15,9,20,16,2,13
"1305","G0131","G0131_05","inactive",6,2,15,12,9,16,5,20
"1306","G0131","G0131_06","inactive",6,12,15,19,12,25,7,20
"1307","G0131","G0131_07","inactive",8,9,13,10,14,18,3,16
"1308","G0131","G0131_08","inactive",9,3,8,6,2,4,5,11
"1309","G0131","G0131_09","inactive",7,3,13,5,7,4,1,7
"1310","G0131","G0131_10","inactive",4,7,16,11,7,14,8,19
"1311","G0132","G0132_01","increasing",7,12,25,5,10,9,11,12
"1312","G0132","G0132_02","increasing",18,28,18,32,24,31,4,45
"1313","G0132","G0132_03","increasing",0,2,5,7,2,6,3,5
"1314","G0132","G0132_04","increasing",5,3,14,7,8,12,6,9
"1315","G0132","G0132_05","increasing",3,13,9,6,7,10,5,13
"1316","G0132","G0132_06","increasing",0,1,2,1,1,5,0,2
"1317","G0132","G0132_07","increasing",11,7,7,6,10,23,10,9
"1318","G0132","G0132_08","increasing",2,12,2,5,11,12,0,7
"1319","G0132","G0132_09","increasing",7,9,8,6,10,31,6,15
"1320","G0132","G0132_10","increasing",7,11,8,4,6,6,3,5
"1321","G0133","G0133_01","inactive",2,4,18,8,7,7,3,8
"1322","G0133","G0133_02","inactive",14,9,13,9,14,13,6,14
"1323","G0133","G0133_03","inactive",9,5,9,12,14,14,3,13
"1324","G0133","G0133_04","inactive",5,6,7,9,5,6,3,7
"1325","G0133","G0133_05","inactive",15,27,35,18,23,35,15,24
"1326","G0133","G0133_06","inactive",2,3,11,2,2,7,3,12
"1327","G0133","G0133_07","inactive",6,7,10,10,4,18,11,4
"1328","G0133","G0133_08","inactive",4,5,2,3,7,8,0,4
"1329","G0133","G0133_09","inactive",3,4,6,10,6,11,5,11
"1330","G0133","G0133_10","inactive",17,13,35,15,13,25,10,31
"1331","G0134","G0134_01","inactive",8,14,11,9,8,26,1,22
"1332","G0134","G0134_02","inactive",8,11,21,9,11,13,4,20
"1333","G0134","G0134_03","inactive",3,3,4,2,5,12,1,4
"1334","G0134","G0134_04","inactive",10,8,15,18,11,9,6,22
"1335","G0134","G0134_05","inactive",2,3,11,7,4,4,8,5
"1336","G0134","G0134_06","inactive",7,10,19,7,11,15,1,9
"1337","G0134","G0134_07","inactive",3,3,6,6,6,7,3,6
"1338","G0134","G0134_08","inactive",9,27,9,8,9,34,6,20
"1339","G0134","G0134_09","inactive",12,16,27,10,11,29,7,18
"1340","G0134","G0134_10","inactive",9,27,50,27,18,23,12,27
"1341","G0135","G0135_01","inactive",4,7,19,13,20,5,8,16
"1342","G0135","G0135_02","inactive",5,11,29,12,6,11,9,13
"1343","G0135","G0135_03","inactive",2,3,1,3,4,6,1,6
"1344","G0135","G0135_04","inactive",27,25,25,37,34,38,10,41
"1345","G0135","G0135_05","inactive",4,15,13,5,11,14,6,11
"1346","G0135","G0135_06","inactive",10,14,14,15,20,32,2,8
"1347","G0135","G0135_07","inactive",3,2,7,7,3,7,3,5
"1348","G0135","G0135_08","inactive",5,5,12,6,2,7,5,12
"1349","G0135","G0135_09","inactive",5,4,9,5,4,9,3,8
"1350","G0135","G0135_10","inactive",7,15,13,6,9,32,2,14
"1351","G0136","G0136_01","inactive",7,11,22,13,12,21,7,17
"1352","G0136","G0136_02","inactive",9,9,7,12,18,11,3,17
"1353","G0136","G0136_03","inactive",5,13,25,14,19,30,8,18
"1354","G0136","G0136_04","inactive",13,13,24,7,15,19,13,15
"1355","G0136","G0136_05","inactive",3,8,19,5,10,1,5,7
"1356","G0136","G0136_06","inactive",9,5,5,1,5,10,3,5
"1357","G0136","G0136_07","inactive",8,10,12,13,7,18,2,12
"1358","G0136","G0136_08","inactive",7,15,15,13,12,36,7,14
"1359","G0136","G0136_09","inactive",21,35,25,30,24,45,9,29
"1360","G0136","G0136_10","inactive",6,3,13,5,14,6,6,6
"1361","G0137","G0137_01","inactive",21,48,64,33,34,79,33,53
"1362","G0137","G0137_02","inactive",7,6,16,3,3,8,6,4
"1363","G0137","G0137_03","inactive",8,6,10,18,12,12,5,17
"1364","G0137","G0137_04","inactive",2,6,8,2,1,6,3,3
"1365","G0137","G0137_05","inactive",3,11,21,15,11,15,6,20
"1366","G0137","G0137_06","inactive",2,6,2,12,3,6,0,3
"1367","G0137","G0137_07","inactive",1,6,18,4,5,8,8,16
"1368","G0137","G0137_08","inactive",0,4,11,1,0,5,2,3
"1369","G0137","G0137_09","inactive",4,10,4,3,7,11,2,13
"1370","G0137","G0137_10","inactive",3,8,7,9,5,14,2,23
"1371","G0138","G0138_01","inactive",0,3,0,3,0,5,0,2
"1372","G0138","G0138_02","inactive",3,8,7,5,4,17,4,2
"1373","G0138","G0138_03","inactive",5,9,12,9,10,17,3,10
"1374","G0138","G0138_04","inactive",8,1,3,9,5,8,1,4
"1375","G0138","G0138_05","inactive",8,7,7,4,10,21,4,6
"1376","G0138","G0138_06","inactive",3,2,7,2,3,6,1,5
"1377","G0138","G0138_07","inactive",5,5,7,8,10,4,10,14
"1378","G0138","G0138_08","inactive",3,7,9,8,3,4,4,5
"1379","G0138","G0138_09","inactive",11,19,10,9,12,23,9,25
"1380","G0138","G0138_10","inactive",3,1,3,3,7,7,0,4
"1381","G0139","G0139_01","inactive",1,4,7,10,2,2,2,2
"1382","G0139","G0139_02","inactive",0,8,3,11,5,14,1,7
"1383","G0139","G0139_03","inactive",16,16,42,21,21,25,14,24
"1384","G0139","G0139_04","inactive",16,26,36,26,18,41,13,28
"1385","G0139","G0139_05","inactive",14,38,34,26,36,39,13,44
"1386","G0139","G0139_06","inactive",5,2,17,2,3,5,3,13
"1387","G0139","G0139_07","inactive",15,18,24,15,17,28,2,27
"1388","G0139","G0139_08","inactive",12,16,17,23,15,20,6,23
"1389","G0139","G0139_09","inactive",22,29,41,30,33,43,14,44
"1390","G0139","G0139_10","inactive",0,5,4,9,0,8,1,16
"1391","G0140","G0140_01","increasing",14,22,25,26,28,37,10,26
"1392","G0140","G0140_02","increasing",9,14,17,8,19,27,6,9
"1393","G0140","G0140_03","increasing",16,12,19,12,24,20,8,16
"1394","G0140","G0140_04","increasing",2,0,1,0,1,1,1,0
"1395","G0140","G0140_05","increasing",6,5,5,6,9,11,1,10
"1396","G0140","G0140_06","increasing",0,1,5,2,4,1,1,3
"1397","G0140","G0140_07","increasing",6,1,2,5,7,6,3,10
"1398","G0140","G0140_08","increasing",3,2,2,1,2,3,3,4
"1399","G0140","G0140_09","increasing",6,17,23,11,10,23,6,16
"1400","G0140","G0140_10","increasing",4,7,16,4,4,16,4,8
"1401","G0141","G0141_01","inactive",0,2,3,1,3,4,1,5
"1402","G0141","G0141_02","inactive",2,12,6,6,6,7,4,9
"1403","G0141","G0141_03","inactive",6,7,2,5,17,5,1,7
"1404","G0141","G0141_04","inactive",15,20,28,12,24,23,10,19
"1405","G0141","G0141_05","inactive",7,8,17,9,8,28,2,12
"1406","G0141","G0141_06","inactive",16,12,9,7,7,6,2,11
"1407","G0141","G0141_07","inactive",5,12,11,12,10,14,4,8
"1408","G0141","G0141_08","inactive",7,13,24,11,7,14,7,20
"1409","G0141","G0141_09","inactive",7,26,31,14,15,34,7,22
"1410","G0141","G0141_10","inactive",20,19,18,16,31,28,6,29
"1411","G0142","G0142_01","inactive",3,4,8,1,2,18,0,4
"1412","G0142","G0142_02","inactive",3,10,16,12,9,10,3,13
"1413","G0142","G0142_03","inactive",14,27,63,29,33,30,14,41
"1414","G0142","G0142_04","inactive",24,53,71,58,46,76,15,68
"1415","G0142","G0142_05","inactive",3,4,3,7,3,6,2,8
"1416","G0142","G0142_06","inactive",10,13,18,19,20,26,7,21
"1417","G0142","G0142_07","inactive",0,6,6,8,11,6,2,3
"1418","G0142","G0142_08","inactive",4,9,4,3,8,11,3,6
"1419","G0142","G0142_09","inactive",14,11,34,8,6,23,11,13
"1420","G0142","G0142_10","inactive",18,20,21,22,16,24,7,24
"1421","G0143","G0143_01","increasing",7,17,25,8,15,28,10,17
"1422","G0143","G0143_02","increasing",0,0,2,0,5,2,3,1
"1423","G0143","G0143_03","increasing",7,15,21,15,16,24,8,21
"1424","G0143","G0143_04","increasing",24,36,47,23,39,60,27,42
"1425","G0143","G0143_05","increasing",4,10,14,12,5,23,5,10
"1426","G0143","G0143_06","increasing",1,0,0,3,3,1,0,1
"1427","G0143","G0143_07","increasing",0,1,2,5,5,3,5,9
"1428","G0143","G0143_08","increasing",14,8,22,12,6,12,12,11
"1429","G0143","G0143_09","increasing",1,3,1,3,1,10,0,3
"1430","G0143","G0143_10","increasing",2,3,10,4,6,11,4,6
"1431","G0144","G0144_01","inactive",8,12,22,21,18,22,6,17
"1432","G0144","G0144_02","inactive",2,1,3,3,3,2,1,0
"1433","G0144","G0144_03","inactive",3,12,13,3,6,11,2,8
"1434","G0144","G0144_04","inactive",22,13,38,25,16,31,12,24
"1435","G0144","G0144_05","inactive",8,6,10,7,10,10,5,10
"1436","G0144","G0144_06","inactive",3,6,19,14,11,4,6,20
"1437","G0144","G0144_07","inactive",5,14,25,16,25,14,7,16
"1438","G0144","G0144_08","inactive",0,4,4,6,2,8,3,8
"1439","G0144","G0144_09","inactive",2,0,12,6,7,0,1,12
"1440","G0144","G0144_10","inactive",2,6,3,2,4,2,0,4
"1441","G0145","G0145_01","inactive",9,7,6,3,9,10,3,5
"1442","G0145","G0145_02","inactive",2,15,27,17,9,18,6,17
"1443","G0145","G0145_03","inactive",4,1,7,5,6,5,2,7
"1444","G0145","G0145_04","inactive",4,2,8,9,7,4,3,12
"1445","G0145","G0145_05","inactive",8,11,16,5,9,16,6,10
"1446","G0145","G0145_06","inactive",11,18,26,24,10,23,7,16
"1447","G0145","G0145_07","inactive",15,11,31,23,12,12,7,14
"1448","G0145","G0145_08","inactive",1,3,1,5,3,6,2,0
"1449","G0145","G0145_09","inactive",4,5,10,3,3,5,5,8
"1450","G0145","G0145_10","inactive",0,5,3,6,4,7,0,2
"1451","G0146","G0146_01","inactive",6,16,18,15,15,20,10,30
"1452","G0146","G0146_02","inactive",6,11,19,11,7,14,6,13
"1453","G0146","G0146_03","inactive",29,30,34,41,37,84,24,54
"1454","G0146","G0146_04","inactive",6,6,11,8,10,10,0,9
"1455","G0146","G0146_05","inactive",7,27,15,18,15,25,3,15
"1456","G0146","G0146_06","inactive",11,9,9,7,7,19,0,6
"1457","G0146","G0146_07","inactive",1,2,6,6,4,4,2,10
"1458","G0146","G0146_08","inactive",1,5,9,2,1,4,0,2
"1459","G0146","G0146_09","inactive",4,0,2,3,5,2,0,3
"1460","G0146","G0146_10","inactive",2,2,3,3,3,6,1,0
"1461","G0147","G0147_01","inactive",6,3,16,2,9,4,3,7
"1462","G0147","G0147_02","inactive",3,2,9,8,8,4,2,3
"1463","G0147","G0147_03","inactive",3,7,4,8,6,11,1,8
"1464","G0147","G0147_04","inactive",0,3,6,4,1,0,0,7
"1465","G0147","G0147_05","inactive",3,6,11,5,7,7,3,8
"1466","G0147","G0147_06","inactive",16,34,40,21,20,27,20,48
"1467","G0147","G0147_07","inactive",2,4,2,0,6,5,1,0
"1468","G0147","G0147_08","inactive",6,12,16,13,6,14,8,9
"1469","G0147","G0147_09","inactive",11,38,43,29,20,46,15,32
"1470","G0147","G0147_10","inactive",0,9,7,5,0,7,2,11
"1471","G0148","G0148_01","inactive",7,19,15,21,10,26,10,24
"1472","G0148","G0148_02","inactive",12,5,9,7,12,9,2,9
"1473","G0148","G0148_03","inactive",3,4,9,2,5,4,3,2
"1474","G0148","G0148_04","inactive",11,16,29,7,26,25,14,16
"1475","G0148","G0148_05","inactive",2,2,5,1,3,2,1,6
"1476","G0148","G0148_06","inactive",2,5,4,8,1,7,2,7
"1477","G0148","G0148_07","inactive",11,13,29,13,9,25,8,21
"1478","G0148","G0148_08","inactive",2,7,3,2,5,10,4,8
"1479","G0148","G0148_09","inactive",10,8,16,19,16,20,6,13
"1480","G0148","G0148_10","inactive",14,8,10,11,13,33,3,6
"1481","G0149","G0149_01","decreasing",11,14,13,9,7,10,4,17
"1482","G0149","G0149_02","decreasing",20,20,64,38,26,30,16,38
"1483","G0149","G0149_03","decreasing",1,6,15,7,7,12,4,6
"1484","G0149","G0149_04","decreasing",4,10,9,1,4,11,5,2
"1485","G0149","G0149_05","decreasing",1,2,9,2,0,1,2,0
"1486","G0149","G0149_06","decreasing",8,9,28,11,3,19,3,25
"1487","G0149","G0149_07","decreasing",15,12,27,15,16,18,8,16
"1488","G0149","G0149_08","decreasing",3,8,14,3,1,1,4,4
"1489","G0149","G0149_09","decreasing",15,19,15,19,21,16,5,19
"1490","G0149","G0149_10","decreasing",12,7,17,22,13,20,7,18
"1491","G0150","G0150_01","inactive",6,8,21,31,21,28,4,26
"1492","G0150","G0150_02","inactive",5,16,15,24,16,20,11,22
"1493","G0150","G0150_03","inactive",6,8,22,3,7,4,4,3
"1494","G0150","G0150_04","inactive",3,5,16,5,3,9,0,8
"1495","G0150","G0150_05","inactive",4,0,4,1,7,4,0,17
"1496","G0150","G0150_06","inactive",2,9,9,11,4,12,1,10
"1497","G0150","G0150_07","inactive",6,11,8,14,6,12,2,12
"1498","G0150","G0150_08","inactive",12,26,47,32,19,25,11,43
"1499","G0150","G0150_09","inactive",0,0,1,0,2,1,1,2
"1500","G0150","G0150_10","inactive",3,6,7,6,3,14,1,7
"1501","G0151","G0151_01","decreasing",8,14,7,14,13,16,3,13
"1502","G0151","G0151_02","decreasing",5,8,3,4,6,5,0,5
"1503","G0151","G0151_03","decreasing",3,8,10,3,4,7,2,2
"1504","G0151","G0151_04","decreasing",7,9,6,5,7,12,2,5
"1505","G0151","G0151_05","decreasing",11,8,25,5,9,13,5,12
"1506","G0151","G0151_06","decreasing",15,9,13,8,19,11,4,9
"1507","G0151","G0151_07","decreasing",1,9,7,3,2,4,1,4
"1508","G0151","G0151_08","decreasing",29,39,74,32,28,45,12,46
"1509","G0151","G0151_09","decreasing",17,24,32,15,23,37,16,32
"1510","G0151","G0151_10","decreasing",7,8,14,4,4,11,3,7
"1511","G0152","G0152_01","inactive",10,5,13,8,13,3,9,10
"1512","G0152","G0152_02","inactive",17,25,38,18,16,37,14,26
"1513","G0152","G0152_03","inactive",11,23,38,19,18,29,17,22
"1514","G0152","G0152_04","inactive",1,5,6,0,5,3,4,8
"1515","G0152","G0152_05","inactive",3,5,10,9,7,8,2,17
"1516","G0152","G0152_06","inactive",5,3,15,7,6,5,1,11
"1517","G0152","G0152_07","inactive",0,5,10,9,2,12,2,16
"1518","G0152","G0152_08","inactive",6,9,16,13,8,25,5,20
"1519","G0152","G0152_09","inactive",1,5,17,8,13,14,1,11
"1520","G0152","G0152_10","inactive",16,24,27,24,20,40,13,51
"1521","G0153","G0153_01","inactive",4,5,5,4,5,11,4,3
"1522","G0153","G0153_02","inactive",1,5,9,4,3,10,1,15
"1523","G0153","G0153_03","inactive",2,5,1,1,4,3,3,2
"1524","G0153","G0153_04","inactive",5,2,3,0,9,8,3,0
"1525","G0153","G0153_05","inactive",8,11,24,17,7,11,4,23
"1526","G0153","G0153_06","inactive",8,19,39,11,18,26,13,18
"1527","G0153","G0153_07","inactive",3,5,6,3,4,7,1,6
"1528","G0153","G0153_08","inactive",9,13,11,11,10,18,6,11
"1529","G0153","G0153_09","inactive",2,7,5,1,1,9,1,2
"1530","G0153","G0153_10","inactive",4,6,6,16,8,11,2,10
"1531","G0154","G0154_01","inactive",1,2,2,4,1,9,1,6
"1532","G0154","G0154_02","inactive",4,12,5,8,4,10,3,8
"1533","G0154","G0154_03","inactive",3,5,2,4,1,4,2,8
"1534","G0154","G0154_04","inactive",4,12,34,26,16,24,10,34
"1535","G0154","G0154_05","inactive",4,13,6,10,9,13,3,8
"1536","G0154","G0154_06","inactive",2,2,8,3,1,4,1,5
"1537","G0154","G0154_07","inactive",14,28,33,25,18,25,15,28
"1538","G0154","G0154_08","inactive",25,33,46,54,47,60,14,59
"1539","G0154","G0154_09","inactive",5,7,7,0,9,11,2,1
"1540","G0154","G0154_10","inactive",7,10,2,10,10,12,3,3
"1541","G0155","G0155_01","inactive",7,7,9,9,8,9,4,4
"1542","G0155","G0155_02","inactive",8,12,17,8,12,19,3,7
"1543","G0155","G0155_03","inactive",9,6,8,6,6,7,0,8
"1544","G0155","G0155_04","inactive",7,1,7,0,8,4,2,3
"1545","G0155","G0155_05","inactive",7,6,21,10,12,8,1,10
"1546","G0155","G0155_06","inactive",15,18,21,14,8,22,10,23
"1547","G0155","G0155_07","inactive",11,7,14,7,3,9,7,7
"1548","G0155","G0155_08","inactive",17,33,38,24,9,41,15,27
"1549","G0155","G0155_09","inactive",4,19,15,8,10,18,5,9
"1550","G0155","G0155_10","inactive",10,9,11,13,9,16,4,14
"1551","G0156","G0156_01","increasing",1,3,18,6,12,12,4,9
"1552","G0156","G0156_02","increasing",5,7,15,10,7,11,4,14
"1553","G0156","G0156_03","increasing",1,11,12,10,3,3,3,8
"1554","G0156","G0156_04","increasing",4,20,13,13,8,34,6,16
"1555","G0156","G0156_05","increasing",2,3,6,9,7,13,2,21
"1556","G0156","G0156_06","increasing",26,20,39,29,30,28,10,39
"1557","G0156","G0156_07","increasing",3,11,11,7,10,21,2,11
"1558","G0156","G0156_08","increasing",4,2,7,8,6,6,5,8
"1559","G0156","G0156_09","increasing",4,2,12,4,4,3,3,5
"1560","G0156","G0156_10","increasing",4,9,5,7,13,21,3,14
"1561","G0157","G0157_01","inactive",2,6,13,6,2,8,4,9
"1562","G0157","G0157_02","inactive",4,5,6,3,3,2,1,2
"1563","G0157","G0157_03","inactive",2,6,8,1,2,12,3,2
"1564","G0157","G0157_04","inactive",9,21,38,20,12,29,10,25
"1565","G0157","G0157_05","inactive",8,4,19,4,9,5,8,10
"1566","G0157","G0157_06","inactive",1,3,1,4,3,4,0,2
"1567","G0157","G0157_07","inactive",2,5,9,5,1,6,3,9
"1568","G0157","G0157_08","inactive",2,0,13,3,5,11,5,3
"1569","G0157","G0157_09","inactive",4,4,5,10,4,4,4,15
"1570","G0157","G0157_10","inactive",5,4,8,12,12,6,6,8
"1571","G0158","G0158_01","inactive",3,4,10,3,4,5,4,6
"1572","G0158","G0158_02","inactive",5,10,21,21,10,16,6,27
"1573","G0158","G0158_03","inactive",6,3,2,4,4,11,2,10
"1574","G0158","G0158_04","inactive",5,11,15,14,11,15,5,19
"1575","G0158","G0158_05","inactive",21,18,41,25,19,29,10,31
"1576","G0158","G0158_06","inactive",5,1,6,6,3,3,4,3
"1577","G0158","G0158_07","inactive",0,2,4,2,3,1,1,6
"1578","G0158","G0158_08","inactive",21,20,46,34,29,29,15,33
"1579","G0158","G0158_09","inactive",2,3,2,3,4,1,1,3
"1580","G0158","G0158_10","inactive",17,9,16,33,23,24,10,27
"1581","G0159","G0159_01","inactive",9,2,8,5,9,4,6,3
"1582","G0159","G0159_02","inactive",10,18,22,20,11,13,4,16
"1583","G0159","G0159_03","inactive",4,6,2,11,9,5,3,4
"1584","G0159","G0159_04","inactive",3,4,7,2,5,14,3,1
"1585","G0159","G0159_05","inactive",9,12,21,10,12,25,9,13
"1586","G0159","G0159_06","inactive",0,9,5,3,4,7,1,7
"1587","G0159","G0159_07","inactive",4,5,6,3,4,11,2,4
"1588","G0159","G0159_08","inactive",2,5,17,16,3,13,5,6
"1589","G0159","G0159_09","inactive",4,2,2,1,10,3,3,4
"1590","G0159","G0159_10","inactive",5,9,12,12,16,20,4,9
"1591","G0160","G0160_01","inactive",5,11,12,13,15,17,3,13
"1592","G0160","G0160_02","inactive",4,4,3,2,9,8,2,3
"1593","G0160","G0160_03","inactive",6,7,14,5,10,16,4,9
"1594","G0160","G0160_04","inactive",4,4,11,4,6,2,2,5
"1595","G0160","G0160_05","inactive",18,20,18,19,18,35,11,15
"1596","G0160","G0160_06","inactive",7,7,7,7,6,4,0,4
"1597","G0160","G0160_07","inactive",0,1,5,5,6,6,2,7
"1598","G0160","G0160_08","inactive",13,17,19,19,24,19,9,25
"1599","G0160","G0160_09","inactive",15,14,32,21,19,19,4,18
"1600","G0160","G0160_10","inactive",5,10,27,15,15,18,6,17
"1601","G0161","G0161_01","inactive",6,9,1,7,4,8,4,9
"1602","G0161","G0161_02","inactive",3,6,9,6,5,9,8,9
"1603","G0161","G0161_03","inactive",4,8,13,11,14,11,7,18
"1604","G0161","G0161_04","inactive",13,10,14,3,6,20,6,11
"1605","G0161","G0161_05","inactive",2,0,10,0,2,2,3,0
"1606","G0161","G0161_06","inactive",1,1,12,6,4,5,3,5
"1607","G0161","G0161_07","inactive",9,10,7,13,9,15,2,9
"1608","G0161","G0161_08","inactive",3,8,9,6,6,13,3,9
"1609","G0161","G0161_09","inactive",13,17,29,23,19,29,7,17
"1610","G0161","G0161_10","inactive",2,11,15,6,7,17,5,7
"1611","G0162","G0162_01","inactive",3,5,11,2,2,8,4,5
"1612","G0162","G0162_02","inactive",8,10,18,12,11,36,7,20
"1613","G0162","G0162_03","inactive",2,8,8,4,11,12,2,12
"1614","G0162","G0162_04","inactive",23,52,85,48,53,74,37,67
"1615","G0162","G0162_05","inactive",3,0,3,4,1,0,1,5
"1616","G0162","G0162_06","inactive",10,7,14,13,14,9,1,17
"1617","G0162","G0162_07","inactive",11,20,30,17,10,19,5,15
"1618","G0162","G0162_08","inactive",6,12,16,16,6,14,4,7
"1619","G0162","G0162_09","inactive",14,37,57,35,27,47,22,26
"1620","G0162","G0162_10","inactive",4,7,15,13,11,14,9,30
"1621","G0163","G0163_01","decreasing",0,4,8,6,4,3,2,4
"1622","G0163","G0163_02","decreasing",1,1,6,1,0,1,0,1
"1623","G0163","G0163_03","decreasing",4,13,13,9,5,12,1,4
"1624","G0163","G0163_04","decreasing",4,11,9,8,13,21,6,17
"1625","G0163","G0163_05","decreasing",12,9,28,16,13,21,4,9
"1626","G0163","G0163_06","decreasing",4,7,16,2,5,7,3,2
"1627","G0163","G0163_07","decreasing",5,6,8,11,6,5,0,8
"1628","G0163","G0163_08","decreasing",2,3,5,3,0,4,1,4
"1629","G0163","G0163_09","decreasing",11,9,16,22,11,13,2,20
"1630","G0163","G0163_10","decreasing",2,2,6,5,3,2,1,6
"1631","G0164","G0164_01","inactive",3,3,12,12,11,9,5,11
"1632","G0164","G0164_02","inactive",3,5,0,4,5,14,0,10
"1633","G0164","G0164_03","inactive",6,10,24,16,8,18,13,18
"1634","G0164","G0164_04","inactive",53,65,85,74,66,84,38,68
"1635","G0164","G0164_05","inactive",8,9,18,8,4,13,3,10
"1636","G0164","G0164_06","inactive",4,8,12,7,8,17,3,13
"1637","G0164","G0164_07","inactive",17,24,46,16,22,35,14,20
"1638","G0164","G0164_08","inactive",1,2,4,7,6,5,1,8
"1639","G0164","G0164_09","inactive",12,19,16,10,10,18,5,12
"1640","G0164","G0164_10","inactive",3,5,13,7,10,13,5,18
"1641","G0165","G0165_01","inactive",19,19,34,19,21,17,4,28
"1642","G0165","G0165_02","inactive",3,5,15,16,7,12,5,13
"1643","G0165","G0165_03","inactive",13,17,34,16,21,32,11,24
"1644","G0165","G0165_04","inactive",3,10,16,9,4,4,3,15
"1645","G0165","G0165_05","inactive",1,3,2,4,0,2,2,2
"1646","G0165","G0165_06","inactive",3,1,2,0,1,2,2,2
"1647","G0165","G0165_07","inactive",9,6,19,4,8,9,5,17
"1648","G0165","G0165_08","inactive",2,6,14,14,7,5,6,12
"1649","G0165","G0165_09","inactive",23,18,43,27,36,49,13,22
"1650","G0165","G0165_10","inactive",2,9,5,5,4,11,3,8
"1651","G0166","G0166_01","increasing",12,12,10,12,10,15,6,15
"1652","G0166","G0166_02","increasing",1,0,0,2,0,5,1,0
"1653","G0166","G0166_03","increasing",7,8,14,10,12,11,5,16
"1654","G0166","G0166_04","increasing",6,11,11,10,18,12,6,10
"1655","G0166","G0166_05","increasing",4,17,18,11,18,13,3,20
"1656","G0166","G0166_06","increasing",3,6,6,7,3,6,1,8
"1657","G0166","G0166_07","increasing",2,4,2,5,4,12,1,6
"1658","G0166","G0166_08","increasing",16,11,39,10,18,32,14,24
"1659","G0166","G0166_09","increasing",16,13,29,20,14,25,15,27
"1660","G0166","G0166_10","increasing",4,1,3,4,3,10,1,5
"1661","G0167","G0167_01","inactive",7,17,24,20,10,26,3,30
"1662","G0167","G0167_02","inactive",2,14,8,8,2,10,6,5
"1663","G0167","G0167_03","inactive",8,13,10,10,7,26,7,18
"1664","G0167","G0167_04","inactive",3,6,10,10,8,14,6,19
"1665","G0167","G0167_05","inactive",3,4,12,4,1,9,2,5
"1666","G0167","G0167_06","inactive",8,4,9,6,5,6,1,2
"1667","G0167","G0167_07","inactive",10,8,16,14,11,16,4,18
"1668","G0167","G0167_08","inactive",4,9,8,12,6,6,4,22
"1669","G0167","G0167_09","inactive",4,2,2,0,2,5,0,0
"1670","G0167","G0167_10","inactive",8,11,16,4,12,10,3,12
"1671","G0168","G0168_01","inactive",8,15,4,2,7,18,5,2
"1672","G0168","G0168_02","inactive",20,25,36,27,28,40,17,43
"1673","G0168","G0168_03","inactive",2,6,6,3,1,6,0,2
"1674","G0168","G0168_04","inactive",7,25,20,13,13,34,12,18
"1675","G0168","G0168_05","inactive",2,8,8,4,9,11,2,8
"1676","G0168","G0168_06","inactive",3,3,3,1,6,6,0,2
"1677","G0168","G0168_07","inactive",6,2,3,4,2,4,2,6
"1678","G0168","G0168_08","inactive",6,5,14,9,10,11,2,8
"1679","G0168","G0168_09","inactive",30,49,60,55,30,68,28,80
"1680","G0168","G0168_10","inactive",4,13,20,3,15,25,8,12
"1681","G0169","G0169_01","inactive",12,28,23,13,17,24,6,17
"1682","G0169","G0169_02","inactive",6,17,10,9,26,34,9,22
"1683","G0169","G0169_03","inactive",9,14,14,12,11,22,5,15
"1684","G0169","G0169_04","inactive",1,1,3,4,0,4,3,4
"1685","G0169","G0169_05","inactive",4,14,29,18,23,28,6,16
"1686","G0169","G0169_06","inactive",4,13,14,4,8,23,6,10
"1687","G0169","G0169_07","inactive",5,7,8,9,7,12,5,10
"1688","G0169","G0169_08","inactive",5,7,16,10,7,9,5,10
"1689","G0169","G0169_09","inactive",1,0,0,0,1,0,1,1
"1690","G0169","G0169_10","inactive",7,1,8,4,6,10,8,4
"1691","G0170","G0170_01","inactive",1,3,8,1,6,5,1,1
"1692","G0170","G0170_02","inactive",4,13,10,12,9,18,4,12
"1693","G0170","G0170_03","inactive",5,12,7,15,4,14,1,11
"1694","G0170","G0170_04","inactive",1,2,2,1,9,4,0,2
"1695","G0170","G0170_05","inactive",7,6,15,9,7,17,4,13
"1696","G0170","G0170_06","inactive",6,8,10,8,9,11,1,8
"1697","G0170","G0170_07","inactive",8,21,29,18,14,31,6,32
"1698","G0170","G0170_08","inactive",7,14,3,4,4,13,2,6
"1699","G0170","G0170_09","inactive",2,5,10,6,4,6,5,5
"1700","G0170","G0170_10","inactive",4,4,3,8,2,3,2,12
"1701","G0171","G0171_01","inactive",5,2,15,4,1,5,1,7
"1702","G0171","G0171_02","inactive",6,3,14,5,4,11,3,9
"1703","G0171","G0171_03","inactive",5,8,11,7,6,17,5,7
"1704","G0171","G0171_04","inactive",8,14,24,18,15,27,6,20
"1705","G0171","G0171_05","inactive",3,5,5,9,13,16,2,9
"1706","G0171","G0171_06","inactive",15,14,9,8,10,20,1,16
"1707","G0171","G0171_07","inactive",0,0,1,1,2,1,0,5
"1708","G0171","G0171_08","inactive",4,7,1,0,4,8,2,12
"1709","G0171","G0171_09","inactive",4,8,8,4,7,7,2,8
"1710","G0171","G0171_10","inactive",6,5,12,0,3,3,3,0
"1711","G0172","G0172_01","increasing",0,0,4,0,1,2,0,0
"1712","G0172","G0172_02","increasing",3,8,13,7,9,14,3,7
"1713","G0172","G0172_03","increasing",1,5,3,9,3,9,3,11
"1714","G0172","G0172_04","increasing",1,3,5,1,5,15,0,1
"1715","G0172","G0172_05","increasing",7,15,32,8,14,27,12,26
"1716","G0172","G0172_06","increasing",13,21,18,11,18,29,8,24
"1717","G0172","G0172_07","increasing",1,4,5,6,2,8,1,9
"1718","G0172","G0172_08","increasing",2,2,7,0,0,11,2,3
"1719","G0172","G0172_09","increasing",8,9,26,14,10,26,5,27
"1720","G0172","G0172_10","increasing",2,11,3,1,4,7,1,6
"1721","G0173","G0173_01","negcontrol",18,19,58,17,28,31,15,35
"1722","G0173","G0173_02","negcontrol",8,7,12,11,8,12,4,18
"1723","G0173","G0173_03","negcontrol",14,16,39,30,25,31,10,36
"1724","G0173","G0173_04","negcontrol",6,6,21,11,7,17,3,17
"1725","G0173","G0173_05","negcontrol",7,8,8,9,12,13,4,15
"1726","G0173","G0173_06","negcontrol",10,26,35,16,17,37,16,32
"1727","G0173","G0173_07","negcontrol",0,5,1,6,2,8,2,3
"1728","G0173","G0173_08","negcontrol",35,52,88,69,59,96,33,79
"1729","G0173","G0173_09","negcontrol",6,7,7,5,4,15,1,9
"1730","G0173","G0173_10","negcontrol",0,3,2,4,2,3,1,2
"1731","G0174","G0174_01","inactive",16,27,28,26,15,33,14,27
"1732","G0174","G0174_02","inactive",3,2,3,4,4,9,2,5
"1733","G0174","G0174_03","inactive",5,13,8,8,8,13,7,11
"1734","G0174","G0174_04","inactive",5,8,6,6,6,4,5,7
"1735","G0174","G0174_05","inactive",6,9,19,10,14,21,4,17
"1736","G0174","G0174_06","inactive",3,8,6,5,3,11,2,5
"1737","G0174","G0174_07","inactive",3,11,11,4,8,7,4,11
"1738","G0174","G0174_08","inactive",10,20,42,8,8,20,13,11
"1739","G0174","G0174_09","inactive",2,8,18,9,19,7,10,6
"1740","G0174","G0174_10","inactive",2,1,0,3,2,3,0,10
"1741","G0175","G0175_01","inactive",8,22,13,7,16,22,10,21
"1742","G0175","G0175_02","inactive",7,10,24,9,11,24,4,19
"1743","G0175","G0175_03","inactive",7,9,6,8,8,20,3,15
"1744","G0175","G0175_04","inactive",8,15,11,6,5,18,5,21
"1745","G0175","G0175_05","inactive",4,6,4,6,3,11,1,10
"1746","G0175","G0175_06","inactive",7,3,13,1,7,5,11,5
"1747","G0175","G0175_07","inactive",8,8,16,7,6,9,5,10
"1748","G0175","G0175_08","inactive",2,7,10,4,2,13,1,3
"1749","G0175","G0175_09","inactive",2,2,6,8,6,4,0,4
"1750","G0175","G0175_10","inactive",9,16,36,18,14,30,9,35
"1751","G0176","G0176_01","inactive",18,21,34,8,30,36,9,18
"1752","G0176","G0176_02","inactive",11,16,45,23,16,26,17,33
"1753","G0176","G0176_03","inactive",0,1,2,2,0,3,0,2
"1754","G0176","G0176_04","inactive",11,19,24,23,13,20,8,23
"1755","G0176","G0176_05","inactive",1,2,0,2,5,3,3,0
"1756","G0176","G0176_06","inactive",5,4,8,12,6,8,4,9
"1757","G0176","G0176_07","inactive",8,13,8,6,9,9,7,13
"1758","G0176","G0176_08","inactive",3,7,6,2,3,6,1,3
"1759","G0176","G0176_09","inactive",3,0,2,5,2,1,1,6
"1760","G0176","G0176_10","inactive",9,17,15,7,14,16,13,18
"1761","G0177","G0177_01","increasing",4,3,7,6,5,2,1,10
"1762","G0177","G0177_02","increasing",8,8,6,3,11,13,5,19
"1763","G0177","G0177_03","increasing",5,7,10,3,3,18,9,8
"1764","G0177","G0177_04","increasing",5,10,5,10,10,13,5,13
"1765","G0177","G0177_05","increasing",22,24,42,36,31,68,17,37
"1766","G0177","G0177_06","increasing",2,3,5,4,1,11,2,7
"1767","G0177","G0177_07","increasing",24,24,59,40,66,78,34,54
"1768","G0177","G0177_08","increasing",3,1,12,4,5,6,4,8
"1769","G0177","G0177_09","increasing",5,4,19,9,12,20,7,16
"1770","G0177","G0177_10","increasing",2,10,7,8,11,12,3,12
"1771","G0178","G0178_01","inactive",14,6,3,17,23,17,3,16
"1772","G0178","G0178_02","inactive",6,18,13,6,15,30,8,8
"1773","G0178","G0178_03","inactive",6,13,10,4,8,15,3,14
"1774","G0178","G0178_04","inactive",16,29,47,20,17,29,17,33
"1775","G0178","G0178_05","inactive",3,0,1,4,1,0,0,1
"1776","G0178","G0178_06","inactive",23,23,24,11,22,21,9,14
"1777","G0178","G0178_07","inactive",8,8,9,7,12,5,2,7
"1778","G0178","G0178_08","inactive",38,41,52,68,43,60,23,52
"1779","G0178","G0178_09","inactive",13,8,8,12,8,13,4,12
"1780","G0178","G0178_10","inactive",5,5,7,5,3,5,2,6
"1781","G0179","G0179_01","inactive",4,2,12,4,8,10,7,2
"1782","G0179","G0179_02","inactive",8,3,7,7,1,5,4,7
"1783","G0179","G0179_03","inactive",11,13,19,17,13,19,6,22
"1784","G0179","G0179_04","inactive",2,6,4,4,5,18,2,11
"1785","G0179","G0179_05","inactive",19,28,49,40,36,74,27,49
"1786","G0179","G0179_06","inactive",7,16,6,10,4,17,2,3
"1787","G0179","G0179_07","inactive",1,9,6,1,0,1,1,5
"1788","G0179","G0179_08","inactive",7,12,17,18,12,27,11,17
"1789","G0179","G0179_09","inactive",14,12,27,19,15,14,5,12
"1790","G0179","G0179_10","inactive",11,10,22,9,12,22,14,12
"1791","G0180","G0180_01","inactive",2,1,11,2,4,6,2,7
"1792","G0180","G0180_02","inactive",1,7,17,17,6,8,4,10
"1793","G0180","G0180_03","inactive",9,25,28,22,16,25,7,23
"1794","G0180","G0180_04","inactive",10,22,26,17,17,29,8,34
"1795","G0180","G0180_05","inactive",2,3,10,2,3,3,5,6
"1796","G0180","G0180_06","inactive",5,3,10,5,3,10,6,2
"1797","G0180","G0180_07","inactive",22,31,49,29,22,53,17,27
"1798","G0180","G0180_08","inactive",8,8,5,8,11,10,2,7
"1799","G0180","G0180_09","inactive",9,6,14,9,9,9,4,7
"1800","G0180","G0180_10","inactive",15,16,25,15,13,13,6,18
"1801","G0181","G0181_01","inactive",0,11,8,5,6,7,3,2
"1802","G0181","G0181_02","inactive",5,14,10,8,14,22,3,18
"1803","G0181","G0181_03","inactive",1,2,4,6,2,8,3,6
"1804","G0181","G0181_04","inactive",0,4,4,4,5,4,1,4
"1805","G0181","G0181_05","inactive",1,0,3,2,2,8,0,1
"1806","G0181","G0181_06","inactive",20,24,51,28,26,40,23,50
"1807","G0181","G0181_07","inactive",11,12,16,15,21,31,5,22
"1808","G0181","G0181_08","inactive",13,17,16,12,12,25,5,31
"1809","G0181","G0181_09","inactive",4,8,14,3,8,11,4,14
"1810","G0181","G0181_10","inactive",6,6,5,6,8,9,5,9
"1811","G0182","G0182_01","inactive",4,10,16,9,10,15,7,10
"1812","G0182","G0182_02","inactive",11,17,27,19,18,12,9,30
"1813","G0182","G0182_03","inactive",11,5,25,15,20,11,9,13
"1814","G0182","G0182_04","inactive",16,23,33,14,18,19,15,20
"1815","G0182","G0182_05","inactive",5,3,8,1,6,6,0,9
"1816","G0182","G0182_06","inactive",8,18,10,14,11,18,1,9
"1817","G0182","G0182_07","inactive",3,4,5,2,4,8,6,3
"1818","G0182","G0182_08","inactive",1,8,12,1,4,11,3,10
"1819","G0182","G0182_09","inactive",7,18,30,12,14,19,8,10
"1820","G0182","G0182_10","inactive",15,25,19,20,18,30,8,27
"1821","G0183","G0183_01","inactive",3,10,17,14,2,4,3,11
"1822","G0183","G0183_02","inactive",4,7,12,3,6,16,3,9
"1823","G0183","G0183_03","inactive",3,0,1,1,2,0,0,7
"1824","G0183","G0183_04","inactive",4,7,17,11,14,18,4,10
"1825","G0183","G0183_05","inactive",10,19,21,13,6,28,3,17
"1826","G0183","G0183_06","inactive",16,19,24,25,25,29,6,40
"1827","G0183","G0183_07","inactive",4,8,10,11,3,15,2,5
"1828","G0183","G0183_08","inactive",3,1,4,3,2,1,0,6
"1829","G0183","G0183_09","inactive",8,7,11,10,17,13,2,18
"1830","G0183","G0183_10","inactive",8,10,22,16,9,19,2,20
"1831","G0184","G0184_01","inactive",9,4,13,8,8,6,3,5
"1832","G0184","G0184_02","inactive",11,13,24,17,17,14,7,20
"1833","G0184","G0184_03","inactive",10,2,9,3,3,2,3,5
"1834","G0184","G0184_04","inactive",5,6,7,10,6,13,3,18
"1835","G0184","G0184_05","inactive",5,9,9,8,9,12,4,8
"1836","G0184","G0184_06","inactive",6,12,23,11,11,16,3,10
"1837","G0184","G0184_07","inactive",2,8,10,6,9,8,1,13
"1838","G0184","G0184_08","inactive",3,12,5,3,6,9,2,6
"1839","G0184","G0184_09","inactive",9,14,11,8,10,20,3,21
"1840","G0184","G0184_10","inactive",6,8,23,9,3,15,5,8
"1841","G0185","G0185_01","decreasing",4,9,7,7,3,5,1,7
"1842","G0185","G0185_02","decreasing",7,5,20,7,4,9,9,5
"1843","G0185","G0185_03","decreasing",9,7,14,1,7,2,3,4
"1844","G0185","G0185_04","decreasing",21,29,37,15,38,44,10,30
"1845","G0185","G0185_05","decreasing",11,18,27,27,6,21,10,23
"1846","G0185","G0185_06","decreasing",4,14,12,15,6,13,1,18
"1847","G0185","G0185_07","decreasing",4,5,4,5,6,8,5,7
"1848","G0185","G0185_08","decreasing",14,18,9,14,8,17,1,15
"1849","G0185","G0185_09","decreasing",6,12,23,9,8,19,3,10
"1850","G0185","G0185_10","decreasing",12,12,19,16,10,25,2,11
"1851","G0186","G0186_01","inactive",21,19,27,18,20,34,7,18
"1852","G0186","G0186_02","inactive",10,15,20,21,28,27,7,30
"1853","G0186","G0186_03","inactive",2,1,1,6,1,5,1,8
"1854","G0186","G0186_04","inactive",2,7,15,8,5,10,2,10
"1855","G0186","G0186_05","inactive",8,6,10,3,5,11,1,3
"1856","G0186","G0186_06","inactive",5,5,7,7,4,5,3,14
"1857","G0186","G0186_07","inactive",5,5,8,5,5,5,1,4
"1858","G0186","G0186_08","inactive",0,4,5,2,2,9,2,6
"1859","G0186","G0186_09","inactive",6,10,7,8,14,7,6,11
"1860","G0186","G0186_10","inactive",5,5,13,1,6,9,6,8
"1861","G0187","G0187_01","negcontrol",12,8,20,9,11,23,5,22
"1862","G0187","G0187_02","negcontrol",9,3,23,12,8,11,7,27
"1863","G0187","G0187_03","negcontrol",11,12,23,16,15,12,11,16
"1864","G0187","G0187_04","negcontrol",4,0,1,0,3,5,0,1
"1865","G0187","G0187_05","negcontrol",0,4,5,0,2,3,2,4
"1866","G0187","G0187_06","negcontrol",5,10,23,8,8,12,4,14
"1867","G0187","G0187_07","negcontrol",13,30,31,23,17,46,9,18
"1868","G0187","G0187_08","negcontrol",11,11,15,8,9,21,3,7
"1869","G0187","G0187_09","negcontrol",5,10,4,8,10,10,0,7
"1870","G0187","G0187_10","negcontrol",19,35,45,30,34,41,18,31
"1871","G0188","G0188_01","inactive",28,24,37,36,51,52,9,50
"1872","G0188","G0188_02","inactive",1,5,5,2,3,7,1,1
"1873","G0188","G0188_03","inactive",2,0,5,5,1,3,1,1
"1874","G0188","G0188_04","inactive",15,15,24,26,19,29,5,29
"1875","G0188","G0188_05","inactive",2,3,0,3,4,5,0,1
"1876","G0188","G0188_06","inactive",1,6,1,4,4,4,0,0
"1877","G0188","G0188_07","inactive",13,24,34,18,15,25,10,22
"1878","G0188","G0188_08","inactive",6,11,15,11,9,15,7,20
"1879","G0188","G0188_09","inactive",9,22,32,24,20,32,13,24
"1880","G0188","G0188_10","inactive",6,12,14,17,12,29,7,19
"1881","G0189","G0189_01","decreasing",8,7,12,14,8,5,2,6
"1882","G0189","G0189_02","decreasing",0,0,5,2,3,4,2,0
"1883","G0189","G0189_03","decreasing",6,9,9,9,9,10,4,8
"1884","G0189","G0189_04","decreasing",5,6,13,6,13,4,2,12
"1885","G0189","G0189_05","decreasing",7,12,22,12,6,19,2,3
"1886","G0189","G0189_06","decreasing",18,25,19,11,11,14,2,11
"1887","G0189","G0189_07","decreasing",13,13,22,15,12,12,5,5
"1888","G0189","G0189_08","decreasing",5,7,5,8,5,7,2,5
"1889","G0189","G0189_09","decreasing",8,4,15,5,6,9,4,13
"1890","G0189","G0189_10","decreasing",9,11,23,19,16,5,2,13
"1891","G0190","G0190_01","decreasing",3,8,9,9,9,13,1,16
"1892","G0190","G0190_02","decreasing",0,0,2,0,2,0,0,3
"1893","G0190","G0190_03","decreasing",7,8,1,6,2,15,1,3
"1894","G0190","G0190_04","decreasing",8,17,14,11,4,8,1,12
"1895","G0190","G0190_05","decreasing",13,15,46,28,32,28,19,30
"1896","G0190","G0190_06","decreasing",4,3,8,8,7,4,1,7
"1897","G0190","G0190_07","decreasing",9,10,4,5,6,12,2,13
"1898","G0190","G0190_08","decreasing",2,1,4,5,1,1,1,2
"1899","G0190","G0190_09","decreasing",3,5,4,5,1,3,0,7
"1900","G0190","G0190_10","decreasing",8,6,17,9,10,14,2,16
"1901","G0191","G0191_01","inactive",1,8,10,10,6,10,1,15
"1902","G0191","G0191_02","inactive",5,2,3,2,5,5,0,3
"1903","G0191","G0191_03","inactive",7,16,12,10,8,25,8,20
"1904","G0191","G0191_04","inactive",3,4,3,1,5,3,5,2
"1905","G0191","G0191_05","inactive",27,28,38,16,28,40,11,23
"1906","G0191","G0191_06","inactive",12,12,17,5,22,11,7,10
"1907","G0191","G0191_07","inactive",4,1,4,0,3,2,3,0
"1908","G0191","G0191_08","inactive",7,8,11,8,13,17,6,14
"1909","G0191","G0191_09","inactive",3,0,6,2,2,5,3,2
"1910","G0191","G0191_10","inactive",4,5,12,6,13,10,6,11
"1911","G0192","G0192_01","decreasing",8,20,21,12,7,10,2,11
"1912","G0192","G0192_02","decreasing",5,4,13,2,1,3,4,5
"1913","G0192","G0192_03","decreasing",3,7,4,1,3,13,3,2
"1914","G0192","G0192_04","decreasing",14,12,14,12,8,20,4,13
"1915","G0192","G0192_05","decreasing",12,19,43,27,23,35,8,26
"1916","G0192","G0192_06","decreasing",1,4,4,8,2,5,4,4
"1917","G0192","G0192_07","decreasing",1,4,2,4,2,7,1,6
"1918","G0192","G0192_08","decreasing",5,4,7,4,8,3,0,9
"1919","G0192","G0192_09","decreasing",0,7,7,10,0,5,1,12
"1920","G0192","G0192_10","decreasing",2,4,3,2,4,10,1,2
"1921","G0193","G0193_01","decreasing",15,30,33,24,18,27,20,28
"1922","G0193","G0193_02","decreasing",7,6,8,10,4,9,1,7
"1923","G0193","G0193_03","decreasing",1,3,3,4,3,4,0,3
"1924","G0193","G0193_04","decreasing",0,4,15,7,4,4,1,2
"1925","G0193","G0193_05","decreasing",17,30,35,22,29,47,14,33
"1926","G0193","G0193_06","decreasing",9,14,15,18,6,14,4,10
"1927","G0193","G0193_07","decreasing",0,2,7,6,6,2,3,8
"1928","G0193","G0193_08","decreasing",5,23,25,15,18,29,10,17
"1929","G0193","G0193_09","decreasing",0,2,5,3,0,8,3,3
"1930","G0193","G0193_10","decreasing",5,14,10,8,2,12,1,5
"1931","G0194","G0194_01","inactive",15,11,12,6,8,20,5,10
"1932","G0194","G0194_02","inactive",8,4,9,7,9,9,6,12
"1933","G0194","G0194_03","inactive",15,19,23,29,21,27,6,21
"1934","G0194","G0194_04","inactive",2,7,7,4,4,6,3,2
"1935","G0194","G0194_05","inactive",7,5,5,4,9,15,5,8
"1936","G0194","G0194_06","inactive",6,17,14,9,6,13,4,8
"1937","G0194","G0194_07","inactive",5,8,18,3,11,16,6,7
"1938","G0194","G0194_08","inactive",0,5,6,3,3,9,2,3
"1939","G0194","G0194_09","inactive",17,16,21,10,15,13,13,18
"1940","G0194","G0194_10","inactive",0,5,4,3,7,3,2,0
"1941","G0195","G0195_01","decreasing",10,11,17,6,13,14,6,9
"1942","G0195","G0195_02","decreasing",20,21,29,17,13,18,7,20
"1943","G0195","G0195_03","decreasing",0,0,3,4,1,4,4,2
"1944","G0195","G0195_04","decreasing",1,0,6,3,3,0,0,1
"1945","G0195","G0195_05","decreasing",15,14,22,10,15,17,11,14
"1946","G0195","G0195_06","decreasing",14,21,41,16,18,35,13,17
"1947","G0195","G0195_07","decreasing",9,21,27,14,9,27,8,7
"1948","G0195","G0195_08","decreasing",17,12,21,13,22,13,1,18
"1949","G0195","G0195_09","decreasing",15,18,22,27,22,29,7,31
"1950","G0195","G0195_10","decreasing",11,10,19,11,19,15,3,13
"1951","G0196","G0196_01","inactive",4,7,11,5,10,8,4,6
"1952","G0196","G0196_02","inactive",1,0,3,2,1,0,1,0
"1953","G0196","G0196_03","inactive",11,14,3,8,5,18,2,12
"1954","G0196","G0196_04","inactive",1,9,7,1,4,14,0,11
"1955","G0196","G0196_05","inactive",9,15,14,2,5,26,3,5
"1956","G0196","G0196_06","inactive",14,11,18,12,14,9,4,16
"1957","G0196","G0196_07","inactive",3,6,20,2,6,17,4,12
"1958","G0196","G0196_08","inactive",9,7,19,5,14,19,2,9
"1959","G0196","G0196_09","inactive",4,11,17,10,5,8,5,9
"1960","G0196","G0196_10","inactive",9,5,24,16,8,8,10,22
"1961","G0197","G0197_01","inactive",5,7,14,11,7,14,6,21
"1962","G0197","G0197_02","inactive",2,2,0,5,2,3,0,2
"1963","G0197","G0197_03","inactive",5,3,19,11,5,12,7,20
"1964","G0197","G0197_04","inactive",4,15,24,7,5,9,5,4
"1965","G0197","G0197_05","inactive",3,9,35,20,22,19,7,23
"1966","G0197","G0197_06","inactive",17,20,24,12,23,27,5,23
"1967","G0197","G0197_07","inactive",6,4,9,6,6,11,7,14
"1968","G0197","G0197_08","inactive",13,14,26,15,22,25,12,31
"1969","G0197","G0197_09","inactive",5,11,10,10,11,7,8,13
"1970","G0197","G0197_10","inactive",10,7,20,15,11,17,6,17
"1971","G0198","G0198_01","inactive",10,8,28,19,26,22,10,18
"1972","G0198","G0198_02","inactive",3,7,7,5,3,4,3,3
"1973","G0198","G0198_03","inactive",3,8,6,5,5,6,1,6
"1974","G0198","G0198_04","inactive",4,9,11,8,8,19,4,3
"1975","G0198","G0198_05","inactive",16,23,33,10,25,26,15,13
"1976","G0198","G0198_06","inactive",15,16,16,15,18,25,4,14
"1977","G0198","G0198_07","inactive",24,25,20,12,17,22,1,21
"1978","G0198","G0198_08","inactive",3,6,2,7,6,4,0,3
"1979","G0198","G0198_09","inactive",10,16,28,12,10,9,6,12
"1980","G0198","G0198_10","inactive",6,8,8,9,14,9,4,11
"1981","G0199","G0199_01","inactive",27,24,46,29,35,38,20,54
"1982","G0199","G0199_02","inactive",19,6,16,22,16,14,6,23
"1983","G0199","G0199_03","inactive",4,7,21,9,15,16,5,12
"1984","G0199","G0199_04","inactive",9,10,11,8,12,9,3,11
"1985","G0199","G0199_05","inactive",6,4,10,15,10,9,8,15
"1986","G0199","G0199_06","inactive",25,32,50,32,28,48,26,34
"1987","G0199","G0199_07","inactive",18,17,17,15,30,17,10,16
"1988","G0199","G0199_08","inactive",5,7,32,20,24,18,8,29
"1989","G0199","G0199_09","inactive",2,1,0,0,2,2,2,0
"1990","G0199","G0199_10","inactive",4,13,16,12,8,29,3,24
"1991","G0200","G0200_01","decreasing",8,7,6,9,7,7,3,8
"1992","G0200","G0200_02","decreasing",12,29,32,20,6,27,13,21
"1993","G0200","G0200_03","decreasing",7,14,9,10,8,22,1,7
"1994","G0200","G0200_04","decreasing",0,2,1,3,0,6,0,3
"1995","G0200","G0200_05","decreasing",20,12,26,22,23,20,8,14
"1996","G0200","G0200_06","decreasing",1,2,4,1,2,2,2,5
"1997","G0200","G0200_07","decreasing",1,0,1,5,3,4,0,5
"1998","G0200","G0200_08","decreasing",6,7,9,3,13,10,0,7
"1999","G0200","G0200_09","decreasing",9,18,11,5,13,22,7,11
"2000","G0200","G0200_10","decreasing",1,14,9,6,5,13,3,8
"2001","G0201","G0201_01","inactive",3,1,9,2,5,7,5,4
"2002","G0201","G0201_02","inactive",7,14,13,8,8,14,2,8
"2003","G0201","G0201_03","inactive",11,10,13,8,11,13,4,21
"2004","G0201","G0201_04","inactive",1,8,5,5,2,5,1,1
"2005","G0201","G0201_05","inactive",0,2,7,3,2,1,1,6
"2006","G0201","G0201_06","inactive",31,44,61,39,42,87,24,52
"2007","G0201","G0201_07","inactive",4,2,4,2,3,6,1,3
"2008","G0201","G0201_08","inactive",12,10,5,9,12,16,4,8
"2009","G0201","G0201_09","inactive",19,12,34,25,24,27,17,28
"2010","G0201","G0201_10","inactive",0,2,4,2,2,0,0,3
"2011","G0202","G0202_01","inactive",1,7,9,6,3,11,4,9
"2012","G0202","G0202_02","inactive",2,3,0,3,6,4,2,5
"2013","G0202","G0202_03","inactive",5,12,13,13,13,10,4,27
"2014","G0202","G0202_04","inactive",5,7,11,11,14,17,11,21
"2015","G0202","G0202_05","inactive",4,16,12,8,8,19,5,8
"2016","G0202","G0202_06","inactive",1,2,0,0,6,1,1,2
"2017","G0202","G0202_07","inactive",3,4,7,5,9,9,2,6
"2018","G0202","G0202_08","inactive",2,1,4,4,2,1,0,4
"2019","G0202","G0202_09","inactive",4,4,9,10,3,8,1,13
"2020","G0202","G0202_10","inactive",2,1,2,4,4,1,2,6
"2021","G0203","G0203_01","inactive",8,13,17,16,13,14,5,27
"2022","G0203","G0203_02","inactive",8,8,5,4,15,10,3,6
"2023","G0203","G0203_03","inactive",3,4,7,5,6,4,2,9
"2024","G0203","G0203_04","inactive",1,6,10,8,8,11,4,12
"2025","G0203","G0203_05","inactive",8,19,22,16,14,32,10,18
"2026","G0203","G0203_06","inactive",10,23,18,9,6,26,4,11
"2027","G0203","G0203_07","inactive",8,19,31,13,7,23,9,18
"2028","G0203","G0203_08","inactive",5,4,3,6,9,4,4,9
"2029","G0203","G0203_09","inactive",1,1,8,0,7,3,1,2
"2030","G0203","G0203_10","inactive",15,15,27,22,17,25,9,23
"2031","G0204","G0204_01","inactive",12,10,17,14,11,17,6,13
"2032","G0204","G0204_02","inactive",11,9,18,22,10,12,3,11
"2033","G0204","G0204_03","inactive",0,3,10,1,5,8,4,2
"2034","G0204","G0204_04","inactive",6,16,14,12,19,24,5,11
"2035","G0204","G0204_05","inactive",0,7,8,0,5,3,7,4
"2036","G0204","G0204_06","inactive",2,1,2,3,4,3,0,3
"2037","G0204","G0204_07","inactive",7,10,16,23,15,17,5,25
"2038","G0204","G0204_08","inactive",2,3,5,0,4,5,1,6
"2039","G0204","G0204_09","inactive",8,5,6,2,5,7,0,6
"2040","G0204","G0204_10","inactive",0,2,7,1,1,2,0,4
"2041","G0205","G0205_01","inactive",9,20,10,13,13,28,4,13
"2042","G0205","G0205_02","inactive",6,7,13,14,6,24,5,21
"2043","G0205","G0205_03","inactive",4,9,17,8,3,15,7,10
"2044","G0205","G0205_04","inactive",5,5,18,7,5,11,2,21
"2045","G0205","G0205_05","inactive",4,5,13,5,2,9,1,2
"2046","G0205","G0205_06","inactive",12,12,28,5,10,18,8,19
"2047","G0205","G0205_07","inactive",5,8,20,4,7,8,1,13
"2048","G0205","G0205_08","inactive",7,8,14,10,5,7,4,9
"2049","G0205","G0205_09","inactive",1,1,5,3,2,5,0,6
"2050","G0205","G0205_10","inactive",2,7,11,8,10,5,2,3
"2051","G0206","G0206_01","inactive",14,5,25,8,11,21,11,13
"2052","G0206","G0206_02","inactive",2,2,3,5,1,0,2,9
"2053","G0206","G0206_03","inactive",6,13,9,10,13,14,2,9
"2054","G0206","G0206_04","inactive",6,10,9,7,3,9,2,10
"2055","G0206","G0206_05","inactive",4,11,18,8,15,20,5,26
"2056","G0206","G0206_06","inactive",7,6,11,14,11,14,7,19
"2057","G0206","G0206_07","inactive",1,0,2,1,0,0,1,0
"2058","G0206","G0206_08","inactive",4,9,15,5,9,12,2,12
"2059","G0206","G0206_09","inactive",2,4,4,8,9,6,3,11
"2060","G0206","G0206_10","inactive",4,6,4,5,4,17,1,10
"2061","G0207","G0207_01","inactive",15,27,21,19,24,23,7,22
"2062","G0207","G0207_02","inactive",4,3,0,1,3,4,0,1
"2063","G0207","G0207_03","inactive",10,6,12,6,6,8,4,8
"2064","G0207","G0207_04","inactive",0,5,9,1,1,4,2,0
"2065","G0207","G0207_05","inactive",5,10,3,9,8,11,3,11
"2066","G0207","G0207_06","inactive",7,13,13,5,14,25,7,9
"2067","G0207","G0207_07","inactive",4,1,12,7,7,5,5,25
"2068","G0207","G0207_08","inactive",10,16,21,18,18,25,1,21
"2069","G0207","G0207_09","inactive",7,5,27,18,10,19,5,27
"2070","G0207","G0207_10","inactive",6,11,12,10,2,12,1,15
"2071","G0208","G0208_01","inactive",3,11,4,10,9,18,2,13
"2072","G0208","G0208_02","inactive",2,3,0,0,3,4,2,1
"2073","G0208","G0208_03","inactive",12,12,23,10,24,22,17,26
"2074","G0208","G0208_04","inactive",3,2,5,4,10,8,4,3
"2075","G0208","G0208_05","inactive",9,5,14,11,9,15,6,20
"2076","G0208","G0208_06","inactive",3,5,24,14,7,16,11,21
"2077","G0208","G0208_07","inactive",10,13,18,14,17,20,7,18
"2078","G0208","G0208_08","inactive",0,2,5,2,4,6,1,1
"2079","G0208","G0208_09","inactive",0,0,3,0,1,5,1,1
"2080","G0208","G0208_10","inactive",1,2,2,1,1,1,2,3
"2081","G0209","G0209_01","inactive",6,10,16,11,9,15,9,11
"2082","G0209","G0209_02","inactive",10,15,18,17,10,23,7,17
"2083","G0209","G0209_03","inactive",11,12,12,20,10,25,8,24
"2084","G0209","G0209_04","inactive",10,9,17,10,14,23,3,13
"2085","G0209","G0209_05","inactive",6,1,3,2,4,8,3,6
"2086","G0209","G0209_06","inactive",5,3,11,14,12,8,1,12
"2087","G0209","G0209_07","inactive",1,9,9,2,2,7,3,12
"2088","G0209","G0209_08","inactive",22,15,24,24,17,29,10,43
"2089","G0209","G0209_09","inactive",5,7,0,2,3,5,1,1
"2090","G0209","G0209_10","inactive",12,7,9,16,9,9,2,25
"2091","G0210","G0210_01","negcontrol",4,11,13,16,5,16,2,10
"2092","G0210","G0210_02","negcontrol",4,8,4,11,6,3,3,12
"2093","G0210","G0210_03","negcontrol",21,37,75,41,38,65,24,48
"2094","G0210","G0210_04","negcontrol",5,9,14,8,12,9,5,4
"2095","G0210","G0210_05","negcontrol",12,7,19,13,16,18,7,13
"2096","G0210","G0210_06","negcontrol",2,1,1,0,1,1,2,0
"2097","G0210","G0210_07","negcontrol",16,25,52,32,17,42,13,36
"2098","G0210","G0210_08","negcontrol",6,27,41,27,22,26,15,17
"2099","G0210","G0210_09","negcontrol",7,16,21,12,7,15,4,18
"2100","G0210","G0210_10","negcontrol",3,5,6,1,2,4,1,0
"2101","G0211","G0211_01","inactive",14,17,34,13,6,40,9,19
"2102","G0211","G0211_02","inactive",3,4,8,4,1,4,4,3
"2103","G0211","G0211_03","inactive",2,4,4,6,5,8,2,4
"2104","G0211","G0211_04","inactive",4,0,3,5,1,1,4,8
"2105","G0211","G0211_05","inactive",1,10,6,4,4,14,4,8
"2106","G0211","G0211_06","inactive",2,4,6,2,3,1,0,3
"2107","G0211","G0211_07","inactive",2,12,10,4,6,17,5,6
"2108","G0211","G0211_08","inactive",6,1,10,1,4,12,3,11
"2109","G0211","G0211_09","inactive",3,4,7,2,2,6,0,3
"2110","G0211","G0211_10","inactive",3,5,1,2,6,8,3,4
"2111","G0212","G0212_01","inactive",0,5,3,5,0,6,1,5
"2112","G0212","G0212_02","inactive",3,2,14,3,2,1,1,7
"2113","G0212","G0212_03","inactive",2,8,14,6,7,9,3,5
"2114","G0212","G0212_04","inactive",10,13,19,12,16,14,5,16
"2115","G0212","G0212_05","inactive",16,20,20,10,18,34,9,26
"2116","G0212","G0212_06","inactive",8,12,13,12,15,22,7,12
"2117","G0212","G0212_07","inactive",6,8,12,19,10,19,2,21
"2118","G0212","G0212_08","inactive",1,3,6,2,1,18,2,4
"2119","G0212","G0212_09","inactive",5,4,4,0,5,4,3,1
"2120","G0212","G0212_10","inactive",4,2,4,12,4,4,3,11
"2121","G0213","G0213_01","inactive",7,10,10,8,8,4,3,5
"2122","G0213","G0213_02","inactive",0,1,3,2,6,3,2,0
"2123","G0213","G0213_03","inactive",4,5,5,4,3,5,3,7
"2124","G0213","G0213_04","inactive",8,6,10,7,8,6,3,6
"2125","G0213","G0213_05","inactive",0,3,12,3,3,1,0,4
"2126","G0213","G0213_06","inactive",6,9,20,9,8,11,7,12
"2127","G0213","G0213_07","inactive",4,8,4,0,5,6,1,4
"2128","G0213","G0213_08","inactive",3,8,11,8,7,12,3,9
"2129","G0213","G0213_09","inactive",31,45,56,45,34,62,14,51
"2130","G0213","G0213_10","inactive",12,24,24,15,16,34,10,18
"2131","G0214","G0214_01","increasing",6,10,12,11,16,24,5,19
"2132","G0214","G0214_02","increasing",4,3,0,7,4,3,2,3
"2133","G0214","G0214_03","increasing",4,3,4,5,7,3,1,7
"2134","G0214","G0214_04","increasing",22,24,45,30,48,44,16,52
"2135","G0214","G0214_05","increasing",7,8,15,5,11,15,4,15
"2136","G0214","G0214_06","increasing",3,7,9,4,6,6,4,6
"2137","G0214","G0214_07","increasing",12,12,6,6,16,17,3,18
"2138","G0214","G0214_08","increasing",8,2,11,6,9,6,4,2
"2139","G0214","G0214_09","increasing",0,1,1,4,2,1,1,5
"2140","G0214","G0214_10","increasing",4,2,3,1,9,7,0,4
"2141","G0215","G0215_01","inactive",5,6,5,7,4,6,3,7
"2142","G0215","G0215_02","inactive",4,7,22,8,13,12,2,12
"2143","G0215","G0215_03","inactive",2,7,9,2,5,4,1,1
"2144","G0215","G0215_04","inactive",2,5,6,12,7,9,2,16
"2145","G0215","G0215_05","inactive",8,7,14,9,7,11,1,12
"2146","G0215","G0215_06","inactive",10,9,21,16,9,31,13,22
"2147","G0215","G0215_07","inactive",4,10,6,17,6,6,2,10
"2148","G0215","G0215_08","inactive",3,3,13,6,6,3,1,12
"2149","G0215","G0215_09","inactive",2,10,4,18,3,13,1,20
"2150","G0215","G0215_10","inactive",10,16,15,15,9,19,4,22
"2151","G0216","G0216_01","inactive",6,9,11,16,11,19,7,17
"2152","G0216","G0216_02","inactive",6,8,4,6,8,6,2,8
"2153","G0216","G0216_03","inactive",4,10,6,5,3,8,2,8
"2154","G0216","G0216_04","inactive",6,7,24,9,4,4,5,14
"2155","G0216","G0216_05","inactive",1,3,10,3,3,4,5,5
"2156","G0216","G0216_06","inactive",2,21,13,11,11,32,8,17
"2157","G0216","G0216_07","inactive",8,20,14,9,12,24,9,15
"2158","G0216","G0216_08","inactive",6,11,13,17,10,24,9,13
"2159","G0216","G0216_09","inactive",11,12,19,7,13,28,10,16
"2160","G0216","G0216_10","inactive",10,11,10,5,5,21,4,5
"2161","G0217","G0217_01","inactive",1,2,2,5,6,4,2,5
"2162","G0217","G0217_02","inactive",3,8,12,5,9,10,7,9
"2163","G0217","G0217_03","inactive",19,26,26,27,28,35,10,30
"2164","G0217","G0217_04","inactive",12,21,24,16,22,22,9,25
"2165","G0217","G0217_05","inactive",10,12,11,7,12,8,2,10
"2166","G0217","G0217_06","inactive",3,11,7,1,5,9,2,5
"2167","G0217","G0217_07","inactive",6,17,16,26,4,15,4,27
"2168","G0217","G0217_08","inactive",4,3,5,7,6,10,2,7
"2169","G0217","G0217_09","inactive",1,7,10,1,5,11,1,7
"2170","G0217","G0217_10","inactive",20,15,47,25,30,29,14,27
"2171","G0218","G0218_01","inactive",5,2,5,1,5,1,1,7
"2172","G0218","G0218_02","inactive",1,3,5,2,6,7,2,8
"2173","G0218","G0218_03","inactive",6,14,8,12,3,10,1,4
"2174","G0218","G0218_04","inactive",6,10,8,8,5,7,5,8
"2175","G0218","G0218_05","inactive",7,9,10,12,7,20,8,20
"2176","G0218","G0218_06","inactive",2,3,4,1,2,8,0,3
"2177","G0218","G0218_07","inactive",19,25,25,9,23,39,12,18
"2178","G0218","G0218_08","inactive",5,6,4,4,10,4,0,7
"2179","G0218","G0218_09","inactive",3,4,7,7,7,24,3,6
"2180","G0218","G0218_10","inactive",7,10,20,13,9,15,4,17
"2181","G0219","G0219_01","negcontrol",8,10,11,12,14,16,6,15
"2182","G0219","G0219_02","negcontrol",1,8,12,7,3,5,1,7
"2183","G0219","G0219_03","negcontrol",5,6,10,6,5,10,4,5
"2184","G0219","G0219_04","negcontrol",5,0,0,5,4,5,0,4
"2185","G0219","G0219_05","negcontrol",6,5,25,16,7,11,3,12
"2186","G0219","G0219_06","negcontrol",23,30,68,41,52,50,17,51
"2187","G0219","G0219_07","negcontrol",22,26,41,43,28,54,13,34
"2188","G0219","G0219_08","negcontrol",1,1,7,6,3,6,3,14
"2189","G0219","G0219_09","negcontrol",2,2,10,1,1,3,2,1
"2190","G0219","G0219_10","negcontrol",6,6,11,6,4,12,5,9
"2191","G0220","G0220_01","increasing",7,6,16,10,12,22,8,13
"2192","G0220","G0220_02","increasing",12,14,22,10,20,35,13,36
"2193","G0220","G0220_03","increasing",4,6,8,1,8,8,2,11
"2194","G0220","G0220_04","increasing",4,4,7,9,2,14,2,11
"2195","G0220","G0220_05","increasing",3,16,22,6,12,19,14,14
"2196","G0220","G0220_06","increasing",6,8,11,11,12,19,2,14
"2197","G0220","G0220_07","increasing",3,15,8,2,13,12,4,5
"2198","G0220","G0220_08","increasing",4,8,8,6,10,19,7,5
"2199","G0220","G0220_09","increasing",4,11,14,3,6,9,3,9
"2200","G0220","G0220_10","increasing",9,14,27,12,11,26,9,21
"2201","G0221","G0221_01","inactive",4,5,9,13,3,13,5,6
"2202","G0221","G0221_02","inactive",22,37,78,59,36,62,21,62
"2203","G0221","G0221_03","inactive",1,4,8,1,3,5,3,3
"2204","G0221","G0221_04","inactive",5,11,14,15,8,14,5,25
"2205","G0221","G0221_05","inactive",5,16,6,11,10,20,6,9
"2206","G0221","G0221_06","inactive",11,6,15,9,15,13,6,13
"2207","G0221","G0221_07","inactive",2,1,5,4,4,5,0,6
"2208","G0221","G0221_08","inactive",4,3,17,16,12,14,5,18
"2209","G0221","G0221_09","inactive",1,0,6,4,2,4,1,7
"2210","G0221","G0221_10","inactive",7,14,18,14,11,18,12,9
"2211","G0222","G0222_01","inactive",5,3,7,12,4,14,5,13
"2212","G0222","G0222_02","inactive",1,5,5,3,0,4,2,5
"2213","G0222","G0222_03","inactive",0,2,2,1,1,2,3,1
"2214","G0222","G0222_04","inactive",1,3,4,3,5,3,0,3
"2215","G0222","G0222_05","inactive",6,13,19,6,16,13,2,19
"2216","G0222","G0222_06","inactive",2,7,5,4,7,5,2,10
"2217","G0222","G0222_07","inactive",1,5,4,4,1,6,3,8
"2218","G0222","G0222_08","inactive",9,24,20,14,12,27,9,10
"2219","G0222","G0222_09","inactive",5,11,7,5,10,8,2,12
"2220","G0222","G0222_10","inactive",5,11,16,13,8,16,4,11
"2221","G0223","G0223_01","increasing",3,8,3,2,5,9,1,8
"2222","G0223","G0223_02","increasing",5,9,8,5,3,9,9,5
"2223","G0223","G0223_03","increasing",0,0,0,1,1,5,0,0
"2224","G0223","G0223_04","increasing",0,4,7,1,3,3,3,3
"2225","G0223","G0223_05","increasing",0,2,1,4,2,3,2,2
"2226","G0223","G0223_06","increasing",4,4,4,0,5,9,0,1
"2227","G0223","G0223_07","increasing",11,26,30,14,18,41,5,24
"2228","G0223","G0223_08","increasing",10,18,17,17,15,29,10,25
"2229","G0223","G0223_09","increasing",6,5,6,1,8,12,3,4
"2230","G0223","G0223_10","increasing",2,3,11,4,4,6,4,4
"2231","G0224","G0224_01","inactive",6,11,15,10,7,12,6,8
"2232","G0224","G0224_02","inactive",4,4,12,9,5,4,2,10
"2233","G0224","G0224_03","inactive",7,4,8,4,11,10,3,3
"2234","G0224","G0224_04","inactive",13,34,32,22,31,55,14,30
"2235","G0224","G0224_05","inactive",12,7,13,15,11,22,5,22
"2236","G0224","G0224_06","inactive",0,5,9,4,4,4,2,4
"2237","G0224","G0224_07","inactive",9,8,4,5,4,1,7,5
"2238","G0224","G0224_08","inactive",5,11,31,9,15,16,5,6
"2239","G0224","G0224_09","inactive",12,24,33,21,15,37,11,29
"2240","G0224","G0224_10","inactive",15,12,33,21,23,34,16,19
"2241","G0225","G0225_01","inactive",2,6,8,4,2,11,3,13
"2242","G0225","G0225_02","inactive",7,5,11,8,11,17,8,12
"2243","G0225","G0225_03","inactive",4,4,8,3,3,6,2,12
"2244","G0225","G0225_04","inactive",10,9,29,15,16,14,8,9
"2245","G0225","G0225_05","inactive",11,9,15,18,18,29,9,24
"2246","G0225","G0225_06","inactive",15,14,28,16,10,28,7,24
"2247","G0225","G0225_07","inactive",3,5,15,8,8,11,4,8
"2248","G0225","G0225_08","inactive",4,3,3,3,11,2,6,5
"2249","G0225","G0225_09","inactive",3,7,6,4,7,11,4,15
"2250","G0225","G0225_10","inactive",9,18,5,5,9,11,2,9
"2251","G0226","G0226_01","increasing",1,1,0,10,0,6,0,8
"2252","G0226","G0226_02","increasing",18,23,26,29,36,74,14,39
"2253","G0226","G0226_03","increasing",6,13,6,5,12,34,6,11
"2254","G0226","G0226_04","increasing",5,4,10,4,8,13,3,16
"2255","G0226","G0226_05","increasing",11,16,19,18,19,31,7,17
"2256","G0226","G0226_06","increasing",2,7,9,6,7,22,7,17
"2257","G0226","G0226_07","increasing",6,18,16,22,16,17,16,23
"2258","G0226","G0226_08","increasing",1,5,7,6,7,14,3,9
"2259","G0226","G0226_09","increasing",3,12,16,15,23,22,8,32
"2260","G0226","G0226_10","increasing",2,9,16,5,9,12,10,9
"2261","G0227","G0227_01","increasing",11,3,19,10,12,13,5,18
"2262","G0227","G0227_02","increasing",0,1,2,0,0,2,0,0
"2263","G0227","G0227_03","increasing",3,8,13,3,16,12,5,6
"2264","G0227","G0227_04","increasing",6,13,28,13,17,36,19,29
"2265","G0227","G0227_05","increasing",1,0,2,0,2,1,2,1
"2266","G0227","G0227_06","increasing",7,5,5,10,6,9,7,10
"2267","G0227","G0227_07","increasing",6,28,12,10,14,29,12,13
"2268","G0227","G0227_08","increasing",2,0,2,4,3,3,3,2
"2269","G0227","G0227_09","increasing",31,36,40,38,46,70,17,70
"2270","G0227","G0227_10","increasing",0,2,6,3,4,6,3,7
"2271","G0228","G0228_01","increasing",6,4,8,9,12,12,3,10
"2272","G0228","G0228_02","increasing",9,7,8,3,17,19,8,15
"2273","G0228","G0228_03","increasing",4,12,14,8,30,20,9,24
"2274","G0228","G0228_04","increasing",4,12,11,9,10,22,5,8
"2275","G0228","G0228_05","increasing",4,8,6,5,13,21,4,6
"2276","G0228","G0228_06","increasing",7,11,12,19,27,38,10,29
"2277","G0228","G0228_07","increasing",1,1,3,8,9,6,1,8
"2278","G0228","G0228_08","increasing",2,11,7,4,9,19,5,14
"2279","G0228","G0228_09","increasing",9,13,9,10,13,17,4,21
"2280","G0228","G0228_10","increasing",0,1,1,3,3,5,6,3
"2281","G0229","G0229_01","increasing",1,5,2,4,0,20,1,8
"2282","G0229","G0229_02","increasing",9,4,12,7,16,21,7,8
"2283","G0229","G0229_03","increasing",9,6,17,9,8,19,2,10
"2284","G0229","G0229_04","increasing",2,2,2,9,4,13,2,7
"2285","G0229","G0229_05","increasing",5,5,7,7,3,9,4,8
"2286","G0229","G0229_06","increasing",3,5,7,1,7,6,1,2
"2287","G0229","G0229_07","increasing",2,8,6,10,12,21,1,10
"2288","G0229","G0229_08","increasing",3,4,10,6,9,23,5,9
"2289","G0229","G0229_09","increasing",11,19,22,12,20,27,10,24
"2290","G0229","G0229_10","increasing",8,11,17,20,15,11,9,32
"2291","G0230","G0230_01","inactive",1,5,4,4,10,3,3,4
"2292","G0230","G0230_02","inactive",4,1,17,6,7,4,5,11
"2293","G0230","G0230_03","inactive",2,5,12,6,10,10,4,15
"2294","G0230","G0230_04","inactive",18,20,25,27,25,37,7,27
"2295","G0230","G0230_05","inactive",2,3,4,6,6,6,2,4
"2296","G0230","G0230_06","inactive",3,4,8,6,2,4,2,3
"2297","G0230","G0230_07","inactive",0,10,8,4,1,4,3,4
"2298","G0230","G0230_08","inactive",18,24,25,9,11,24,8,10
"2299","G0230","G0230_09","inactive",9,6,4,3,7,9,4,19
"2300","G0230","G0230_10","inactive",2,6,9,7,5,14,0,15
"2301","G0231","G0231_01","inactive",3,7,13,8,15,5,3,14
"2302","G0231","G0231_02","inactive",8,15,11,17,21,20,5,15
"2303","G0231","G0231_03","inactive",3,5,8,5,3,1,0,8
"2304","G0231","G0231_04","inactive",13,19,24,20,11,24,8,15
"2305","G0231","G0231_05","inactive",39,50,59,29,41,48,23,47
"2306","G0231","G0231_06","inactive",4,0,6,0,4,0,1,5
"2307","G0231","G0231_07","inactive",4,12,6,14,7,12,1,6
"2308","G0231","G0231_08","inactive",4,1,7,2,3,6,0,3
"2309","G0231","G0231_09","inactive",4,3,8,3,6,4,4,2
"2310","G0231","G0231_10","inactive",5,9,18,13,5,6,3,19
"2311","G0232","G0232_01","inactive",0,2,2,0,4,3,1,0
"2312","G0232","G0232_02","inactive",3,2,7,3,5,4,2,4
"2313","G0232","G0232_03","inactive",8,8,8,5,7,11,6,12
"2314","G0232","G0232_04","inactive",3,4,3,2,2,8,1,3
"2315","G0232","G0232_05","inactive",3,2,11,1,4,6,4,2
"2316","G0232","G0232_06","inactive",6,12,4,10,6,15,2,10
"2317","G0232","G0232_07","inactive",9,12,14,13,15,14,2,18
"2318","G0232","G0232_08","inactive",0,3,2,2,3,10,0,6
"2319","G0232","G0232_09","inactive",2,20,16,9,5,24,1,13
"2320","G0232","G0232_10","inactive",4,8,4,0,5,9,1,0
"2321","G0233","G0233_01","inactive",11,12,22,8,17,18,5,9
"2322","G0233","G0233_02","inactive",8,9,17,4,12,9,6,12
"2323","G0233","G0233_03","inactive",1,0,1,1,1,3,0,5
"2324","G0233","G0233_04","inactive",11,16,15,13,11,12,5,26
"2325","G0233","G0233_05","inactive",9,16,6,7,9,16,5,6
"2326","G0233","G0233_06","inactive",13,30,41,22,21,28,8,32
"2327","G0233","G0233_07","inactive",8,12,18,8,4,10,4,14
"2328","G0233","G0233_08","inactive",4,11,5,9,8,10,0,9
"2329","G0233","G0233_09","inactive",5,12,19,6,12,9,4,16
"2330","G0233","G0233_10","inactive",1,2,0,2,1,3,0,1
"2331","G0234","G0234_01","inactive",3,6,2,3,6,4,1,7
"2332","G0234","G0234_02","inactive",7,9,5,14,11,21,4,9
"2333","G0234","G0234_03","inactive",4,2,9,9,2,5,4,9
"2334","G0234","G0234_04","inactive",11,16,21,20,20,43,2,25
"2335","G0234","G0234_05","inactive",2,1,2,2,4,1,0,0
"2336","G0234","G0234_06","inactive",13,14,28,18,13,23,8,32
"2337","G0234","G0234_07","inactive",2,1,9,3,1,6,2,7
"2338","G0234","G0234_08","inactive",2,5,19,2,2,10,5,3
"2339","G0234","G0234_09","inactive",16,14,6,5,11,14,3,8
"2340","G0234","G0234_10","inactive",10,21,9,7,10,13,5,7
"2341","G0235","G0235_01","inactive",6,3,3,3,4,8,2,3
"2342","G0235","G0235_02","inactive",7,13,14,9,10,22,3,10
"2343","G0235","G0235_03","inactive",0,5,11,7,6,11,1,7
"2344","G0235","G0235_04","inactive",4,4,5,0,4,4,3,12
"2345","G0235","G0235_05","inactive",4,6,8,12,12,17,5,13
"2346","G0235","G0235_06","inactive",12,8,21,15,9,13,10,16
"2347","G0235","G0235_07","inactive",2,6,29,23,7,13,6,10
"2348","G0235","G0235_08","inactive",11,22,43,37,28,44,19,29
"2349","G0235","G0235_09","inactive",3,9,7,2,2,13,2,4
"2350","G0235","G0235_10","inactive",2,1,4,2,3,1,0,3
"2351","G0236","G0236_01","negcontrol",2,2,7,3,2,0,3,5
"2352","G0236","G0236_02","negcontrol",6,6,9,14,4,7,8,7
"2353","G0236","G0236_03","negcontrol",7,8,20,15,12,25,5,15
"2354","G0236","G0236_04","negcontrol",13,6,13,8,6,10,2,20
"2355","G0236","G0236_05","negcontrol",7,4,4,0,5,2,3,3
"2356","G0236","G0236_06","negcontrol",10,3,11,5,14,10,4,7
"2357","G0236","G0236_07","negcontrol",3,3,8,3,4,2,1,5
"2358","G0236","G0236_08","negcontrol",5,14,8,10,6,17,3,5
"2359","G0236","G0236_09","negcontrol",11,24,29,12,12,26,6,21
"2360","G0236","G0236_10","negcontrol",7,4,10,4,4,3,1,11
"2361","G0237","G0237_01","decreasing",4,6,9,0,4,6,0,3
"2362","G0237","G0237_02","decreasing",1,5,4,2,0,1,1,3
"2363","G0237","G0237_03","decreasing",4,5,16,6,5,9,2,7
"2364","G0237","G0237_04","decreasing",21,23,48,24,17,16,12,22
"2365","G0237","G0237_05","decreasing",2,3,5,9,2,3,1,6
"2366","G0237","G0237_06","decreasing",2,0,3,6,7,0,2,4
"2367","G0237","G0237_07","decreasing",1,2,4,6,3,2,2,9
"2368","G0237","G0237_08","decreasing",2,4,4,3,0,6,4,3
"2369","G0237","G0237_09","decreasing",6,4,7,5,7,7,2,3
"2370","G0237","G0237_10","decreasing",4,4,3,1,4,1,1,1
"2371","G0238","G0238_01","inactive",10,10,21,9,17,21,5,12
"2372","G0238","G0238_02","inactive",10,15,11,14,12,12,1,12
"2373","G0238","G0238_03","inactive",1,7,4,4,13,8,2,4
"2374","G0238","G0238_04","inactive",9,12,15,12,8,9,9,16
"2375","G0238","G0238_05","inactive",3,16,25,14,12,19,7,14
"2376","G0238","G0238_06","inactive",4,7,2,2,2,9,1,7
"2377","G0238","G0238_07","inactive",5,8,27,5,17,16,1,22
"2378","G0238","G0238_08","inactive",13,9,25,18,12,20,11,32
"2379","G0238","G0238_09","inactive",7,5,15,7,10,8,3,11
"2380","G0238","G0238_10","inactive",5,13,12,2,4,12,0,7
"2381","G0239","G0239_01","inactive",7,15,23,15,23,14,9,18
"2382","G0239","G0239_02","inactive",2,7,3,4,4,8,1,7
"2383","G0239","G0239_03","inactive",17,30,28,28,34,45,17,30
"2384","G0239","G0239_04","inactive",6,6,25,12,11,12,5,13
"2385","G0239","G0239_05","inactive",2,3,4,4,1,2,3,2
"2386","G0239","G0239_06","inactive",7,6,10,9,9,6,4,17
"2387","G0239","G0239_07","inactive",6,5,5,2,9,10,0,5
"2388","G0239","G0239_08","inactive",1,7,3,3,3,3,3,5
"2389","G0239","G0239_09","inactive",9,9,13,7,11,7,3,13
"2390","G0239","G0239_10","inactive",13,18,17,15,5,29,1,23
"2391","G0240","G0240_01","increasing",10,10,15,13,7,8,6,19
"2392","G0240","G0240_02","increasing",4,12,8,5,11,11,3,7
"2393","G0240","G0240_03","increasing",0,10,5,3,4,9,2,6
"2394","G0240","G0240_04","increasing",4,1,5,1,6,8,1,6
"2395","G0240","G0240_05","increasing",1,2,4,4,1,13,1,8
"2396","G0240","G0240_06","increasing",1,5,18,3,2,11,7,9
"2397","G0240","G0240_07","increasing",2,10,10,8,4,12,3,13
"2398","G0240","G0240_08","increasing",6,11,22,9,11,20,10,19
"2399","G0240","G0240_09","increasing",2,2,3,6,2,3,1,11
"2400","G0240","G0240_10","increasing",12,7,15,7,7,16,3,12
"2401","G0241","G0241_01","inactive",0,5,2,4,3,6,2,4
"2402","G0241","G0241_02","inactive",1,5,5,2,7,12,3,11
"2403","G0241","G0241_03","inactive",8,2,4,3,6,10,0,10
"2404","G0241","G0241_04","inactive",2,1,4,0,2,2,0,1
"2405","G0241","G0241_05","inactive",8,15,9,20,10,26,5,28
"2406","G0241","G0241_06","inactive",5,11,14,4,7,8,3,11
"2407","G0241","G0241_07","inactive",0,0,0,3,1,0,0,0
"2408","G0241","G0241_08","inactive",5,5,13,7,16,10,3,10
"2409","G0241","G0241_09","inactive",5,2,13,8,7,7,3,9
"2410","G0241","G0241_10","inactive",34,48,46,43,43,56,15,43
"2411","G0242","G0242_01","inactive",15,23,28,11,19,22,10,24
"2412","G0242","G0242_02","inactive",9,14,23,10,19,32,10,20
"2413","G0242","G0242_03","inactive",10,4,24,9,7,9,8,16
"2414","G0242","G0242_04","inactive",5,4,8,13,6,11,4,13
"2415","G0242","G0242_05","inactive",11,13,17,11,15,24,12,13
"2416","G0242","G0242_06","inactive",13,11,21,6,18,18,9,11
"2417","G0242","G0242_07","inactive",23,37,29,22,28,38,11,43
"2418","G0242","G0242_08","inactive",13,11,18,15,8,22,1,27
"2419","G0242","G0242_09","inactive",6,4,10,4,6,9,1,10
"2420","G0242","G0242_10","inactive",1,4,3,2,3,4,0,2
"2421","G0243","G0243_01","negcontrol",13,21,23,30,20,27,7,38
"2422","G0243","G0243_02","negcontrol",9,5,8,13,9,17,6,13
"2423","G0243","G0243_03","negcontrol",0,2,6,2,4,5,4,10
"2424","G0243","G0243_04","negcontrol",8,3,18,13,14,12,8,7
"2425","G0243","G0243_05","negcontrol",14,18,20,20,18,38,4,25
"2426","G0243","G0243_06","negcontrol",4,9,26,15,6,12,8,5
"2427","G0243","G0243_07","negcontrol",7,6,18,11,11,19,2,20
"2428","G0243","G0243_08","negcontrol",4,5,14,8,7,8,7,6
"2429","G0243","G0243_09","negcontrol",6,24,14,15,9,15,5,17
"2430","G0243","G0243_10","negcontrol",0,4,8,10,2,2,1,4
"2431","G0244","G0244_01","inactive",8,17,17,6,9,27,10,18
"2432","G0244","G0244_02","inactive",13,17,28,22,27,38,6,27
"2433","G0244","G0244_03","inactive",8,15,15,13,8,19,4,10
"2434","G0244","G0244_04","inactive",3,5,13,3,3,11,5,1
"2435","G0244","G0244_05","inactive",11,13,33,10,12,21,10,14
"2436","G0244","G0244_06","inactive",18,29,35,21,33,39,12,27
"2437","G0244","G0244_07","inactive",0,4,6,3,1,3,3,3
"2438","G0244","G0244_08","inactive",5,10,13,7,10,13,6,14
"2439","G0244","G0244_09","inactive",12,15,17,18,15,26,0,27
"2440","G0244","G0244_10","inactive",8,8,11,10,8,13,8,25
"2441","G0245","G0245_01","inactive",6,12,28,18,7,20,7,24
"2442","G0245","G0245_02","inactive",16,31,21,24,21,39,9,33
"2443","G0245","G0245_03","inactive",2,7,6,7,10,10,3,4
"2444","G0245","G0245_04","inactive",2,12,7,16,5,8,3,10
"2445","G0245","G0245_05","inactive",38,60,73,62,53,86,22,73
"2446","G0245","G0245_06","inactive",1,4,3,3,1,5,0,0
"2447","G0245","G0245_07","inactive",26,29,80,33,51,71,17,43
"2448","G0245","G0245_08","inactive",5,9,20,9,12,9,6,18
"2449","G0245","G0245_09","inactive",20,30,47,27,28,32,14,46
"2450","G0245","G0245_10","inactive",20,29,43,27,28,48,10,26
"2451","G0246","G0246_01","increasing",8,4,18,5,14,16,3,19
"2452","G0246","G0246_02","increasing",2,8,9,5,6,5,6,5
"2453","G0246","G0246_03","increasing",3,4,5,3,10,4,0,10
"2454","G0246","G0246_04","increasing",13,15,9,8,19,26,8,13
"2455","G0246","G0246_05","increasing",0,2,4,7,0,6,2,14
"2456","G0246","G0246_06","increasing",9,11,26,2,18,23,13,26
"2457","G0246","G0246_07","increasing",8,6,14,4,11,15,5,7
"2458","G0246","G0246_08","increasing",9,14,31,18,21,34,7,28
"2459","G0246","G0246_09","increasing",4,13,7,7,14,10,5,11
"2460","G0246","G0246_10","increasing",6,16,30,9,19,17,7,18
"2461","G0247","G0247_01","inactive",9,18,10,10,10,35,10,13
"2462","G0247","G0247_02","inactive",2,2,12,9,6,4,4,4
"2463","G0247","G0247_03","inactive",1,7,6,4,7,11,2,6
"2464","G0247","G0247_04","inactive",7,14,20,13,14,23,5,17
"2465","G0247","G0247_05","inactive",17,20,34,32,28,20,14,37
"2466","G0247","G0247_06","inactive",4,4,8,18,7,8,0,20
"2467","G0247","G0247_07","inactive",5,10,26,13,15,22,2,16
"2468","G0247","G0247_08","inactive",6,9,15,6,8,19,9,10
"2469","G0247","G0247_09","inactive",10,6,12,16,14,19,2,18
"2470","G0247","G0247_10","inactive",0,6,4,2,2,2,1,6
"2471","G0248","G0248_01","inactive",9,13,5,5,5,13,3,3
"2472","G0248","G0248_02","inactive",10,17,24,19,17,32,5,23
"2473","G0248","G0248_03","inactive",8,9,15,19,15,11,6,17
"2474","G0248","G0248_04","inactive",9,30,26,12,24,26,7,34
"2475","G0248","G0248_05","inactive",8,12,16,10,7,12,4,13
"2476","G0248","G0248_06","inactive",19,11,26,8,13,21,8,17
"2477","G0248","G0248_07","inactive",1,6,10,5,2,3,2,1
"2478","G0248","G0248_08","inactive",8,14,17,18,12,17,5,15
"2479","G0248","G0248_09","inactive",7,8,11,9,4,13,1,9
"2480","G0248","G0248_10","inactive",11,11,14,7,12,10,3,13
"2481","G0249","G0249_01","inactive",12,19,22,22,9,18,6,27
"2482","G0249","G0249_02","inactive",6,16,17,10,10,11,9,16
"2483","G0249","G0249_03","inactive",14,20,21,10,20,20,11,15
"2484","G0249","G0249_04","inactive",13,15,16,10,14,23,3,17
"2485","G0249","G0249_05","inactive",0,5,17,2,12,4,3,4
"2486","G0249","G0249_06","inactive",4,7,7,4,9,15,3,13
"2487","G0249","G0249_07","inactive",3,7,13,6,6,12,1,6
"2488","G0249","G0249_08","inactive",0,2,9,3,6,5,0,1
"2489","G0249","G0249_09","inactive",5,5,14,10,9,5,6,21
"2490","G0249","G0249_10","inactive",7,4,6,9,10,11,3,12
"2491","G0250","G0250_01","decreasing",6,16,23,13,11,19,4,10
"2492","G0250","G0250_02","decreasing",5,8,11,6,4,9,3,11
"2493","G0250","G0250_03","decreasing",8,19,29,20,15,9,4,19
"2494","G0250","G0250_04","decreasing",3,7,6,7,3,12,7,6
"2495","G0250","G0250_05","decreasing",7,8,22,2,7,15,8,6
"2496","G0250","G0250_06","decreasing",5,8,18,11,5,18,5,6
"2497","G0250","G0250_07","decreasing",9,16,19,12,10,14,5,6
"2498","G0250","G0250_08","decreasing",6,16,17,19,8,16,5,22
"2499","G0250","G0250_09","decreasing",9,13,12,6,5,9,2,9
"2500","G0250","G0250_10","decreasing",12,5,13,6,10,5,6,9
"2501","G0251","G0251_01","inactive",11,15,38,11,16,18,9,16
"2502","G0251","G0251_02","inactive",1,2,1,5,1,6,0,6
"2503","G0251","G0251_03","inactive",16,15,26,15,17,27,2,29
"2504","G0251","G0251_04","inactive",2,1,7,4,5,2,3,8
"2505","G0251","G0251_05","inactive",12,7,20,9,10,9,9,11
"2506","G0251","G0251_06","inactive",6,5,4,4,2,11,0,6
"2507","G0251","G0251_07","inactive",7,7,18,4,8,8,10,8
"2508","G0251","G0251_08","inactive",8,14,16,7,9,17,4,14
"2509","G0251","G0251_09","inactive",8,10,21,12,15,21,8,14
"2510","G0251","G0251_10","inactive",6,5,7,3,7,6,1,5
"2511","G0252","G0252_01","increasing",5,17,16,13,6,20,6,11
"2512","G0252","G0252_02","increasing",10,22,28,12,12,36,10,28
"2513","G0252","G0252_03","increasing",2,2,5,6,9,11,5,14
"2514","G0252","G0252_04","increasing",2,2,5,3,9,6,2,4
"2515","G0252","G0252_05","increasing",25,28,34,18,31,33,13,36
"2516","G0252","G0252_06","increasing",8,2,9,5,13,6,6,7
"2517","G0252","G0252_07","increasing",8,5,6,4,11,7,4,4
"2518","G0252","G0252_08","increasing",12,11,15,8,8,29,5,14
"2519","G0252","G0252_09","increasing",1,8,7,5,10,10,4,3
"2520","G0252","G0252_10","increasing",9,10,6,6,9,12,7,15
"2521","G0253","G0253_01","inactive",5,3,6,21,6,10,5,27
"2522","G0253","G0253_02","inactive",2,4,3,4,2,4,1,5
"2523","G0253","G0253_03","inactive",7,7,30,13,10,28,3,10
"2524","G0253","G0253_04","inactive",24,24,50,20,26,17,17,35
"2525","G0253","G0253_05","inactive",8,22,37,30,24,25,7,27
"2526","G0253","G0253_06","inactive",5,14,7,5,6,12,1,6
"2527","G0253","G0253_07","inactive",1,7,6,7,2,9,2,4
"2528","G0253","G0253_08","inactive",8,5,19,9,7,10,14,15
"2529","G0253","G0253_09","inactive",3,4,11,9,0,2,4,9
"2530","G0253","G0253_10","inactive",15,18,21,19,17,30,3,17
"2531","G0254","G0254_01","decreasing",11,17,22,24,10,12,8,25
"2532","G0254","G0254_02","decreasing",4,4,13,10,1,5,4,8
"2533","G0254","G0254_03","decreasing",3,5,6,7,2,4,1,5
"2534","G0254","G0254_04","decreasing",3,2,10,4,1,3,3,10
"2535","G0254","G0254_05","decreasing",6,18,28,20,22,30,15,24
"2536","G0254","G0254_06","decreasing",5,4,11,3,16,7,2,5
"2537","G0254","G0254_07","decreasing",7,8,8,12,18,12,2,13
"2538","G0254","G0254_08","decreasing",2,3,5,0,2,4,3,5
"2539","G0254","G0254_09","decreasing",8,9,25,14,4,19,11,9
"2540","G0254","G0254_10","decreasing",0,6,6,2,1,2,4,1
"2541","G0255","G0255_01","inactive",8,28,35,21,21,25,11,24
"2542","G0255","G0255_02","inactive",3,7,13,6,7,11,2,8
"2543","G0255","G0255_03","inactive",5,8,3,6,3,11,3,1
"2544","G0255","G0255_04","inactive",9,8,16,11,12,14,4,12
"2545","G0255","G0255_05","inactive",7,3,6,6,7,7,2,6
"2546","G0255","G0255_06","inactive",9,11,12,10,7,20,3,19
"2547","G0255","G0255_07","inactive",8,11,27,11,14,20,7,25
"2548","G0255","G0255_08","inactive",24,25,32,32,33,39,16,36
"2549","G0255","G0255_09","inactive",1,6,3,6,3,5,1,5
"2550","G0255","G0255_10","inactive",17,23,47,26,19,49,24,30
"2551","G0256","G0256_01","inactive",6,1,3,4,2,3,0,5
"2552","G0256","G0256_02","inactive",4,8,26,12,9,11,5,11
"2553","G0256","G0256_03","inactive",11,5,14,7,6,7,5,23
"2554","G0256","G0256_04","inactive",21,16,15,12,12,29,9,16
"2555","G0256","G0256_05","inactive",14,9,11,5,12,14,3,17
"2556","G0256","G0256_06","inactive",11,16,22,16,16,30,9,17
"2557","G0256","G0256_07","inactive",13,14,18,7,9,27,7,12
"2558","G0256","G0256_08","inactive",1,2,9,9,2,12,3,7
"2559","G0256","G0256_09","inactive",5,5,5,6,7,4,7,6
"2560","G0256","G0256_10","inactive",6,13,16,8,10,24,11,9
"2561","G0257","G0257_01","inactive",18,35,47,35,16,56,10,50
"2562","G0257","G0257_02","inactive",4,2,8,5,6,3,1,14
"2563","G0257","G0257_03","inactive",4,3,5,2,3,7,2,3
"2564","G0257","G0257_04","inactive",13,11,14,12,19,14,11,12
"2565","G0257","G0257_05","inactive",4,12,11,6,13,17,4,16
"2566","G0257","G0257_06","inactive",29,51,71,44,24,67,21,67
"2567","G0257","G0257_07","inactive",3,4,6,2,1,4,2,3
"2568","G0257","G0257_08","inactive",1,3,7,5,2,12,1,7
"2569","G0257","G0257_09","inactive",2,2,2,3,5,5,1,5
"2570","G0257","G0257_10","inactive",5,11,11,6,9,18,2,6
"2571","G0258","G0258_01","inactive",4,4,9,8,5,4,1,7
"2572","G0258","G0258_02","inactive",4,5,9,6,9,7,6,8
"2573","G0258","G0258_03","inactive",15,25,25,20,11,37,10,29
"2574","G0258","G0258_04","inactive",1,5,4,5,6,4,1,10
"2575","G0258","G0258_05","inactive",6,9,11,6,7,10,1,7
"2576","G0258","G0258_06","inactive",14,12,32,18,9,25,14,15
"2577","G0258","G0258_07","inactive",20,17,26,16,16,31,8,29
"2578","G0258","G0258_08","inactive",1,9,16,4,3,10,5,6
"2579","G0258","G0258_09","inactive",2,7,7,6,10,3,3,8
"2580","G0258","G0258_10","inactive",1,0,3,3,2,0,1,1
"2581","G0259","G0259_01","increasing",8,4,5,6,8,10,2,10
"2582","G0259","G0259_02","increasing",31,40,54,38,55,60,20,39
"2583","G0259","G0259_03","increasing",1,15,10,8,6,17,7,21
"2584","G0259","G0259_04","increasing",3,0,5,0,3,0,6,7
"2585","G0259","G0259_05","increasing",10,10,17,10,21,13,10,12
"2586","G0259","G0259_06","increasing",1,5,10,11,8,17,1,9
"2587","G0259","G0259_07","increasing",6,10,8,7,21,17,6,22
"2588","G0259","G0259_08","increasing",9,20,22,21,12,32,13,21
"2589","G0259","G0259_09","increasing",7,8,6,2,8,17,3,5
"2590","G0259","G0259_10","increasing",11,7,7,7,18,10,11,15
"2591","G0260","G0260_01","inactive",6,9,14,12,11,11,3,22
"2592","G0260","G0260_02","inactive",14,36,53,43,26,39,22,31
"2593","G0260","G0260_03","inactive",0,1,6,3,3,9,2,2
"2594","G0260","G0260_04","inactive",3,0,8,4,6,0,2,3
"2595","G0260","G0260_05","inactive",13,8,17,14,3,27,6,13
"2596","G0260","G0260_06","inactive",5,11,8,6,11,9,5,14
"2597","G0260","G0260_07","inactive",4,11,20,14,11,11,5,22
"2598","G0260","G0260_08","inactive",24,33,46,31,25,50,17,40
"2599","G0260","G0260_09","inactive",9,4,5,9,7,7,0,10
"2600","G0260","G0260_10","inactive",2,15,25,13,7,19,8,11
"2601","G0261","G0261_01","inactive",2,6,3,1,1,10,0,2
"2602","G0261","G0261_02","inactive",8,19,25,17,9,20,7,13
"2603","G0261","G0261_03","inactive",6,21,24,16,9,37,4,18
"2604","G0261","G0261_04","inactive",1,7,3,1,1,2,2,5
"2605","G0261","G0261_05","inactive",1,3,2,2,0,0,0,3
"2606","G0261","G0261_06","inactive",3,8,4,7,2,11,5,10
"2607","G0261","G0261_07","inactive",12,13,10,11,10,19,2,14
"2608","G0261","G0261_08","inactive",9,9,19,10,7,9,5,11
"2609","G0261","G0261_09","inactive",2,5,8,9,5,5,3,11
"2610","G0261","G0261_10","inactive",11,12,14,14,12,29,7,20
"2611","G0262","G0262_01","inactive",7,15,26,10,10,18,14,13
"2612","G0262","G0262_02","inactive",8,4,11,7,16,5,7,15
"2613","G0262","G0262_03","inactive",24,15,27,32,16,41,6,30
"2614","G0262","G0262_04","inactive",5,9,12,3,9,16,7,4
"2615","G0262","G0262_05","inactive",12,4,9,9,13,10,4,6
"2616","G0262","G0262_06","inactive",4,11,10,8,11,12,4,10
"2617","G0262","G0262_07","inactive",4,6,9,4,14,13,8,5
"2618","G0262","G0262_08","inactive",11,6,12,9,12,10,2,8
"2619","G0262","G0262_09","inactive",4,2,4,3,6,3,1,1
"2620","G0262","G0262_10","inactive",0,6,4,3,3,9,1,7
"2621","G0263","G0263_01","inactive",1,7,5,3,5,10,2,2
"2622","G0263","G0263_02","inactive",9,8,14,16,12,9,6,14
"2623","G0263","G0263_03","inactive",2,1,0,0,1,3,1,0
"2624","G0263","G0263_04","inactive",9,6,14,16,4,14,7,10
"2625","G0263","G0263_05","inactive",12,17,18,5,21,28,8,15
"2626","G0263","G0263_06","inactive",2,2,5,3,2,4,2,3
"2627","G0263","G0263_07","inactive",3,3,8,7,12,4,4,4
"2628","G0263","G0263_08","inactive",1,2,9,2,2,3,0,1
"2629","G0263","G0263_09","inactive",8,12,13,19,5,25,3,19
"2630","G0263","G0263_10","inactive",17,35,50,23,21,56,17,31
"2631","G0264","G0264_01","inactive",1,1,4,4,1,7,0,2
"2632","G0264","G0264_02","inactive",10,5,6,3,3,19,6,8
"2633","G0264","G0264_03","inactive",5,3,9,7,9,3,3,12
"2634","G0264","G0264_04","inactive",3,13,12,14,11,18,3,26
"2635","G0264","G0264_05","inactive",1,0,0,0,1,0,0,1
"2636","G0264","G0264_06","inactive",7,2,6,1,9,10,0,2
"2637","G0264","G0264_07","inactive",0,8,9,8,2,7,1,6
"2638","G0264","G0264_08","inactive",2,3,0,2,4,8,3,8
"2639","G0264","G0264_09","inactive",0,2,1,0,0,6,0,0
"2640","G0264","G0264_10","inactive",1,3,12,2,1,7,3,2
"2641","G0265","G0265_01","inactive",11,15,23,18,17,28,14,31
"2642","G0265","G0265_02","inactive",5,10,14,12,13,12,6,12
"2643","G0265","G0265_03","inactive",3,4,0,3,5,9,0,5
"2644","G0265","G0265_04","inactive",2,1,1,1,2,0,1,0
"2645","G0265","G0265_05","inactive",3,1,4,0,2,2,0,3
"2646","G0265","G0265_06","inactive",5,6,16,10,11,7,4,11
"2647","G0265","G0265_07","inactive",9,12,9,5,9,21,2,15
"2648","G0265","G0265_08","inactive",3,4,0,3,9,4,0,2
"2649","G0265","G0265_09","inactive",4,13,10,14,10,17,5,13
"2650","G0265","G0265_10","inactive",3,3,9,1,8,6,2,10
"2651","G0266","G0266_01","inactive",13,12,33,13,22,19,11,20
"2652","G0266","G0266_02","inactive",9,13,22,16,18,11,6,22
"2653","G0266","G0266_03","inactive",2,2,6,7,5,3,1,5
"2654","G0266","G0266_04","inactive",16,27,28,22,18,26,8,21
"2655","G0266","G0266_05","inactive",9,29,14,12,17,31,6,11
"2656","G0266","G0266_06","inactive",3,8,19,6,9,8,8,17
"2657","G0266","G0266_07","inactive",11,10,13,6,5,16,2,5
"2658","G0266","G0266_08","inactive",1,10,12,8,6,10,9,8
"2659","G0266","G0266_09","inactive",8,21,8,7,9,16,3,3
"2660","G0266","G0266_10","inactive",0,0,4,0,4,1,0,4
"2661","G0267","G0267_01","inactive",1,0,0,0,2,2,0,1
"2662","G0267","G0267_02","inactive",11,5,12,9,13,5,4,20
"2663","G0267","G0267_03","inactive",0,3,6,9,4,3,1,10
"2664","G0267","G0267_04","inactive",3,8,15,5,2,8,2,5
"2665","G0267","G0267_05","inactive",7,5,21,3,10,15,4,4
"2666","G0267","G0267_06","inactive",1,3,4,1,0,5,3,2
"2667","G0267","G0267_07","inactive",1,0,3,1,2,1,1,2
"2668","G0267","G0267_08","inactive",4,3,2,2,1,8,2,5
"2669","G0267","G0267_09","inactive",2,7,9,1,4,16,3,0
"2670","G0267","G0267_10","inactive",11,12,19,5,9,13,6,11
"2671","G0268","G0268_01","negcontrol",0,1,3,2,1,8,0,2
"2672","G0268","G0268_02","negcontrol",9,30,27,15,18,48,7,29
"2673","G0268","G0268_03","negcontrol",6,10,15,15,9,4,4,15
"2674","G0268","G0268_04","negcontrol",5,11,11,1,3,9,4,9
"2675","G0268","G0268_05","negcontrol",6,15,22,15,19,17,8,8
"2676","G0268","G0268_06","negcontrol",12,9,20,10,17,16,2,13
"2677","G0268","G0268_07","negcontrol",5,15,15,6,15,22,6,24
"2678","G0268","G0268_08","negcontrol",11,10,7,4,7,7,3,10
"2679","G0268","G0268_09","negcontrol",3,7,16,2,12,9,3,9
"2680","G0268","G0268_10","negcontrol",11,11,10,12,14,17,6,11
"2681","G0269","G0269_01","negcontrol",7,11,9,6,6,12,5,12
"2682","G0269","G0269_02","negcontrol",5,15,19,6,12,24,6,14
"2683","G0269","G0269_03","negcontrol",2,2,1,1,3,11,0,2
"2684","G0269","G0269_04","negcontrol",8,21,51,27,13,47,14,27
"2685","G0269","G0269_05","negcontrol",8,4,18,12,17,16,6,8
"2686","G0269","G0269_06","negcontrol",3,10,5,3,4,6,3,5
"2687","G0269","G0269_07","negcontrol",5,8,7,5,4,6,2,5
"2688","G0269","G0269_08","negcontrol",18,26,16,17,12,34,8,41
"2689","G0269","G0269_09","negcontrol",3,4,2,6,1,3,2,6
"2690","G0269","G0269_10","negcontrol",0,5,8,2,6,6,2,2
"2691","G0270","G0270_01","decreasing",22,9,20,8,14,11,5,12
"2692","G0270","G0270_02","decreasing",0,3,2,6,4,7,5,9
"2693","G0270","G0270_03","decreasing",1,2,13,3,0,7,1,12
"2694","G0270","G0270_04","decreasing",6,9,10,11,7,5,1,7
"2695","G0270","G0270_05","decreasing",7,4,13,3,7,1,5,3
"2696","G0270","G0270_06","decreasing",10,25,21,22,12,15,2,21
"2697","G0270","G0270_07","decreasing",1,5,3,4,1,8,1,5
"2698","G0270","G0270_08","decreasing",3,6,6,2,3,4,0,5
"2699","G0270","G0270_09","decreasing",2,3,5,3,5,3,3,2
"2700","G0270","G0270_10","decreasing",2,1,11,9,3,2,2,7
"2701","G0271","G0271_01","inactive",2,2,1,0,3,2,2,0
"2702","G0271","G0271_02","inactive",1,0,3,1,2,2,1,0
"2703","G0271","G0271_03","inactive",13,17,51,26,24,46,9,34
"2704","G0271","G0271_04","inactive",17,30,44,23,23,41,6,25
"2705","G0271","G0271_05","inactive",2,7,7,8,2,19,2,9
"2706","G0271","G0271_06","inactive",2,3,5,8,2,3,1,3
"2707","G0271","G0271_07","inactive",2,0,6,7,5,1,1,8
"2708","G0271","G0271_08","inactive",8,7,15,4,7,13,7,8
"2709","G0271","G0271_09","inactive",23,35,37,27,22,72,9,29
"2710","G0271","G0271_10","inactive",4,2,10,7,2,5,0,5
"2711","G0272","G0272_01","inactive",6,4,13,9,7,3,6,11
"2712","G0272","G0272_02","inactive",2,5,3,1,0,5,0,1
"2713","G0272","G0272_03","inactive",9,29,36,33,6,38,7,35
"2714","G0272","G0272_04","inactive",6,8,9,11,9,16,3,11
"2715","G0272","G0272_05","inactive",14,16,37,10,17,27,7,33
"2716","G0272","G0272_06","inactive",2,2,2,2,5,4,0,0
"2717","G0272","G0272_07","inactive",1,3,4,5,0,3,1,8
"2718","G0272","G0272_08","inactive",1,5,1,3,3,9,2,4
"2719","G0272","G0272_09","inactive",4,16,13,7,8,14,9,9
"2720","G0272","G0272_10","inactive",12,12,14,11,18,14,3,7
"2721","G0273","G0273_01","decreasing",22,22,24,14,14,28,11,26
"2722","G0273","G0273_02","decreasing",2,5,13,9,7,16,3,2
"2723","G0273","G0273_03","decreasing",1,0,0,1,1,2,0,2
"2724","G0273","G0273_04","decreasing",2,3,4,0,6,1,2,0
"2725","G0273","G0273_05","decreasing",11,10,27,15,13,19,5,6
"2726","G0273","G0273_06","decreasing",9,6,13,15,6,17,3,15
"2727","G0273","G0273_07","decreasing",6,7,23,4,6,7,5,6
"2728","G0273","G0273_08","decreasing",5,9,15,6,6,5,5,7
"2729","G0273","G0273_09","decreasing",21,26,16,19,22,25,6,15
"2730","G0273","G0273_10","decreasing",11,14,21,11,12,12,1,14
"2731","G0274","G0274_01","inactive",14,27,23,25,21,38,4,36
"2732","G0274","G0274_02","inactive",14,12,25,16,23,26,12,23
"2733","G0274","G0274_03","inactive",1,0,8,2,2,7,4,3
"2734","G0274","G0274_04","inactive",4,15,11,11,9,16,2,18
"2735","G0274","G0274_05","inactive",0,6,2,2,0,5,0,4
"2736","G0274","G0274_06","inactive",3,6,18,11,8,10,7,14
"2737","G0274","G0274_07","inactive",1,3,10,3,2,1,1,2
"2738","G0274","G0274_08","inactive",3,2,14,13,0,2,3,15
"2739","G0274","G0274_09","inactive",6,7,11,7,6,6,2,8
"2740","G0274","G0274_10","inactive",5,7,10,3,4,8,2,7
"2741","G0275","G0275_01","inactive",17,20,34,10,24,44,11,30
"2742","G0275","G0275_02","inactive",2,5,16,14,5,16,4,6
"2743","G0275","G0275_03","inactive",10,14,29,6,11,32,12,9
"2744","G0275","G0275_04","inactive",16,21,54,21,25,38,22,32
"2745","G0275","G0275_05","inactive",3,3,7,3,5,9,1,12
"2746","G0275","G0275_06","inactive",11,14,30,13,18,19,8,32
"2747","G0275","G0275_07","inactive",21,12,26,17,12,24,6,20
"2748","G0275","G0275_08","inactive",3,9,7,4,5,2,3,8
"2749","G0275","G0275_09","inactive",5,10,10,14,6,16,2,14
"2750","G0275","G0275_10","inactive",4,2,11,1,2,5,5,6
"2751","G0276","G0276_01","negcontrol",13,17,21,12,14,22,6,16
"2752","G0276","G0276_02","negcontrol",10,3,4,8,10,4,2,7
"2753","G0276","G0276_03","negcontrol",1,1,1,3,2,8,0,5
"2754","G0276","G0276_04","negcontrol",7,19,19,15,13,20,8,12
"2755","G0276","G0276_05","negcontrol",1,0,3,0,2,0,0,0
"2756","G0276","G0276_06","negcontrol",4,1,9,1,6,6,0,3
"2757","G0276","G0276_07","negcontrol",1,6,1,5,3,13,6,4
"2758","G0276","G0276_08","negcontrol",1,6,15,7,5,9,3,4
"2759","G0276","G0276_09","negcontrol",5,14,25,19,12,21,7,21
"2760","G0276","G0276_10","negcontrol",11,33,26,19,25,32,10,30
"2761","G0277","G0277_01","inactive",7,6,11,8,12,15,9,9
"2762","G0277","G0277_02","inactive",5,18,22,15,12,20,8,19
"2763","G0277","G0277_03","inactive",5,13,19,15,9,28,3,13
"2764","G0277","G0277_04","inactive",7,16,19,11,6,14,9,15
"2765","G0277","G0277_05","inactive",3,0,6,2,4,0,1,3
"2766","G0277","G0277_06","inactive",5,19,24,8,11,11,9,7
"2767","G0277","G0277_07","inactive",7,11,29,18,15,17,7,17
"2768","G0277","G0277_08","inactive",4,2,17,5,7,4,4,6
"2769","G0277","G0277_09","inactive",12,19,19,15,9,24,7,22
"2770","G0277","G0277_10","inactive",5,19,29,15,13,27,7,29
"2771","G0278","G0278_01","inactive",4,3,7,6,1,6,5,8
"2772","G0278","G0278_02","inactive",14,17,21,10,26,24,8,23
"2773","G0278","G0278_03","inactive",5,2,3,4,5,2,2,2
"2774","G0278","G0278_04","inactive",6,7,9,10,1,8,3,9
"2775","G0278","G0278_05","inactive",5,7,8,13,16,12,8,19
"2776","G0278","G0278_06","inactive",9,20,46,21,25,28,8,16
"2777","G0278","G0278_07","inactive",5,3,12,7,17,18,4,11
"2778","G0278","G0278_08","inactive",7,10,10,13,5,16,7,12
"2779","G0278","G0278_09","inactive",5,3,10,8,4,11,4,3
"2780","G0278","G0278_10","inactive",4,5,7,3,4,9,1,5
"2781","G0279","G0279_01","inactive",3,0,14,3,5,9,1,5
"2782","G0279","G0279_02","inactive",12,16,13,8,13,21,2,14
"2783","G0279","G0279_03","inactive",1,2,5,4,2,1,2,5
"2784","G0279","G0279_04","inactive",6,9,4,7,11,22,3,6
"2785","G0279","G0279_05","inactive",5,6,7,3,4,5,0,11
"2786","G0279","G0279_06","inactive",6,11,7,4,6,8,1,8
"2787","G0279","G0279_07","inactive",2,0,3,3,9,3,0,2
"2788","G0279","G0279_08","inactive",12,25,36,33,25,28,17,24
"2789","G0279","G0279_09","inactive",11,5,15,10,14,6,7,10
"2790","G0279","G0279_10","inactive",12,18,36,13,24,32,8,34
"2791","G0280","G0280_01","decreasing",15,15,18,14,18,10,3,17
"2792","G0280","G0280_02","decreasing",5,7,11,10,3,11,5,11
"2793","G0280","G0280_03","decreasing",2,6,9,12,4,9,4,14
"2794","G0280","G0280_04","decreasing",2,3,7,5,7,10,2,4
"2795","G0280","G0280_05","decreasing",21,20,34,18,23,28,13,29
"2796","G0280","G0280_06","decreasing",9,5,7,9,10,7,4,11
"2797","G0280","G0280_07","decreasing",4,6,10,5,4,13,3,6
"2798","G0280","G0280_08","decreasing",10,12,14,10,12,9,3,7
"2799","G0280","G0280_09","decreasing",2,19,12,9,6,18,3,16
"2800","G0280","G0280_10","decreasing",0,6,10,1,7,4,3,5
"2801","G0281","G0281_01","inactive",1,14,21,6,5,15,4,15
"2802","G0281","G0281_02","inactive",14,9,22,11,5,17,8,5
"2803","G0281","G0281_03","inactive",6,18,21,9,13,13,4,15
"2804","G0281","G0281_04","inactive",2,4,6,8,3,5,2,2
"2805","G0281","G0281_05","inactive",10,41,24,34,22,59,8,35
"2806","G0281","G0281_06","inactive",8,12,27,17,10,28,8,16
"2807","G0281","G0281_07","inactive",14,33,34,18,27,48,12,36
"2808","G0281","G0281_08","inactive",6,8,14,2,11,18,2,3
"2809","G0281","G0281_09","inactive",5,4,8,1,5,5,4,5
"2810","G0281","G0281_10","inactive",29,45,55,33,30,77,23,55
"2811","G0282","G0282_01","inactive",14,9,28,20,13,22,10,26
"2812","G0282","G0282_02","inactive",9,9,14,9,11,15,4,16
"2813","G0282","G0282_03","inactive",7,5,11,11,17,18,4,11
"2814","G0282","G0282_04","inactive",8,10,11,8,17,22,4,14
"2815","G0282","G0282_05","inactive",15,24,23,16,17,32,11,26
"2816","G0282","G0282_06","inactive",3,4,3,1,1,2,3,3
"2817","G0282","G0282_07","inactive",15,12,18,15,27,22,5,11
"2818","G0282","G0282_08","inactive",15,4,23,15,15,7,9,10
"2819","G0282","G0282_09","inactive",1,4,9,3,3,2,1,3
"2820","G0282","G0282_10","inactive",22,13,46,19,25,26,10,32
"2821","G0283","G0283_01","inactive",5,7,12,10,4,12,5,12
"2822","G0283","G0283_02","inactive",0,3,6,10,2,4,2,7
"2823","G0283","G0283_03","inactive",5,2,17,13,5,10,2,7
"2824","G0283","G0283_04","inactive",1,2,4,5,3,2,1,1
"2825","G0283","G0283_05","inactive",2,1,3,10,1,5,1,1
"2826","G0283","G0283_06","inactive",8,8,13,6,8,10,4,11
"2827","G0283","G0283_07","inactive",21,22,15,15,26,36,4,15
"2828","G0283","G0283_08","inactive",12,15,23,20,20,20,7,19
"2829","G0283","G0283_09","inactive",13,14,16,14,21,11,7,11
"2830","G0283","G0283_10","inactive",12,21,31,12,14,25,6,21
"2831","G0284","G0284_01","inactive",3,4,4,3,4,6,3,3
"2832","G0284","G0284_02","inactive",3,5,9,16,2,12,4,10
"2833","G0284","G0284_03","inactive",8,11,26,11,12,24,10,16
"2834","G0284","G0284_04","inactive",5,10,8,11,10,15,1,10
"2835","G0284","G0284_05","inactive",7,7,17,7,17,18,4,10
"2836","G0284","G0284_06","inactive",0,2,6,1,0,4,0,6
"2837","G0284","G0284_07","inactive",12,12,34,16,23,19,8,14
"2838","G0284","G0284_08","inactive",3,4,7,7,5,6,2,8
"2839","G0284","G0284_09","inactive",2,4,3,2,3,12,1,5
"2840","G0284","G0284_10","inactive",2,2,6,6,3,2,2,2
"2841","G0285","G0285_01","inactive",4,0,5,2,1,3,3,2
"2842","G0285","G0285_02","inactive",7,9,19,19,4,15,6,17
"2843","G0285","G0285_03","inactive",6,11,14,10,14,21,6,11
"2844","G0285","G0285_04","inactive",2,15,10,16,8,13,3,11
"2845","G0285","G0285_05","inactive",9,22,23,7,16,20,6,16
"2846","G0285","G0285_06","inactive",5,2,4,3,12,7,0,2
"2847","G0285","G0285_07","inactive",6,15,21,16,17,27,5,24
"2848","G0285","G0285_08","inactive",3,5,3,4,5,2,2,2
"2849","G0285","G0285_09","inactive",11,21,26,16,16,17,6,26
"2850","G0285","G0285_10","inactive",10,14,13,13,19,15,2,26
"2851","G0286","G0286_01","inactive",1,10,8,0,6,9,1,9
"2852","G0286","G0286_02","inactive",2,4,10,6,6,6,2,15
"2853","G0286","G0286_03","inactive",4,6,4,3,2,4,6,4
"2854","G0286","G0286_04","inactive",0,4,3,5,1,2,2,2
"2855","G0286","G0286_05","inactive",4,4,8,3,8,7,4,7
"2856","G0286","G0286_06","inactive",3,3,10,3,4,8,0,6
"2857","G0286","G0286_07","inactive",2,7,2,3,6,11,1,4
"2858","G0286","G0286_08","inactive",8,11,13,9,19,25,7,17
"2859","G0286","G0286_09","inactive",5,0,19,5,7,3,10,7
"2860","G0286","G0286_10","inactive",7,12,8,17,10,12,5,16
"2861","G0287","G0287_01","inactive",8,3,10,6,10,8,4,16
"2862","G0287","G0287_02","inactive",18,32,27,19,20,47,16,26
"2863","G0287","G0287_03","inactive",9,7,21,17,10,12,3,15
"2864","G0287","G0287_04","inactive",1,5,6,6,9,14,2,8
"2865","G0287","G0287_05","inactive",10,13,33,17,14,19,11,14
"2866","G0287","G0287_06","inactive",8,0,12,3,9,1,4,8
"2867","G0287","G0287_07","inactive",7,5,15,4,4,17,7,5
"2868","G0287","G0287_08","inactive",5,8,3,3,8,13,0,5
"2869","G0287","G0287_09","inactive",3,3,5,5,5,6,2,9
"2870","G0287","G0287_10","inactive",1,11,15,5,5,9,2,17
"2871","G0288","G0288_01","decreasing",8,11,16,13,9,9,3,15
"2872","G0288","G0288_02","decreasing",1,2,4,0,1,1,1,0
"2873","G0288","G0288_03","decreasing",14,15,35,19,6,11,9,12
"2874","G0288","G0288_04","decreasing",13,23,14,10,14,21,1,8
"2875","G0288","G0288_05","decreasing",20,33,52,18,23,32,14,27
"2876","G0288","G0288_06","decreasing",3,4,4,4,2,1,1,4
"2877","G0288","G0288_07","decreasing",11,24,28,18,8,22,5,11
"2878","G0288","G0288_08","decreasing",10,7,37,9,9,11,4,10
"2879","G0288","G0288_09","decreasing",3,10,9,4,1,6,0,3
"2880","G0288","G0288_10","decreasing",9,9,12,6,8,9,2,13
"2881","G0289","G0289_01","inactive",3,1,6,3,5,7,1,3
"2882","G0289","G0289_02","inactive",7,3,5,7,8,8,2,12
"2883","G0289","G0289_03","inactive",4,3,13,13,7,4,3,10
"2884","G0289","G0289_04","inactive",1,5,5,1,7,5,3,6
"2885","G0289","G0289_05","inactive",2,6,12,9,4,7,5,8
"2886","G0289","G0289_06","inactive",32,38,49,34,42,45,20,58
"2887","G0289","G0289_07","inactive",0,2,3,11,0,3,2,3
"2888","G0289","G0289_08","inactive",13,28,43,17,31,40,13,36
"2889","G0289","G0289_09","inactive",20,39,41,19,33,59,22,33
"2890","G0289","G0289_10","inactive",2,2,5,3,10,4,0,3
"2891","G0290","G0290_01","inactive",8,9,14,9,17,13,6,27
"2892","G0290","G0290_02","inactive",2,13,18,7,5,16,12,9
"2893","G0290","G0290_03","inactive",9,30,36,20,31,38,11,25
"2894","G0290","G0290_04","inactive",17,24,30,21,14,37,11,26
"2895","G0290","G0290_05","inactive",3,8,4,4,7,11,4,6
"2896","G0290","G0290_06","inactive",4,2,2,5,4,4,1,8
"2897","G0290","G0290_07","inactive",6,14,15,12,10,14,5,10
"2898","G0290","G0290_08","inactive",5,3,2,4,3,2,0,5
"2899","G0290","G0290_09","inactive",0,2,3,2,5,2,2,2
"2900","G0290","G0290_10","inactive",2,4,4,8,12,6,4,5
"2901","G0291","G0291_01","increasing",3,6,2,2,5,13,4,2
"2902","G0291","G0291_02","increasing",4,4,5,6,3,6,1,5
"2903","G0291","G0291_03","increasing",18,10,38,19,25,27,11,27
"2904","G0291","G0291_04","increasing",4,6,10,5,10,11,6,13
"2905","G0291","G0291_05","increasing",6,4,8,2,13,19,8,11
"2906","G0291","G0291_06","increasing",19,22,27,21,39,53,15,40
"2907","G0291","G0291_07","increasing",8,7,12,10,10,18,5,28
"2908","G0291","G0291_08","increasing",9,6,6,8,11,15,2,10
"2909","G0291","G0291_09","increasing",15,15,11,19,21,23,7,35
"2910","G0291","G0291_10","increasing",3,3,1,1,7,9,0,4
"2911","G0292","G0292_01","inactive",4,6,12,7,5,18,1,12
"2912","G0292","G0292_02","inactive",6,9,11,6,9,10,1,11
"2913","G0292","G0292_03","inactive",10,15,20,17,11,14,5,19
"2914","G0292","G0292_04","inactive",11,11,14,8,13,11,10,11
"2915","G0292","G0292_05","inactive",23,23,64,39,39,43,20,37
"2916","G0292","G0292_06","inactive",2,14,17,6,5,8,4,6
"2917","G0292","G0292_07","inactive",6,11,11,7,4,11,3,6
"2918","G0292","G0292_08","inactive",1,4,22,5,5,9,5,12
"2919","G0292","G0292_09","inactive",7,9,11,8,1,13,4,13
"2920","G0292","G0292_10","inactive",4,3,10,2,8,6,1,5
"2921","G0293","G0293_01","inactive",2,0,5,5,3,1,3,4
"2922","G0293","G0293_02","inactive",23,25,38,42,21,44,13,57
"2923","G0293","G0293_03","inactive",24,41,37,38,36,56,16,36
"2924","G0293","G0293_04","inactive",1,4,6,3,2,2,0,5
"2925","G0293","G0293_05","inactive",5,4,4,6,4,3,0,17
"2926","G0293","G0293_06","inactive",1,6,13,2,3,7,1,9
"2927","G0293","G0293_07","inactive",4,3,3,4,3,2,4,4
"2928","G0293","G0293_08","inactive",5,6,18,4,7,9,5,12
"2929","G0293","G0293_09","inactive",0,3,0,2,3,2,2,3
"2930","G0293","G0293_10","inactive",4,8,10,12,10,12,2,18
"2931","G0294","G0294_01","inactive",0,6,3,1,2,6,0,6
"2932","G0294","G0294_02","inactive",3,8,10,4,3,20,2,10
"2933","G0294","G0294_03","inactive",24,18,22,14,15,18,5,30
"2934","G0294","G0294_04","inactive",18,27,49,28,34,50,19,30
"2935","G0294","G0294_05","inactive",3,7,8,4,3,8,2,6
"2936","G0294","G0294_06","inactive",3,23,20,14,10,19,12,17
"2937","G0294","G0294_07","inactive",2,2,11,6,7,7,6,4
"2938","G0294","G0294_08","inactive",1,12,4,1,0,3,3,0
"2939","G0294","G0294_09","inactive",12,16,17,12,12,34,9,13
"2940","G0294","G0294_10","inactive",7,2,1,3,6,3,2,3
"2941","G0295","G0295_01","inactive",5,2,5,12,7,8,2,18
"2942","G0295","G0295_02","inactive",8,14,26,7,14,11,8,12
"2943","G0295","G0295_03","inactive",10,9,16,6,10,11,12,17
"2944","G0295","G0295_04","inactive",4,1,1,2,4,1,0,1
"2945","G0295","G0295_05","inactive",8,13,12,6,6,16,3,11
"2946","G0295","G0295_06","inactive",4,19,21,26,14,21,6,22
"2947","G0295","G0295_07","inactive",3,5,3,2,1,3,2,3
"2948","G0295","G0295_08","inactive",11,19,28,20,20,17,6,14
"2949","G0295","G0295_09","inactive",10,4,16,6,6,5,4,10
"2950","G0295","G0295_10","inactive",3,7,15,3,3,4,3,6
"2951","G0296","G0296_01","inactive",15,23,27,18,23,26,13,18
"2952","G0296","G0296_02","inactive",5,5,15,7,7,15,1,15
"2953","G0296","G0296_03","inactive",2,5,11,11,6,8,3,14
"2954","G0296","G0296_04","inactive",2,5,5,3,4,7,3,10
"2955","G0296","G0296_05","inactive",5,10,7,9,11,14,2,12
"2956","G0296","G0296_06","inactive",4,1,4,1,4,3,1,1
"2957","G0296","G0296_07","inactive",0,1,8,5,0,5,3,4
"2958","G0296","G0296_08","inactive",3,5,2,4,1,9,2,5
"2959","G0296","G0296_09","inactive",10,5,26,13,19,20,5,11
"2960","G0296","G0296_10","inactive",0,3,0,2,2,2,0,1
"2961","G0297","G0297_01","inactive",4,5,10,5,3,17,4,14
"2962","G0297","G0297_02","inactive",3,7,10,4,6,6,2,7
"2963","G0297","G0297_03","inactive",12,18,24,5,18,19,8,17
"2964","G0297","G0297_04","inactive",4,2,8,2,0,3,4,6
"2965","G0297","G0297_05","inactive",14,16,25,17,12,21,4,20
"2966","G0297","G0297_06","inactive",17,32,27,20,37,39,14,24
"2967","G0297","G0297_07","inactive",2,9,6,3,1,9,2,4
"2968","G0297","G0297_08","inactive",11,7,27,6,15,14,8,11
"2969","G0297","G0297_09","inactive",7,11,22,16,16,20,3,20
"2970","G0297","G0297_10","inactive",10,9,23,4,14,26,1,8
"2971","G0298","G0298_01","inactive",21,23,34,15,22,37,13,27
"2972","G0298","G0298_02","inactive",11,17,16,14,13,19,11,19
"2973","G0298","G0298_03","inactive",2,5,12,4,9,12,5,10
"2974","G0298","G0298_04","inactive",9,7,27,9,12,22,7,7
"2975","G0298","G0298_05","inactive",20,17,18,18,16,30,8,14
"2976","G0298","G0298_06","inactive",16,8,10,5,8,10,4,11
"2977","G0298","G0298_07","inactive",9,10,8,6,14,15,2,10
"2978","G0298","G0298_08","inactive",12,26,38,29,21,42,2,42
"2979","G0298","G0298_09","inactive",14,27,36,32,23,23,11,34
"2980","G0298","G0298_10","inactive",6,2,9,9,10,10,1,8
"2981","G0299","G0299_01","inactive",8,0,10,11,5,4,4,10
"2982","G0299","G0299_02","inactive",6,8,33,6,6,10,5,14
"2983","G0299","G0299_03","inactive",8,10,9,7,6,8,5,11
"2984","G0299","G0299_04","inactive",3,8,3,6,3,10,5,3
"2985","G0299","G0299_05","inactive",2,7,6,1,5,6,0,7
"2986","G0299","G0299_06","inactive",4,1,2,8,7,7,1,4
"2987","G0299","G0299_07","inactive",11,17,44,24,28,42,11,38
"2988","G0299","G0299_08","inactive",4,5,8,8,7,17,5,5
"2989","G0299","G0299_09","inactive",14,10,12,8,26,27,4,10
"2990","G0299","G0299_10","inactive",0,0,0,1,0,0,0,3
"2991","G0300","G0300_01","inactive",2,5,9,5,2,4,3,9
"2992","G0300","G0300_02","inactive",4,8,24,13,15,7,6,17
"2993","G0300","G0300_03","inactive",5,4,13,9,6,10,1,7
"2994","G0300","G0300_04","inactive",3,4,10,3,5,11,3,6
"2995","G0300","G0300_05","inactive",12,12,23,26,7,13,4,18
"2996","G0300","G0300_06","inactive",5,13,21,17,17,30,12,23
"2997","G0300","G0300_07","inactive",6,6,4,7,5,8,2,11
"2998","G0300","G0300_08","inactive",5,2,2,4,6,10,2,5
"2999","G0300","G0300_09","inactive",1,3,6,3,2,6,2,4
"3000","G0300","G0300_10","inactive",1,1,0,2,3,2,0,2
"3001","G0301","G0301_01","inactive",1,12,12,16,7,17,4,15
"3002","G0301","G0301_02","inactive",7,14,20,8,4,19,9,11
"3003","G0301","G0301_03","inactive",9,17,31,24,10,19,5,22
"3004","G0301","G0301_04","inactive",6,10,18,10,15,22,6,22
"3005","G0301","G0301_05","inactive",7,2,8,3,2,6,2,3
"3006","G0301","G0301_06","inactive",5,7,6,6,6,8,3,8
"3007","G0301","G0301_07","inactive",3,1,7,3,9,5,2,12
"3008","G0301","G0301_08","inactive",13,28,45,19,19,41,14,16
"3009","G0301","G0301_09","inactive",6,2,10,4,13,8,3,7
"3010","G0301","G0301_10","inactive",9,7,13,10,13,16,4,13
"3011","G0302","G0302_01","inactive",4,12,15,19,7,18,7,11
"3012","G0302","G0302_02","inactive",9,2,3,5,12,2,2,6
"3013","G0302","G0302_03","inactive",3,10,20,11,9,20,6,6
"3014","G0302","G0302_04","inactive",3,18,18,11,4,11,3,14
"3015","G0302","G0302_05","inactive",19,33,66,36,30,56,12,42
"3016","G0302","G0302_06","inactive",9,13,38,7,11,23,10,11
"3017","G0302","G0302_07","inactive",1,1,1,1,2,1,0,2
"3018","G0302","G0302_08","inactive",8,13,9,3,7,7,5,4
"3019","G0302","G0302_09","inactive",24,41,54,41,49,56,15,44
"3020","G0302","G0302_10","inactive",2,4,11,4,3,2,5,6
"3021","G0303","G0303_01","inactive",2,7,8,4,3,6,3,3
"3022","G0303","G0303_02","inactive",1,0,3,2,2,4,0,7
"3023","G0303","G0303_03","inactive",11,9,24,19,18,11,13,20
"3024","G0303","G0303_04","inactive",3,3,14,4,3,7,2,6
"3025","G0303","G0303_05","inactive",5,10,10,7,8,10,3,6
"3026","G0303","G0303_06","inactive",5,14,6,0,8,12,6,5
"3027","G0303","G0303_07","inactive",4,8,10,11,6,11,5,10
"3028","G0303","G0303_08","inactive",2,2,2,0,2,6,2,0
"3029","G0303","G0303_09","inactive",1,0,1,6,1,10,0,5
"3030","G0303","G0303_10","inactive",2,10,16,13,13,15,6,17
"3031","G0304","G0304_01","inactive",3,2,4,2,2,2,1,3
"3032","G0304","G0304_02","inactive",8,12,9,19,22,18,5,18
"3033","G0304","G0304_03","inactive",3,2,4,4,4,4,0,7
"3034","G0304","G0304_04","inactive",2,11,6,5,2,12,4,3
"3035","G0304","G0304_05","inactive",5,12,18,14,14,18,3,23
"3036","G0304","G0304_06","inactive",2,6,3,3,7,11,1,7
"3037","G0304","G0304_07","inactive",4,13,17,7,8,5,1,5
"3038","G0304","G0304_08","inactive",8,11,23,10,9,23,6,11
"3039","G0304","G0304_09","inactive",3,6,6,5,7,12,3,6
"3040","G0304","G0304_10","inactive",16,25,46,35,29,36,14,57
"3041","G0305","G0305_01","inactive",3,1,5,7,2,5,5,6
"3042","G0305","G0305_02","inactive",2,7,8,0,0,12,1,0
"3043","G0305","G0305_03","inactive",4,13,15,3,5,16,6,10
"3044","G0305","G0305_04","inactive",1,3,7,1,5,2,5,4
"3045","G0305","G0305_05","inactive",0,0,3,7,3,5,1,2
"3046","G0305","G0305_06","inactive",10,22,33,20,21,40,16,26
"3047","G0305","G0305_07","inactive",0,4,9,9,0,8,2,4
"3048","G0305","G0305_08","inactive",10,8,17,5,9,11,6,9
"3049","G0305","G0305_09","inactive",13,8,30,19,20,15,11,29
"3050","G0305","G0305_10","inactive",13,8,22,11,12,15,6,25
"3051","G0306","G0306_01","inactive",4,8,10,6,1,5,5,7
"3052","G0306","G0306_02","inactive",4,5,8,10,12,12,7,17
"3053","G0306","G0306_03","inactive",4,14,19,16,12,20,11,22
"3054","G0306","G0306_04","inactive",2,3,4,4,2,7,1,1
"3055","G0306","G0306_05","inactive",8,12,23,23,23,13,16,30
"3056","G0306","G0306_06","inactive",2,9,2,5,5,6,0,2
"3057","G0306","G0306_07","inactive",4,10,10,9,4,6,6,5
"3058","G0306","G0306_08","inactive",4,12,13,6,9,22,1,14
"3059","G0306","G0306_09","inactive",10,14,25,7,25,20,9,15
"3060","G0306","G0306_10","inactive",12,17,29,16,16,38,9,21
"3061","G0307","G0307_01","decreasing",0,6,1,7,7,6,1,5
"3062","G0307","G0307_02","decreasing",4,6,10,5,8,8,6,11
"3063","G0307","G0307_03","decreasing",12,26,31,16,20,32,9,21
"3064","G0307","G0307_04","decreasing",4,3,6,6,3,3,1,3
"3065","G0307","G0307_05","decreasing",8,12,31,14,12,15,9,15
"3066","G0307","G0307_06","decreasing",1,4,9,5,2,7,1,4
"3067","G0307","G0307_07","decreasing",23,26,45,30,48,42,19,22
"3068","G0307","G0307_08","decreasing",27,37,34,36,30,42,14,48
"3069","G0307","G0307_09","decreasing",7,8,13,14,5,10,4,14
"3070","G0307","G0307_10","decreasing",3,4,8,9,2,9,1,9
"3071","G0308","G0308_01","negcontrol",11,7,24,11,15,11,9,13
"3072","G0308","G0308_02","negcontrol",1,5,2,4,2,10,3,4
"3073","G0308","G0308_03","negcontrol",23,20,43,26,12,41,17,36
"3074","G0308","G0308_04","negcontrol",11,2,2,8,3,1,0,4
"3075","G0308","G0308_05","negcontrol",0,0,1,3,6,2,0,5
"3076","G0308","G0308_06","negcontrol",0,8,11,8,6,17,1,9
"3077","G0308","G0308_07","negcontrol",6,3,21,17,7,9,7,14
"3078","G0308","G0308_08","negcontrol",5,4,10,2,4,7,2,0
"3079","G0308","G0308_09","negcontrol",10,13,14,18,3,14,6,19
"3080","G0308","G0308_10","negcontrol",10,14,30,12,3,23,10,12
"3081","G0309","G0309_01","increasing",9,3,14,5,20,26,9,14
"3082","G0309","G0309_02","increasing",10,10,14,4,23,19,8,13
"3083","G0309","G0309_03","increasing",6,11,8,14,13,25,4,16
"3084","G0309","G0309_04","increasing",10,9,26,15,23,24,10,26
"3085","G0309","G0309_05","increasing",4,7,10,12,15,11,6,30
"3086","G0309","G0309_06","increasing",7,5,12,8,18,23,4,15
"3087","G0309","G0309_07","increasing",17,17,30,29,33,27,26,57
"3088","G0309","G0309_08","increasing",2,5,13,7,6,9,3,7
"3089","G0309","G0309_09","increasing",3,3,11,6,14,11,3,3
"3090","G0309","G0309_10","increasing",4,0,6,0,9,7,5,0
"3091","G0310","G0310_01","inactive",4,6,5,10,4,4,1,5
"3092","G0310","G0310_02","inactive",1,9,6,6,2,16,4,14
"3093","G0310","G0310_03","inactive",2,2,2,4,1,2,0,2
"3094","G0310","G0310_04","inactive",1,8,6,1,4,9,6,1
"3095","G0310","G0310_05","inactive",6,8,10,7,9,6,3,7
"3096","G0310","G0310_06","inactive",17,14,36,16,21,22,10,21
"3097","G0310","G0310_07","inactive",2,3,5,5,2,8,2,17
"3098","G0310","G0310_08","inactive",5,11,20,17,11,24,7,17
"3099","G0310","G0310_09","inactive",6,7,10,8,5,15,1,11
"3100","G0310","G0310_10","inactive",5,8,3,6,4,10,2,12
"3101","G0311","G0311_01","inactive",1,8,5,7,0,5,0,7
"3102","G0311","G0311_02","inactive",8,10,30,21,13,23,8,24
"3103","G0311","G0311_03","inactive",0,3,6,5,0,6,1,2
"3104","G0311","G0311_04","inactive",24,20,31,28,28,36,10,27
"3105","G0311","G0311_05","inactive",6,4,0,0,5,2,0,2
"3106","G0311","G0311_06","inactive",11,7,6,6,12,11,4,8
"3107","G0311","G0311_07","inactive",3,6,4,2,4,9,1,7
"3108","G0311","G0311_08","inactive",17,26,35,16,17,25,13,12
"3109","G0311","G0311_09","inactive",13,18,37,27,24,42,10,20
"3110","G0311","G0311_10","inactive",13,18,25,17,8,26,5,24
"3111","G0312","G0312_01","negcontrol",0,4,5,4,1,3,1,7
"3112","G0312","G0312_02","negcontrol",7,5,5,4,1,5,1,4
"3113","G0312","G0312_03","negcontrol",21,23,61,30,28,41,13,34
"3114","G0312","G0312_04","negcontrol",14,20,23,27,36,35,13,40
"3115","G0312","G0312_05","negcontrol",4,3,16,7,6,9,6,11
"3116","G0312","G0312_06","negcontrol",25,26,65,26,26,43,25,33
"3117","G0312","G0312_07","negcontrol",3,2,9,3,4,9,1,2
"3118","G0312","G0312_08","negcontrol",1,7,1,0,3,6,1,5
"3119","G0312","G0312_09","negcontrol",2,2,6,7,2,5,0,3
"3120","G0312","G0312_10","negcontrol",13,20,15,19,23,19,5,24
"3121","G0313","G0313_01","inactive",7,4,14,12,15,7,5,18
"3122","G0313","G0313_02","inactive",13,17,33,16,15,33,7,25
"3123","G0313","G0313_03","inactive",4,5,5,2,6,8,0,9
"3124","G0313","G0313_04","inactive",7,7,18,7,5,14,5,10
"3125","G0313","G0313_05","inactive",9,20,20,8,11,12,3,14
"3126","G0313","G0313_06","inactive",6,6,8,4,7,15,2,6
"3127","G0313","G0313_07","inactive",6,7,10,8,8,8,6,8
"3128","G0313","G0313_08","inactive",4,7,2,5,4,8,4,8
"3129","G0313","G0313_09","inactive",5,2,7,4,6,10,4,5
"3130","G0313","G0313_10","inactive",6,7,18,5,7,3,6,6
"3131","G0314","G0314_01","decreasing",5,10,16,14,12,13,3,11
"3132","G0314","G0314_02","decreasing",18,36,44,22,27,29,11,25
"3133","G0314","G0314_03","decreasing",13,22,19,16,11,17,7,14
"3134","G0314","G0314_04","decreasing",2,8,19,9,6,13,10,11
"3135","G0314","G0314_05","decreasing",2,5,2,2,0,4,0,1
"3136","G0314","G0314_06","decreasing",1,2,7,7,2,4,1,2
"3137","G0314","G0314_07","decreasing",7,7,11,7,11,10,3,14
"3138","G0314","G0314_08","decreasing",5,12,13,7,5,16,7,10
"3139","G0314","G0314_09","decreasing",1,1,0,2,2,9,1,5
"3140","G0314","G0314_10","decreasing",11,13,14,8,13,6,3,13
"3141","G0315","G0315_01","inactive",5,12,21,20,12,27,6,15
"3142","G0315","G0315_02","inactive",31,27,24,16,19,28,8,25
"3143","G0315","G0315_03","inactive",5,7,17,17,16,10,3,14
"3144","G0315","G0315_04","inactive",9,11,12,3,9,13,0,8
"3145","G0315","G0315_05","inactive",1,6,12,8,1,8,3,15
"3146","G0315","G0315_06","inactive",5,6,15,3,17,12,4,6
"3147","G0315","G0315_07","inactive",5,2,11,9,7,5,4,16
"3148","G0315","G0315_08","inactive",4,3,13,9,9,14,3,9
"3149","G0315","G0315_09","inactive",0,2,6,4,3,3,0,5
"3150","G0315","G0315_10","inactive",17,26,35,30,34,48,21,57
"3151","G0316","G0316_01","inactive",4,7,12,3,8,9,4,5
"3152","G0316","G0316_02","inactive",5,0,3,4,1,4,1,2
"3153","G0316","G0316_03","inactive",2,5,4,2,3,14,1,8
"3154","G0316","G0316_04","inactive",10,16,14,11,18,21,4,23
"3155","G0316","G0316_05","inactive",3,9,10,6,5,15,2,5
"3156","G0316","G0316_06","inactive",6,11,9,8,6,12,0,11
"3157","G0316","G0316_07","inactive",2,2,3,3,5,5,0,3
"3158","G0316","G0316_08","inactive",5,1,6,3,6,7,2,5
"3159","G0316","G0316_09","inactive",10,10,12,9,9,21,4,16
"3160","G0316","G0316_10","inactive",15,7,27,15,13,16,10,18
"3161","G0317","G0317_01","inactive",14,19,19,11,18,19,8,14
"3162","G0317","G0317_02","inactive",2,5,3,4,6,10,0,4
"3163","G0317","G0317_03","inactive",10,2,9,3,7,7,4,11
"3164","G0317","G0317_04","inactive",7,7,7,12,5,11,5,5
"3165","G0317","G0317_05","inactive",22,24,33,20,35,32,10,30
"3166","G0317","G0317_06","inactive",3,3,6,0,2,3,1,2
"3167","G0317","G0317_07","inactive",4,2,9,8,11,2,3,4
"3168","G0317","G0317_08","inactive",5,11,25,5,4,21,14,16
"3169","G0317","G0317_09","inactive",4,3,7,5,4,3,1,9
"3170","G0317","G0317_10","inactive",5,9,4,2,6,12,4,6
"3171","G0318","G0318_01","inactive",9,21,10,5,20,25,9,9
"3172","G0318","G0318_02","inactive",4,8,6,1,4,10,1,3
"3173","G0318","G0318_03","inactive",7,11,3,7,3,8,1,5
"3174","G0318","G0318_04","inactive",1,3,7,3,1,5,2,6
"3175","G0318","G0318_05","inactive",18,17,25,19,22,34,7,19
"3176","G0318","G0318_06","inactive",4,6,11,4,7,8,2,6
"3177","G0318","G0318_07","inactive",7,13,11,12,13,22,0,13
"3178","G0318","G0318_08","inactive",9,6,14,4,9,12,3,9
"3179","G0318","G0318_09","inactive",21,20,35,23,18,30,10,46
"3180","G0318","G0318_10","inactive",17,44,53,45,40,52,21,62
"3181","G0319","G0319_01","inactive",9,12,19,10,12,28,7,12
"3182","G0319","G0319_02","inactive",6,3,16,9,8,5,7,14
"3183","G0319","G0319_03","inactive",3,4,10,11,12,11,5,6
"3184","G0319","G0319_04","inactive",2,7,2,1,4,11,1,18
"3185","G0319","G0319_05","inactive",4,7,28,6,13,28,3,16
"3186","G0319","G0319_06","inactive",5,6,6,8,6,12,3,5
"3187","G0319","G0319_07","inactive",15,19,35,25,20,43,11,19
"3188","G0319","G0319_08","inactive",7,19,15,15,14,36,4,19
"3189","G0319","G0319_09","inactive",20,36,35,22,33,32,9,28
"3190","G0319","G0319_10","inactive",5,19,12,11,12,21,4,13
"3191","G0320","G0320_01","increasing",6,19,31,12,13,36,15,21
"3192","G0320","G0320_02","increasing",4,4,2,6,4,13,2,12
"3193","G0320","G0320_03","increasing",4,10,17,9,15,19,9,27
"3194","G0320","G0320_04","increasing",7,14,22,19,20,20,7,31
"3195","G0320","G0320_05","increasing",1,9,4,2,4,4,1,6
"3196","G0320","G0320_06","increasing",11,21,13,21,25,49,6,29
"3197","G0320","G0320_07","increasing",0,0,5,0,3,0,0,0
"3198","G0320","G0320_08","increasing",2,6,5,1,3,20,1,9
"3199","G0320","G0320_09","increasing",4,4,4,0,2,9,2,11
"3200","G0320","G0320_10","increasing",7,6,6,0,10,21,1,7
"3201","G0321","G0321_01","inactive",8,10,25,9,12,13,2,12
"3202","G0321","G0321_02","inactive",10,9,28,14,24,12,4,15
"3203","G0321","G0321_03","inactive",8,6,25,18,9,29,9,28
"3204","G0321","G0321_04","inactive",2,4,8,7,1,9,4,9
"3205","G0321","G0321_05","inactive",8,4,14,7,6,10,2,9
"3206","G0321","G0321_06","inactive",2,2,4,8,5,8,1,7
"3207","G0321","G0321_07","inactive",7,6,3,4,11,7,3,4
"3208","G0321","G0321_08","inactive",14,12,17,15,17,15,1,19
"3209","G0321","G0321_09","inactive",14,14,35,11,21,25,9,26
"3210","G0321","G0321_10","inactive",5,9,7,4,5,8,2,3
"3211","G0322","G0322_01","inactive",6,4,6,9,8,4,1,4
"3212","G0322","G0322_02","inactive",22,22,42,32,28,38,17,35
"3213","G0322","G0322_03","inactive",9,15,9,11,9,25,5,14
"3214","G0322","G0322_04","inactive",3,3,6,4,5,13,3,0
"3215","G0322","G0322_05","inactive",7,13,20,13,9,16,6,13
"3216","G0322","G0322_06","inactive",10,21,26,17,23,28,13,16
"3217","G0322","G0322_07","inactive",3,12,7,8,2,6,8,9
"3218","G0322","G0322_08","inactive",17,10,18,16,26,27,10,24
"3219","G0322","G0322_09","inactive",0,0,5,1,0,1,1,0
"3220","G0322","G0322_10","inactive",20,19,32,18,23,27,13,20
"3221","G0323","G0323_01","decreasing",12,9,15,13,9,37,3,16
"3222","G0323","G0323_02","decreasing",7,17,9,15,11,15,2,7
"3223","G0323","G0323_03","decreasing",5,4,5,3,1,5,0,7
"3224","G0323","G0323_04","decreasing",42,67,102,67,51,102,33,86
"3225","G0323","G0323_05","decreasing",9,8,4,3,8,6,1,3
"3226","G0323","G0323_06","decreasing",15,16,27,23,14,34,9,25
"3227","G0323","G0323_07","decreasing",4,7,15,6,4,15,6,6
"3228","G0323","G0323_08","decreasing",9,13,18,14,7,13,5,9
"3229","G0323","G0323_09","decreasing",14,15,23,21,17,21,6,25
"3230","G0323","G0323_10","decreasing",7,8,19,2,12,11,3,7
"3231","G0324","G0324_01","increasing",1,3,6,1,6,7,4,5
"3232","G0324","G0324_02","increasing",37,98,123,107,95,152,49,126
"3233","G0324","G0324_03","increasing",4,5,9,3,5,11,3,6
"3234","G0324","G0324_04","increasing",5,22,20,16,16,26,5,27
"3235","G0324","G0324_05","increasing",4,4,12,7,15,12,3,12
"3236","G0324","G0324_06","increasing",4,6,16,9,12,17,5,10
"3237","G0324","G0324_07","increasing",13,13,20,14,26,38,8,23
"3238","G0324","G0324_08","increasing",2,3,8,4,11,14,6,4
"3239","G0324","G0324_09","increasing",9,9,13,12,12,29,7,10
"3240","G0324","G0324_10","increasing",11,7,9,1,12,11,2,4
"3241","G0325","G0325_01","increasing",3,6,9,9,5,13,3,17
"3242","G0325","G0325_02","increasing",2,4,13,8,4,13,3,12
"3243","G0325","G0325_03","increasing",6,10,12,12,16,13,2,15
"3244","G0325","G0325_04","increasing",16,19,39,30,21,26,9,30
"3245","G0325","G0325_05","increasing",4,0,4,2,3,1,3,7
"3246","G0325","G0325_06","increasing",5,5,9,8,4,15,3,10
"3247","G0325","G0325_07","increasing",3,1,6,0,5,3,2,3
"3248","G0325","G0325_08","increasing",7,23,14,9,19,15,4,7
"3249","G0325","G0325_09","increasing",2,10,1,2,8,6,1,3
"3250","G0325","G0325_10","increasing",5,4,12,1,11,7,3,6
"3251","G0326","G0326_01","increasing",4,12,9,1,18,19,3,7
"3252","G0326","G0326_02","increasing",0,2,1,2,1,2,2,2
"3253","G0326","G0326_03","increasing",1,3,4,1,15,12,4,13
"3254","G0326","G0326_04","increasing",1,1,7,0,4,8,4,2
"3255","G0326","G0326_05","increasing",2,3,3,4,5,11,2,7
"3256","G0326","G0326_06","increasing",2,3,3,1,0,0,0,3
"3257","G0326","G0326_07","increasing",4,5,8,4,6,11,2,4
"3258","G0326","G0326_08","increasing",2,3,2,1,11,2,4,9
"3259","G0326","G0326_09","increasing",8,4,20,15,23,16,9,28
"3260","G0326","G0326_10","increasing",8,13,25,15,18,38,7,26
"3261","G0327","G0327_01","inactive",2,6,1,3,4,2,1,6
"3262","G0327","G0327_02","inactive",8,19,17,15,9,19,2,20
"3263","G0327","G0327_03","inactive",6,9,14,7,7,19,3,7
"3264","G0327","G0327_04","inactive",8,12,23,21,17,13,5,25
"3265","G0327","G0327_05","inactive",5,1,15,3,2,10,1,14
"3266","G0327","G0327_06","inactive",1,5,1,2,2,8,0,4
"3267","G0327","G0327_07","inactive",43,81,135,81,86,134,43,118
"3268","G0327","G0327_08","inactive",8,7,13,10,9,17,2,18
"3269","G0327","G0327_09","inactive",5,3,5,6,7,5,1,4
"3270","G0327","G0327_10","inactive",8,14,25,10,21,14,8,15
"3271","G0328","G0328_01","inactive",4,1,10,5,7,12,1,3
"3272","G0328","G0328_02","inactive",9,14,14,9,9,20,5,11
"3273","G0328","G0328_03","inactive",0,4,6,4,4,8,4,5
"3274","G0328","G0328_04","inactive",5,5,2,0,1,5,1,2
"3275","G0328","G0328_05","inactive",19,18,41,16,19,18,9,15
"3276","G0328","G0328_06","inactive",5,3,11,10,8,2,5,13
"3277","G0328","G0328_07","inactive",7,18,14,7,13,23,11,21
"3278","G0328","G0328_08","inactive",1,1,1,7,5,5,0,14
"3279","G0328","G0328_09","inactive",2,13,12,2,8,12,3,6
"3280","G0328","G0328_10","inactive",4,7,5,10,4,13,1,5
"3281","G0329","G0329_01","inactive",4,7,13,6,3,10,3,9
"3282","G0329","G0329_02","inactive",3,5,9,1,7,5,2,7
"3283","G0329","G0329_03","inactive",6,10,23,10,10,22,6,18
"3284","G0329","G0329_04","inactive",2,11,17,8,3,15,3,12
"3285","G0329","G0329_05","inactive",6,8,17,7,5,7,6,14
"3286","G0329","G0329_06","inactive",5,10,8,9,9,13,2,7
"3287","G0329","G0329_07","inactive",8,6,21,18,9,12,10,15
"3288","G0329","G0329_08","inactive",29,25,38,12,23,39,12,23
"3289","G0329","G0329_09","inactive",12,19,35,17,13,41,14,25
"3290","G0329","G0329_10","inactive",8,19,13,9,6,16,1,11
"3291","G0330","G0330_01","inactive",1,2,4,2,3,5,1,4
"3292","G0330","G0330_02","inactive",12,18,12,6,9,22,4,11
"3293","G0330","G0330_03","inactive",4,11,11,2,6,8,5,7
"3294","G0330","G0330_04","inactive",13,5,13,5,6,11,5,8
"3295","G0330","G0330_05","inactive",26,34,30,24,31,66,11,36
"3296","G0330","G0330_06","inactive",8,6,23,6,15,13,5,10
"3297","G0330","G0330_07","inactive",6,9,11,13,6,12,7,14
"3298","G0330","G0330_08","inactive",11,7,8,7,22,22,4,14
"3299","G0330","G0330_09","inactive",7,22,11,14,11,15,6,9
"3300","G0330","G0330_10","inactive",4,21,16,12,12,35,8,18
"3301","G0331","G0331_01","increasing",12,14,19,7,17,31,8,18
"3302","G0331","G0331_02","increasing",7,8,17,10,19,16,7,21
"3303","G0331","G0331_03","increasing",6,3,6,13,10,11,1,25
"3304","G0331","G0331_04","increasing",3,1,7,5,9,5,0,11
"3305","G0331","G0331_05","increasing",1,1,2,2,0,4,1,3
"3306","G0331","G0331_06","increasing",4,5,0,3,6,10,1,2
"3307","G0331","G0331_07","increasing",3,17,5,2,7,18,2,9
"3308","G0331","G0331_08","increasing",8,9,16,13,22,25,10,28
"3309","G0331","G0331_09","increasing",1,6,3,1,2,4,2,1
"3310","G0331","G0331_10","increasing",11,0,4,4,10,7,2,6
"3311","G0332","G0332_01","inactive",6,6,15,4,3,11,1,5
"3312","G0332","G0332_02","inactive",9,19,24,10,13,14,7,17
"3313","G0332","G0332_03","inactive",4,1,4,2,1,1,0,1
"3314","G0332","G0332_04","inactive",12,11,18,5,10,7,3,14
"3315","G0332","G0332_05","inactive",6,9,3,18,13,12,4,16
"3316","G0332","G0332_06","inactive",23,32,42,39,33,55,14,42
"3317","G0332","G0332_07","inactive",4,2,1,5,3,8,0,6
"3318","G0332","G0332_08","inactive",9,7,10,11,14,21,4,14
"3319","G0332","G0332_09","inactive",1,0,6,3,3,1,0,6
"3320","G0332","G0332_10","inactive",4,7,13,1,6,8,3,9
"3321","G0333","G0333_01","inactive",3,5,5,3,5,4,1,5
"3322","G0333","G0333_02","inactive",8,13,11,9,11,11,3,12
"3323","G0333","G0333_03","inactive",10,21,27,18,18,23,3,20
"3324","G0333","G0333_04","inactive",0,7,5,5,1,10,2,9
"3325","G0333","G0333_05","inactive",2,5,2,5,7,1,1,4
"3326","G0333","G0333_06","inactive",3,5,5,7,4,10,2,6
"3327","G0333","G0333_07","inactive",16,25,20,29,20,35,10,27
"3328","G0333","G0333_08","inactive",7,8,33,8,18,10,5,19
"3329","G0333","G0333_09","inactive",10,12,15,25,11,17,8,15
"3330","G0333","G0333_10","inactive",10,9,4,13,10,14,3,11
"3331","G0334","G0334_01","inactive",6,17,25,22,15,26,14,21
"3332","G0334","G0334_02","inactive",17,23,15,22,17,30,3,24
"3333","G0334","G0334_03","inactive",2,3,4,6,4,12,1,14
"3334","G0334","G0334_04","inactive",2,2,13,14,3,5,4,8
"3335","G0334","G0334_05","inactive",4,7,3,6,7,14,7,4
"3336","G0334","G0334_06","inactive",7,7,8,18,7,21,8,24
"3337","G0334","G0334_07","inactive",3,1,13,1,9,12,1,3
"3338","G0334","G0334_08","inactive",3,3,13,3,11,5,5,5
"3339","G0334","G0334_09","inactive",9,20,21,14,11,23,7,19
"3340","G0334","G0334_10","inactive",1,7,7,1,5,6,2,5
"3341","G0335","G0335_01","decreasing",8,10,20,13,4,16,4,13
"3342","G0335","G0335_02","decreasing",19,15,18,22,11,18,6,24
"3343","G0335","G0335_03","decreasing",24,52,57,50,34,62,25,66
"3344","G0335","G0335_04","decreasing",7,11,22,18,20,18,6,15
"3345","G0335","G0335_05","decreasing",12,19,8,9,15,8,2,8
"3346","G0335","G0335_06","decreasing",3,5,4,1,4,8,1,8
"3347","G0335","G0335_07","decreasing",0,8,1,5,5,6,2,5
"3348","G0335","G0335_08","decreasing",0,2,5,0,0,3,0,1
"3349","G0335","G0335_09","decreasing",17,31,35,34,26,47,17,45
"3350","G0335","G0335_10","decreasing",6,2,2,7,8,7,1,13
"3351","G0336","G0336_01","negcontrol",22,30,41,31,23,35,26,64
"3352","G0336","G0336_02","negcontrol",28,37,53,24,29,64,16,54
"3353","G0336","G0336_03","negcontrol",15,22,26,18,22,22,8,23
"3354","G0336","G0336_04","negcontrol",29,23,36,20,21,27,21,32
"3355","G0336","G0336_05","negcontrol",1,0,1,1,2,0,1,3
"3356","G0336","G0336_06","negcontrol",2,1,5,1,3,0,1,2
"3357","G0336","G0336_07","negcontrol",4,3,8,3,6,3,0,5
"3358","G0336","G0336_08","negcontrol",8,13,14,11,18,18,2,13
"3359","G0336","G0336_09","negcontrol",10,8,25,9,16,21,2,15
"3360","G0336","G0336_10","negcontrol",22,34,36,27,34,51,10,30
"3361","G0337","G0337_01","inactive",0,15,4,1,1,6,1,7
"3362","G0337","G0337_02","inactive",2,9,14,4,10,10,2,9
"3363","G0337","G0337_03","inactive",4,20,7,9,7,17,8,13
"3364","G0337","G0337_04","inactive",45,50,95,92,56,104,28,76
"3365","G0337","G0337_05","inactive",3,2,8,2,4,1,5,2
"3366","G0337","G0337_06","inactive",2,5,15,6,1,7,9,7
"3367","G0337","G0337_07","inactive",6,11,12,18,12,17,2,18
"3368","G0337","G0337_08","inactive",10,10,14,14,12,17,6,18
"3369","G0337","G0337_09","inactive",18,23,57,26,34,51,27,37
"3370","G0337","G0337_10","inactive",5,4,11,4,5,7,5,1
"3371","G0338","G0338_01","inactive",3,3,10,9,3,2,4,5
"3372","G0338","G0338_02","inactive",2,8,2,6,6,5,2,5
"3373","G0338","G0338_03","inactive",4,28,27,19,21,24,16,20
"3374","G0338","G0338_04","inactive",5,12,9,11,3,7,8,10
"3375","G0338","G0338_05","inactive",5,6,19,7,3,16,8,12
"3376","G0338","G0338_06","inactive",3,4,1,3,4,3,0,3
"3377","G0338","G0338_07","inactive",5,5,10,5,7,6,5,5
"3378","G0338","G0338_08","inactive",9,9,11,15,19,18,3,16
"3379","G0338","G0338_09","inactive",2,1,5,3,1,6,0,3
"3380","G0338","G0338_10","inactive",4,4,5,10,6,11,0,6
"3381","G0339","G0339_01","inactive",4,7,19,14,9,6,6,12
"3382","G0339","G0339_02","inactive",4,4,9,0,3,10,2,8
"3383","G0339","G0339_03","inactive",5,2,11,13,9,14,1,9
"3384","G0339","G0339_04","inactive",4,2,16,10,5,8,3,13
"3385","G0339","G0339_05","inactive",1,13,13,7,4,12,4,11
"3386","G0339","G0339_06","inactive",5,9,18,5,5,9,5,7
"3387","G0339","G0339_07","inactive",19,27,39,28,32,36,16,37
"3388","G0339","G0339_08","inactive",12,29,30,32,23,29,15,28
"3389","G0339","G0339_09","inactive",17,22,37,24,17,30,10,25
"3390","G0339","G0339_10","inactive",14,15,31,15,18,24,15,21
"3391","G0340","G0340_01","increasing",22,34,63,34,28,68,29,50
"3392","G0340","G0340_02","increasing",3,10,5,4,14,11,2,7
"3393","G0340","G0340_03","increasing",16,14,30,30,27,33,18,35
"3394","G0340","G0340_04","increasing",1,8,6,1,8,13,4,2
"3395","G0340","G0340_05","increasing",11,10,18,13,14,26,10,18
"3396","G0340","G0340_06","increasing",6,8,13,18,14,21,6,27
"3397","G0340","G0340_07","increasing",11,17,18,17,12,13,9,24
"3398","G0340","G0340_08","increasing",15,28,34,43,20,51,15,57
"3399","G0340","G0340_09","increasing",5,5,12,12,10,13,5,7
"3400","G0340","G0340_10","increasing",0,1,11,2,6,5,0,9
"3401","G0341","G0341_01","inactive",9,3,5,6,5,11,2,7
"3402","G0341","G0341_02","inactive",6,2,5,3,3,7,3,5
"3403","G0341","G0341_03","inactive",6,0,2,1,3,0,4,2
"3404","G0341","G0341_04","inactive",7,3,5,13,5,6,5,9
"3405","G0341","G0341_05","inactive",4,7,4,2,7,9,0,6
"3406","G0341","G0341_06","inactive",7,11,17,14,7,17,9,16
"3407","G0341","G0341_07","inactive",6,2,16,14,6,4,4,10
"3408","G0341","G0341_08","inactive",11,12,10,12,8,15,6,20
"3409","G0341","G0341_09","inactive",12,26,21,8,13,37,6,15
"3410","G0341","G0341_10","inactive",3,4,4,5,4,5,4,11
"3411","G0342","G0342_01","decreasing",7,10,16,8,2,6,2,9
"3412","G0342","G0342_02","decreasing",0,2,1,7,0,4,1,10
"3413","G0342","G0342_03","decreasing",5,2,10,2,6,4,2,5
"3414","G0342","G0342_04","decreasing",5,7,4,2,2,5,1,9
"3415","G0342","G0342_05","decreasing",4,2,6,4,2,3,3,5
"3416","G0342","G0342_06","decreasing",5,5,0,0,6,3,0,0
"3417","G0342","G0342_07","decreasing",8,11,15,9,4,15,3,4
"3418","G0342","G0342_08","decreasing",7,4,5,7,4,6,0,0
"3419","G0342","G0342_09","decreasing",6,12,15,14,15,10,2,15
"3420","G0342","G0342_10","decreasing",9,17,20,27,12,34,1,19
"3421","G0343","G0343_01","inactive",1,3,1,2,4,3,3,3
"3422","G0343","G0343_02","inactive",0,8,4,6,1,14,4,9
"3423","G0343","G0343_03","inactive",4,6,13,4,2,8,2,7
"3424","G0343","G0343_04","inactive",10,15,18,15,14,20,4,11
"3425","G0343","G0343_05","inactive",5,24,19,15,13,41,5,13
"3426","G0343","G0343_06","inactive",3,3,12,2,4,6,5,7
"3427","G0343","G0343_07","inactive",4,10,11,9,7,14,1,4
"3428","G0343","G0343_08","inactive",2,3,14,5,5,5,0,9
"3429","G0343","G0343_09","inactive",25,32,40,12,33,34,11,23
"3430","G0343","G0343_10","inactive",9,6,12,7,14,14,4,9
"3431","G0344","G0344_01","inactive",21,15,38,21,36,28,8,32
"3432","G0344","G0344_02","inactive",9,3,4,10,4,8,2,13
"3433","G0344","G0344_03","inactive",2,1,13,2,1,7,2,8
"3434","G0344","G0344_04","inactive",9,7,28,9,14,22,5,13
"3435","G0344","G0344_05","inactive",8,11,12,19,13,16,7,15
"3436","G0344","G0344_06","inactive",0,8,0,2,1,5,1,1
"3437","G0344","G0344_07","inactive",1,1,1,0,3,1,2,0
"3438","G0344","G0344_08","inactive",3,4,5,6,3,3,1,6
"3439","G0344","G0344_09","inactive",4,3,9,9,1,9,3,7
"3440","G0344","G0344_10","inactive",7,8,10,6,9,9,5,4
"3441","G0345","G0345_01","inactive",11,12,20,12,16,17,1,14
"3442","G0345","G0345_02","inactive",1,7,14,6,9,10,4,11
"3443","G0345","G0345_03","inactive",8,15,19,11,19,18,6,13
"3444","G0345","G0345_04","inactive",7,12,17,10,16,19,2,15
"3445","G0345","G0345_05","inactive",6,13,17,14,9,17,4,25
"3446","G0345","G0345_06","inactive",53,62,90,53,64,83,37,81
"3447","G0345","G0345_07","inactive",23,32,45,38,29,56,18,51
"3448","G0345","G0345_08","inactive",8,13,9,12,3,16,2,9
"3449","G0345","G0345_09","inactive",21,42,91,53,45,67,19,73
"3450","G0345","G0345_10","inactive",7,16,26,12,7,12,8,9
"3451","G0346","G0346_01","increasing",1,4,1,9,1,2,1,5
"3452","G0346","G0346_02","increasing",0,1,2,3,8,0,0,5
"3453","G0346","G0346_03","increasing",3,9,10,7,12,20,7,11
"3454","G0346","G0346_04","increasing",4,10,22,4,9,18,2,16
"3455","G0346","G0346_05","increasing",0,3,4,2,0,5,1,5
"3456","G0346","G0346_06","increasing",8,6,11,4,8,10,4,13
"3457","G0346","G0346_07","increasing",17,19,17,15,30,41,9,27
"3458","G0346","G0346_08","increasing",3,10,3,7,6,13,1,21
"3459","G0346","G0346_09","increasing",8,9,17,7,3,15,7,14
"3460","G0346","G0346_10","increasing",7,2,10,5,6,8,2,4
"3461","G0347","G0347_01","decreasing",7,10,8,19,7,7,2,13
"3462","G0347","G0347_02","decreasing",5,10,16,7,8,8,3,6
"3463","G0347","G0347_03","decreasing",5,3,3,4,6,1,0,5
"3464","G0347","G0347_04","decreasing",7,16,17,11,12,12,7,14
"3465","G0347","G0347_05","decreasing",3,12,13,8,4,7,2,8
"3466","G0347","G0347_06","decreasing",13,41,35,31,9,21,14,32
"3467","G0347","G0347_07","decreasing",4,3,8,8,3,4,4,3
"3468","G0347","G0347_08","decreasing",14,15,29,23,8,8,6,22
"3469","G0347","G0347_09","decreasing",10,14,10,27,5,7,2,15
"3470","G0347","G0347_10","decreasing",8,13,23,9,8,12,3,13
"3471","G0348","G0348_01","increasing",1,1,6,3,6,3,0,2
"3472","G0348","G0348_02","increasing",3,2,8,4,16,13,8,10
"3473","G0348","G0348_03","increasing",1,1,2,0,4,1,0,5
"3474","G0348","G0348_04","increasing",0,3,10,3,4,12,6,2
"3475","G0348","G0348_05","increasing",5,6,16,5,6,13,1,6
"3476","G0348","G0348_06","increasing",10,16,20,11,25,27,12,25
"3477","G0348","G0348_07","increasing",2,3,3,4,3,2,2,9
"3478","G0348","G0348_08","increasing",0,0,5,4,8,6,5,10
"3479","G0348","G0348_09","increasing",3,6,5,3,8,12,4,7
"3480","G0348","G0348_10","increasing",4,6,14,7,7,15,5,1
"3481","G0349","G0349_01","inactive",13,9,15,7,8,13,4,8
"3482","G0349","G0349_02","inactive",7,13,14,4,18,20,3,9
"3483","G0349","G0349_03","inactive",2,0,9,8,10,0,1,7
"3484","G0349","G0349_04","inactive",6,0,5,4,2,1,4,9
"3485","G0349","G0349_05","inactive",1,6,2,6,8,21,4,5
"3486","G0349","G0349_06","inactive",6,26,29,19,17,24,11,25
"3487","G0349","G0349_07","inactive",6,10,8,7,9,12,2,6
"3488","G0349","G0349_08","inactive",3,4,8,6,2,13,2,6
"3489","G0349","G0349_09","inactive",2,4,2,4,9,7,2,10
"3490","G0349","G0349_10","inactive",9,18,18,13,18,12,4,20
"3491","G0350","G0350_01","inactive",14,16,19,21,13,21,6,28
"3492","G0350","G0350_02","inactive",4,15,19,19,7,23,7,21
"3493","G0350","G0350_03","inactive",17,24,28,26,29,30,6,32
"3494","G0350","G0350_04","inactive",22,49,77,49,32,67,21,50
"3495","G0350","G0350_05","inactive",3,4,3,3,8,6,2,5
"3496","G0350","G0350_06","inactive",9,4,8,7,8,13,6,9
"3497","G0350","G0350_07","inactive",3,2,12,11,7,11,3,6
"3498","G0350","G0350_08","inactive",14,10,21,11,14,17,10,17
"3499","G0350","G0350_09","inactive",4,9,12,3,3,9,1,8
"3500","G0350","G0350_10","inactive",13,5,10,8,13,7,3,10
"3501","G0351","G0351_01","inactive",6,2,15,8,12,1,1,14
"3502","G0351","G0351_02","inactive",14,21,34,15,21,27,12,22
"3503","G0351","G0351_03","inactive",6,14,26,12,17,26,6,15
"3504","G0351","G0351_04","inactive",9,19,17,11,10,9,5,16
"3505","G0351","G0351_05","inactive",6,16,29,17,9,24,9,13
"3506","G0351","G0351_06","inactive",6,4,5,3,6,7,5,10
"3507","G0351","G0351_07","inactive",4,5,6,11,3,10,4,12
"3508","G0351","G0351_08","inactive",10,7,15,10,8,20,8,14
"3509","G0351","G0351_09","inactive",15,19,16,13,8,19,4,15
"3510","G0351","G0351_10","inactive",4,3,6,6,3,4,8,5
"3511","G0352","G0352_01","inactive",2,7,7,3,7,13,0,6
"3512","G0352","G0352_02","inactive",4,3,9,13,3,13,4,5
"3513","G0352","G0352_03","inactive",5,14,6,11,10,10,0,12
"3514","G0352","G0352_04","inactive",4,10,14,6,3,16,2,9
"3515","G0352","G0352_05","inactive",8,8,15,19,8,26,3,9
"3516","G0352","G0352_06","inactive",6,12,19,8,7,18,4,8
"3517","G0352","G0352_07","inactive",5,8,25,15,6,26,5,15
"3518","G0352","G0352_08","inactive",5,8,5,6,9,10,4,5
"3519","G0352","G0352_09","inactive",8,13,16,3,9,9,10,9
"3520","G0352","G0352_10","inactive",4,9,9,10,8,15,4,10
"3521","G0353","G0353_01","inactive",1,7,11,5,10,10,4,5
"3522","G0353","G0353_02","inactive",12,26,28,17,18,34,10,18
"3523","G0353","G0353_03","inactive",16,10,33,19,25,13,9,19
"3524","G0353","G0353_04","inactive",7,2,6,6,7,4,4,12
"3525","G0353","G0353_05","inactive",22,17,38,17,31,38,17,27
"3526","G0353","G0353_06","inactive",5,7,7,4,6,19,3,6
"3527","G0353","G0353_07","inactive",22,37,44,35,19,59,16,73
"3528","G0353","G0353_08","inactive",1,8,2,11,3,7,2,10
"3529","G0353","G0353_09","inactive",6,6,12,14,9,13,10,13
"3530","G0353","G0353_10","inactive",6,5,7,5,7,11,4,9
"3531","G0354","G0354_01","decreasing",26,50,45,51,23,62,18,52
"3532","G0354","G0354_02","decreasing",3,3,7,6,1,11,1,6
"3533","G0354","G0354_03","decreasing",8,10,17,6,12,12,3,5
"3534","G0354","G0354_04","decreasing",5,12,12,14,8,13,3,18
"3535","G0354","G0354_05","decreasing",2,9,13,6,8,11,6,8
"3536","G0354","G0354_06","decreasing",5,4,4,11,2,8,1,23
"3537","G0354","G0354_07","decreasing",4,3,4,0,1,4,3,1
"3538","G0354","G0354_08","decreasing",8,14,16,9,14,15,5,10
"3539","G0354","G0354_09","decreasing",2,2,11,7,5,10,4,6
"3540","G0354","G0354_10","decreasing",1,3,8,4,5,5,2,10
"3541","G0355","G0355_01","increasing",4,11,6,5,6,13,3,11
"3542","G0355","G0355_02","increasing",3,4,5,3,7,12,3,3
"3543","G0355","G0355_03","increasing",13,28,27,13,20,44,13,24
"3544","G0355","G0355_04","increasing",5,4,1,4,3,4,0,7
"3545","G0355","G0355_05","increasing",12,13,14,14,11,23,4,22
"3546","G0355","G0355_06","increasing",14,7,26,16,20,16,5,32
"3547","G0355","G0355_07","increasing",7,12,23,8,15,12,5,17
"3548","G0355","G0355_08","increasing",0,1,10,8,2,5,1,9
"3549","G0355","G0355_09","increasing",9,8,5,6,10,6,0,5
"3550","G0355","G0355_10","increasing",3,4,7,6,5,10,6,8
"3551","G0356","G0356_01","inactive",2,2,7,5,5,7,2,8
"3552","G0356","G0356_02","inactive",2,7,15,9,7,25,10,16
"3553","G0356","G0356_03","inactive",2,6,4,0,2,7,1,2
"3554","G0356","G0356_04","inactive",12,10,18,9,14,37,6,13
"3555","G0356","G0356_05","inactive",31,30,43,36,31,57,24,49
"3556","G0356","G0356_06","inactive",30,48,50,45,49,68,18,42
"3557","G0356","G0356_07","inactive",0,1,11,3,1,2,5,2
"3558","G0356","G0356_08","inactive",7,12,23,8,17,9,6,9
"3559","G0356","G0356_09","inactive",8,4,4,4,7,12,1,9
"3560","G0356","G0356_10","inactive",2,3,1,0,2,6,0,4
"3561","G0357","G0357_01","increasing",6,8,11,10,13,11,5,3
"3562","G0357","G0357_02","increasing",3,7,17,6,7,4,6,9
"3563","G0357","G0357_03","increasing",2,3,13,2,6,14,4,7
"3564","G0357","G0357_04","increasing",5,9,6,8,10,13,5,19
"3565","G0357","G0357_05","increasing",10,7,15,7,8,23,5,5
"3566","G0357","G0357_06","increasing",4,8,4,7,7,11,4,11
"3567","G0357","G0357_07","increasing",1,7,15,8,2,9,3,7
"3568","G0357","G0357_08","increasing",2,9,5,8,3,7,1,6
"3569","G0357","G0357_09","increasing",8,10,13,5,5,21,5,7
"3570","G0357","G0357_10","increasing",0,2,3,1,6,2,2,3
"3571","G0358","G0358_01","increasing",12,17,18,5,18,21,12,19
"3572","G0358","G0358_02","increasing",0,1,0,9,2,1,0,6
"3573","G0358","G0358_03","increasing",5,1,3,5,3,6,1,6
"3574","G0358","G0358_04","increasing",7,7,1,13,3,19,0,7
"3575","G0358","G0358_05","increasing",19,36,65,35,43,64,20,52
"3576","G0358","G0358_06","increasing",2,4,4,8,9,17,1,9
"3577","G0358","G0358_07","increasing",4,9,7,4,3,8,1,9
"3578","G0358","G0358_08","increasing",1,2,14,6,4,5,3,9
"3579","G0358","G0358_09","increasing",5,6,20,14,8,16,4,13
"3580","G0358","G0358_10","increasing",3,4,2,2,4,3,1,6
"3581","G0359","G0359_01","inactive",4,7,5,7,3,9,0,6
"3582","G0359","G0359_02","inactive",5,4,13,7,13,4,5,8
"3583","G0359","G0359_03","inactive",16,29,37,29,25,30,17,35
"3584","G0359","G0359_04","inactive",5,8,10,17,15,12,6,16
"3585","G0359","G0359_05","inactive",2,5,11,3,6,2,1,5
"3586","G0359","G0359_06","inactive",4,3,14,14,7,11,2,21
"3587","G0359","G0359_07","inactive",14,10,25,19,23,14,6,21
"3588","G0359","G0359_08","inactive",2,4,5,13,1,6,4,10
"3589","G0359","G0359_09","inactive",6,17,11,4,7,23,0,9
"3590","G0359","G0359_10","inactive",3,10,8,3,9,8,0,6
"3591","G0360","G0360_01","inactive",7,13,18,8,5,27,6,20
"3592","G0360","G0360_02","inactive",18,12,29,18,14,18,7,25
"3593","G0360","G0360_03","inactive",11,10,23,14,11,16,1,16
"3594","G0360","G0360_04","inactive",8,10,19,3,5,21,1,4
"3595","G0360","G0360_05","inactive",9,9,17,10,17,16,6,16
"3596","G0360","G0360_06","inactive",5,8,16,10,6,7,3,24
"3597","G0360","G0360_07","inactive",8,5,12,9,21,14,6,14
"3598","G0360","G0360_08","inactive",0,3,2,6,5,8,0,5
"3599","G0360","G0360_09","inactive",8,3,21,7,6,13,4,6
"3600","G0360","G0360_10","inactive",12,17,12,6,15,16,1,8
"3601","G0361","G0361_01","inactive",7,8,12,8,9,16,3,17
"3602","G0361","G0361_02","inactive",14,12,21,9,11,31,11,12
"3603","G0361","G0361_03","inactive",3,11,9,9,1,11,5,7
"3604","G0361","G0361_04","inactive",3,3,14,10,11,9,3,6
"3605","G0361","G0361_05","inactive",4,12,8,8,5,7,2,8
"3606","G0361","G0361_06","inactive",9,4,9,9,7,16,7,10
"3607","G0361","G0361_07","inactive",1,5,3,3,8,9,4,4
"3608","G0361","G0361_08","inactive",4,11,4,8,7,3,2,6
"3609","G0361","G0361_09","inactive",7,1,5,2,2,4,0,2
"3610","G0361","G0361_10","inactive",6,4,6,6,7,10,2,7
"3611","G0362","G0362_01","inactive",1,5,7,3,4,1,3,7
"3612","G0362","G0362_02","inactive",19,22,40,10,27,38,18,12
"3613","G0362","G0362_03","inactive",9,12,18,12,19,28,5,15
"3614","G0362","G0362_04","inactive",8,5,15,3,10,18,8,9
"3615","G0362","G0362_05","inactive",7,14,20,9,8,11,9,10
"3616","G0362","G0362_06","inactive",0,4,5,8,1,2,2,6
"3617","G0362","G0362_07","inactive",10,5,9,6,12,5,7,5
"3618","G0362","G0362_08","inactive",3,0,4,6,1,3,1,8
"3619","G0362","G0362_09","inactive",4,7,3,6,0,12,3,5
"3620","G0362","G0362_10","inactive",21,47,63,43,32,65,16,54
"3621","G0363","G0363_01","inactive",0,7,10,5,10,12,4,9
"3622","G0363","G0363_02","inactive",6,4,0,2,1,1,2,8
"3623","G0363","G0363_03","inactive",8,3,4,4,10,6,1,6
"3624","G0363","G0363_04","inactive",3,8,16,9,12,12,4,4
"3625","G0363","G0363_05","inactive",3,10,12,6,3,9,2,8
"3626","G0363","G0363_06","inactive",7,6,14,10,10,16,5,16
"3627","G0363","G0363_07","inactive",7,3,12,7,4,2,4,4
"3628","G0363","G0363_08","inactive",12,16,14,10,15,12,9,21
"3629","G0363","G0363_09","inactive",5,12,15,10,7,15,3,9
"3630","G0363","G0363_10","inactive",20,20,31,13,13,27,9,13
"3631","G0364","G0364_01","inactive",6,7,5,7,6,11,2,3
"3632","G0364","G0364_02","inactive",8,11,11,13,14,23,6,20
"3633","G0364","G0364_03","inactive",8,8,17,7,12,12,5,14
"3634","G0364","G0364_04","inactive",2,3,12,6,7,3,2,13
"3635","G0364","G0364_05","inactive",12,18,26,10,21,22,11,15
"3636","G0364","G0364_06","inactive",5,8,8,7,4,10,2,4
"3637","G0364","G0364_07","inactive",1,4,4,11,4,8,3,8
"3638","G0364","G0364_08","inactive",4,10,32,15,13,23,14,14
"3639","G0364","G0364_09","inactive",6,4,13,1,8,11,4,6
"3640","G0364","G0364_10","inactive",7,12,35,11,15,14,5,22
"3641","G0365","G0365_01","inactive",3,6,3,3,4,10,0,4
"3642","G0365","G0365_02","inactive",1,0,4,5,3,6,0,4
"3643","G0365","G0365_03","inactive",11,14,21,31,15,21,6,24
"3644","G0365","G0365_04","inactive",9,13,11,21,11,25,5,19
"3645","G0365","G0365_05","inactive",12,13,16,17,23,19,6,18
"3646","G0365","G0365_06","inactive",9,14,10,10,14,13,4,14
"3647","G0365","G0365_07","inactive",1,0,1,1,0,2,1,4
"3648","G0365","G0365_08","inactive",4,9,7,12,7,3,7,9
"3649","G0365","G0365_09","inactive",13,28,32,15,20,36,10,9
"3650","G0365","G0365_10","inactive",2,1,4,2,2,0,1,2
"3651","G0366","G0366_01","inactive",7,4,9,10,12,2,2,13
"3652","G0366","G0366_02","inactive",9,9,14,15,20,15,7,16
"3653","G0366","G0366_03","inactive",1,0,0,0,1,0,0,0
"3654","G0366","G0366_04","inactive",15,17,32,17,9,14,8,36
"3655","G0366","G0366_05","inactive",14,20,16,17,14,22,10,20
"3656","G0366","G0366_06","inactive",4,8,15,6,6,7,3,13
"3657","G0366","G0366_07","inactive",26,34,52,55,43,42,16,65
"3658","G0366","G0366_08","inactive",6,6,12,8,4,14,1,6
"3659","G0366","G0366_09","inactive",21,30,56,56,32,42,19,64
"3660","G0366","G0366_10","inactive",4,14,11,16,10,20,3,15
"3661","G0367","G0367_01","inactive",11,21,21,22,24,25,13,35
"3662","G0367","G0367_02","inactive",5,12,11,9,9,8,3,9
"3663","G0367","G0367_03","inactive",4,1,9,6,3,3,1,5
"3664","G0367","G0367_04","inactive",6,5,9,7,14,15,5,8
"3665","G0367","G0367_05","inactive",15,24,27,22,14,31,5,18
"3666","G0367","G0367_06","inactive",7,25,30,20,17,33,8,23
"3667","G0367","G0367_07","inactive",9,4,2,3,9,7,2,11
"3668","G0367","G0367_08","inactive",3,4,8,8,4,12,1,4
"3669","G0367","G0367_09","inactive",6,6,21,12,9,15,6,19
"3670","G0367","G0367_10","inactive",9,4,12,13,14,21,5,12
"3671","G0368","G0368_01","increasing",3,10,9,5,14,22,5,16
"3672","G0368","G0368_02","increasing",17,16,39,23,35,51,8,51
"3673","G0368","G0368_03","increasing",9,1,8,10,14,18,6,21
"3674","G0368","G0368_04","increasing",9,19,21,15,27,50,9,32
"3675","G0368","G0368_05","increasing",9,2,10,5,19,15,8,19
"3676","G0368","G0368_06","increasing",5,25,17,8,14,31,11,19
"3677","G0368","G0368_07","increasing",1,6,4,1,4,16,6,13
"3678","G0368","G0368_08","increasing",11,14,33,10,26,70,19,31
"3679","G0368","G0368_09","increasing",9,14,16,9,6,28,6,21
"3680","G0368","G0368_10","increasing",9,5,7,10,17,25,2,5
"3681","G0369","G0369_01","inactive",1,6,9,10,1,11,1,16
"3682","G0369","G0369_02","inactive",10,9,9,9,16,20,9,7
"3683","G0369","G0369_03","inactive",5,8,24,12,17,17,9,22
"3684","G0369","G0369_04","inactive",5,2,2,6,4,3,3,18
"3685","G0369","G0369_05","inactive",3,5,9,6,3,5,2,7
"3686","G0369","G0369_06","inactive",2,3,6,0,9,7,0,5
"3687","G0369","G0369_07","inactive",3,4,9,9,2,6,4,5
"3688","G0369","G0369_08","inactive",4,2,2,0,0,4,0,4
"3689","G0369","G0369_09","inactive",4,7,9,5,1,18,5,8
"3690","G0369","G0369_10","inactive",19,21,29,18,19,16,16,23
"3691","G0370","G0370_01","inactive",0,7,9,2,5,6,0,7
"3692","G0370","G0370_02","inactive",5,11,11,10,3,13,2,10
"3693","G0370","G0370_03","inactive",7,7,16,2,12,12,3,3
"3694","G0370","G0370_04","inactive",15,16,28,18,24,23,10,17
"3695","G0370","G0370_05","inactive",2,0,1,3,2,2,0,6
"3696","G0370","G0370_06","inactive",15,22,25,21,10,19,10,22
"3697","G0370","G0370_07","inactive",5,7,7,11,5,11,1,8
"3698","G0370","G0370_08","inactive",2,4,2,7,7,5,1,13
"3699","G0370","G0370_09","inactive",9,1,11,6,8,11,5,12
"3700","G0370","G0370_10","inactive",0,4,5,2,6,6,3,7
"3701","G0371","G0371_01","increasing",12,19,25,10,16,39,16,22
"3702","G0371","G0371_02","increasing",22,27,36,29,49,51,25,52
"3703","G0371","G0371_03","increasing",2,5,6,3,5,13,0,8
"3704","G0371","G0371_04","increasing",5,10,24,15,25,26,11,45
"3705","G0371","G0371_05","increasing",1,2,0,2,3,8,0,4
"3706","G0371","G0371_06","increasing",5,9,18,10,10,10,13,12
"3707","G0371","G0371_07","increasing",5,1,0,2,9,6,1,13
"3708","G0371","G0371_08","increasing",6,8,14,3,9,11,7,10
"3709","G0371","G0371_09","increasing",2,0,1,0,3,0,1,9
"3710","G0371","G0371_10","increasing",3,0,8,9,3,9,2,8
"3711","G0372","G0372_01","increasing",4,15,9,7,11,8,6,6
"3712","G0372","G0372_02","increasing",4,6,9,4,13,15,3,10
"3713","G0372","G0372_03","increasing",2,6,4,10,14,6,5,18
"3714","G0372","G0372_04","increasing",7,7,12,2,7,14,7,9
"3715","G0372","G0372_05","increasing",9,15,22,7,14,11,12,13
"3716","G0372","G0372_06","increasing",0,2,0,9,2,5,1,7
"3717","G0372","G0372_07","increasing",1,7,6,4,1,2,6,1
"3718","G0372","G0372_08","increasing",6,7,12,9,14,12,11,12
"3719","G0372","G0372_09","increasing",3,4,7,7,5,20,4,13
"3720","G0372","G0372_10","increasing",1,2,15,3,4,4,4,13
"3721","G0373","G0373_01","inactive",1,2,6,6,0,1,2,3
"3722","G0373","G0373_02","inactive",18,12,14,20,19,20,0,24
"3723","G0373","G0373_03","inactive",2,9,19,5,4,9,5,5
"3724","G0373","G0373_04","inactive",3,7,8,8,3,12,3,7
"3725","G0373","G0373_05","inactive",3,11,6,7,9,7,5,6
"3726","G0373","G0373_06","inactive",2,6,5,2,1,14,1,6
"3727","G0373","G0373_07","inactive",12,8,12,20,18,20,1,17
"3728","G0373","G0373_08","inactive",2,6,6,3,2,3,2,7
"3729","G0373","G0373_09","inactive",5,7,12,12,12,6,5,23
"3730","G0373","G0373_10","inactive",0,3,2,3,4,5,1,8
"3731","G0374","G0374_01","inactive",16,11,30,22,38,26,8,25
"3732","G0374","G0374_02","inactive",10,11,24,10,14,19,5,12
"3733","G0374","G0374_03","inactive",12,8,15,6,10,7,10,12
"3734","G0374","G0374_04","inactive",1,5,21,6,11,12,2,12
"3735","G0374","G0374_05","inactive",9,18,14,6,6,9,8,9
"3736","G0374","G0374_06","inactive",2,4,4,11,1,8,1,8
"3737","G0374","G0374_07","inactive",7,10,28,13,17,20,15,17
"3738","G0374","G0374_08","inactive",11,22,10,20,17,28,15,27
"3739","G0374","G0374_09","inactive",2,2,14,8,4,9,2,6
"3740","G0374","G0374_10","inactive",1,8,4,10,3,12,1,12
"3741","G0375","G0375_01","decreasing",5,3,1,10,5,6,0,9
"3742","G0375","G0375_02","decreasing",3,11,12,6,6,10,3,7
"3743","G0375","G0375_03","decreasing",5,5,19,17,7,6,3,10
"3744","G0375","G0375_04","decreasing",5,6,3,7,5,8,0,7
"3745","G0375","G0375_05","decreasing",2,4,4,13,2,5,0,10
"3746","G0375","G0375_06","decreasing",3,3,15,3,4,6,3,2
"3747","G0375","G0375_07","decreasing",8,15,28,12,21,14,6,15
"3748","G0375","G0375_08","decreasing",8,25,53,25,19,30,11,18
"3749","G0375","G0375_09","decreasing",5,5,8,3,7,4,1,6
"3750","G0375","G0375_10","decreasing",7,12,7,5,7,8,1,5
"3751","G0376","G0376_01","inactive",12,10,25,10,7,15,7,28
"3752","G0376","G0376_02","inactive",6,3,10,5,7,3,4,8
"3753","G0376","G0376_03","inactive",1,3,1,0,2,9,0,5
"3754","G0376","G0376_04","inactive",7,6,19,13,9,6,3,15
"3755","G0376","G0376_05","inactive",8,13,24,11,16,16,11,12
"3756","G0376","G0376_06","inactive",7,15,10,9,16,18,6,14
"3757","G0376","G0376_07","inactive",3,9,8,7,4,13,3,15
"3758","G0376","G0376_08","inactive",2,6,17,9,4,12,5,10
"3759","G0376","G0376_09","inactive",9,21,14,14,9,15,9,17
"3760","G0376","G0376_10","inactive",10,4,11,6,3,4,3,10
"3761","G0377","G0377_01","inactive",0,2,8,6,5,6,3,10
"3762","G0377","G0377_02","inactive",4,8,7,3,7,12,7,21
"3763","G0377","G0377_03","inactive",6,15,16,13,12,11,3,5
"3764","G0377","G0377_04","inactive",10,9,16,10,20,10,10,13
"3765","G0377","G0377_05","inactive",3,12,5,6,8,9,0,16
"3766","G0377","G0377_06","inactive",14,14,12,15,14,9,10,9
"3767","G0377","G0377_07","inactive",0,7,2,3,1,7,1,6
"3768","G0377","G0377_08","inactive",3,8,6,8,11,4,2,7
"3769","G0377","G0377_09","inactive",2,2,3,3,5,8,2,0
"3770","G0377","G0377_10","inactive",8,10,21,8,5,13,5,12
"3771","G0378","G0378_01","inactive",3,5,6,1,9,6,4,9
"3772","G0378","G0378_02","inactive",9,23,21,15,16,32,13,20
"3773","G0378","G0378_03","inactive",13,21,20,12,18,17,9,12
"3774","G0378","G0378_04","inactive",10,8,17,8,6,18,12,4
"3775","G0378","G0378_05","inactive",5,10,8,1,5,4,3,5
"3776","G0378","G0378_06","inactive",0,7,10,2,1,7,3,2
"3777","G0378","G0378_07","inactive",3,12,19,8,10,13,7,4
"3778","G0378","G0378_08","inactive",3,3,3,0,3,5,2,0
"3779","G0378","G0378_09","inactive",1,2,6,1,3,3,1,3
"3780","G0378","G0378_10","inactive",5,9,8,6,11,20,6,7
"3781","G0379","G0379_01","inactive",1,3,4,10,1,1,3,8
"3782","G0379","G0379_02","inactive",0,6,1,0,2,1,1,2
"3783","G0379","G0379_03","inactive",2,6,7,12,7,8,2,11
"3784","G0379","G0379_04","inactive",6,5,10,3,5,16,2,10
"3785","G0379","G0379_05","inactive",4,5,13,0,1,8,0,1
"3786","G0379","G0379_06","inactive",2,14,33,11,13,11,11,15
"3787","G0379","G0379_07","inactive",8,13,13,6,11,17,1,6
"3788","G0379","G0379_08","inactive",1,1,1,2,3,3,2,2
"3789","G0379","G0379_09","inactive",0,2,1,1,0,0,0,2
"3790","G0379","G0379_10","inactive",3,4,12,5,2,4,3,1
"3791","G0380","G0380_01","increasing",9,13,18,9,19,15,10,11
"3792","G0380","G0380_02","increasing",13,4,13,8,17,17,12,11
"3793","G0380","G0380_03","increasing",2,3,1,10,0,6,0,2
"3794","G0380","G0380_04","increasing",7,1,9,9,16,6,2,14
"3795","G0380","G0380_05","increasing",4,2,1,0,3,1,5,4
"3796","G0380","G0380_06","increasing",9,19,20,5,20,31,12,21
"3797","G0380","G0380_07","increasing",3,0,5,0,4,6,1,7
"3798","G0380","G0380_08","increasing",6,9,20,6,6,25,2,16
"3799","G0380","G0380_09","increasing",3,5,0,2,4,13,0,5
"3800","G0380","G0380_10","increasing",5,0,2,2,4,1,1,4
"3801","G0381","G0381_01","increasing",3,3,11,7,6,14,6,7
"3802","G0381","G0381_02","increasing",2,0,3,9,1,2,2,7
"3803","G0381","G0381_03","increasing",1,2,3,2,8,1,2,5
"3804","G0381","G0381_04","increasing",17,12,11,10,12,15,3,15
"3805","G0381","G0381_05","increasing",6,16,22,14,18,26,12,20
"3806","G0381","G0381_06","increasing",6,1,2,17,7,6,1,12
"3807","G0381","G0381_07","increasing",0,1,0,2,4,2,0,0
"3808","G0381","G0381_08","increasing",8,14,37,29,24,37,21,29
"3809","G0381","G0381_09","increasing",4,6,14,0,3,12,3,7
"3810","G0381","G0381_10","increasing",3,5,15,11,16,11,16,17
"3811","G0382","G0382_01","decreasing",14,27,39,24,6,21,6,20
"3812","G0382","G0382_02","decreasing",10,19,22,15,16,29,1,20
"3813","G0382","G0382_03","decreasing",4,0,7,0,7,6,2,3
"3814","G0382","G0382_04","decreasing",5,12,18,2,6,15,7,5
"3815","G0382","G0382_05","decreasing",1,1,14,3,1,0,1,2
"3816","G0382","G0382_06","decreasing",15,28,48,44,20,35,18,36
"3817","G0382","G0382_07","decreasing",13,19,34,19,16,21,6,25
"3818","G0382","G0382_08","decreasing",5,7,10,17,3,2,0,12
"3819","G0382","G0382_09","decreasing",5,12,13,15,13,17,2,10
"3820","G0382","G0382_10","decreasing",4,4,3,5,6,8,1,9
"3821","G0383","G0383_01","negcontrol",6,10,19,12,11,18,8,16
"3822","G0383","G0383_02","negcontrol",4,8,14,1,8,14,11,11
"3823","G0383","G0383_03","negcontrol",7,0,13,5,7,2,2,9
"3824","G0383","G0383_04","negcontrol",7,12,11,12,6,18,3,7
"3825","G0383","G0383_05","negcontrol",6,8,10,11,13,21,2,18
"3826","G0383","G0383_06","negcontrol",12,21,30,27,25,24,14,31
"3827","G0383","G0383_07","negcontrol",2,4,5,3,6,3,1,6
"3828","G0383","G0383_08","negcontrol",5,4,5,2,2,1,1,5
"3829","G0383","G0383_09","negcontrol",2,1,13,7,14,9,5,17
"3830","G0383","G0383_10","negcontrol",1,6,4,7,0,12,1,4
"3831","G0384","G0384_01","inactive",15,10,38,20,21,37,13,23
"3832","G0384","G0384_02","inactive",0,4,6,6,4,8,1,10
"3833","G0384","G0384_03","inactive",4,2,6,13,4,7,2,14
"3834","G0384","G0384_04","inactive",6,8,13,12,13,10,5,7
"3835","G0384","G0384_05","inactive",2,4,17,14,1,13,3,8
"3836","G0384","G0384_06","inactive",5,13,20,12,14,20,11,16
"3837","G0384","G0384_07","inactive",6,6,14,8,5,18,3,16
"3838","G0384","G0384_08","inactive",1,6,10,1,2,6,1,5
"3839","G0384","G0384_09","inactive",4,3,0,2,8,3,0,3
"3840","G0384","G0384_10","inactive",2,9,13,8,11,13,6,5
"3841","G0385","G0385_01","inactive",10,14,6,6,3,17,2,8
"3842","G0385","G0385_02","inactive",6,9,12,12,7,18,1,9
"3843","G0385","G0385_03","inactive",4,3,5,3,2,8,4,4
"3844","G0385","G0385_04","inactive",1,0,2,1,6,1,4,3
"3845","G0385","G0385_05","inactive",3,9,14,14,4,5,1,14
"3846","G0385","G0385_06","inactive",1,0,5,3,5,8,1,2
"3847","G0385","G0385_07","inactive",6,12,14,17,14,22,4,20
"3848","G0385","G0385_08","inactive",10,17,33,14,23,30,9,30
"3849","G0385","G0385_09","inactive",3,9,9,11,7,9,5,12
"3850","G0385","G0385_10","inactive",4,3,10,2,5,5,3,7
"3851","G0386","G0386_01","inactive",27,18,46,27,25,46,12,22
"3852","G0386","G0386_02","inactive",7,6,11,11,13,10,6,16
"3853","G0386","G0386_03","inactive",17,33,48,44,35,54,21,46
"3854","G0386","G0386_04","inactive",0,5,13,6,1,8,4,6
"3855","G0386","G0386_05","inactive",1,5,9,1,3,5,1,1
"3856","G0386","G0386_06","inactive",8,11,24,11,16,10,2,12
"3857","G0386","G0386_07","inactive",4,4,3,1,3,11,3,4
"3858","G0386","G0386_08","inactive",2,6,9,2,6,11,1,7
"3859","G0386","G0386_09","inactive",6,15,12,6,12,9,4,9
"3860","G0386","G0386_10","inactive",13,28,33,30,15,39,13,44
"3861","G0387","G0387_01","inactive",2,11,8,7,8,8,7,7
"3862","G0387","G0387_02","inactive",2,2,4,0,3,2,1,0
"3863","G0387","G0387_03","inactive",4,13,9,8,11,14,9,14
"3864","G0387","G0387_04","inactive",5,2,4,2,3,2,5,4
"3865","G0387","G0387_05","inactive",13,8,19,7,14,14,1,14
"3866","G0387","G0387_06","inactive",4,10,10,5,7,9,3,9
"3867","G0387","G0387_07","inactive",2,6,11,5,7,8,9,20
"3868","G0387","G0387_08","inactive",17,18,20,26,19,19,13,24
"3869","G0387","G0387_09","inactive",5,6,4,9,12,14,5,10
"3870","G0387","G0387_10","inactive",3,5,12,10,3,17,3,8
"3871","G0388","G0388_01","increasing",5,6,2,3,7,11,1,7
"3872","G0388","G0388_02","increasing",3,4,3,2,3,9,3,4
"3873","G0388","G0388_03","increasing",0,5,4,0,0,6,1,3
"3874","G0388","G0388_04","increasing",7,3,19,11,12,9,8,13
"3875","G0388","G0388_05","increasing",6,7,18,10,7,9,13,12
"3876","G0388","G0388_06","increasing",7,7,4,5,7,5,3,15
"3877","G0388","G0388_07","increasing",0,8,8,6,6,9,7,4
"3878","G0388","G0388_08","increasing",6,7,23,11,4,16,10,21
"3879","G0388","G0388_09","increasing",4,4,0,1,2,1,2,5
"3880","G0388","G0388_10","increasing",8,12,16,18,14,22,9,21
"3881","G0389","G0389_01","inactive",1,3,6,3,3,4,0,11
"3882","G0389","G0389_02","inactive",1,8,4,3,7,16,2,8
"3883","G0389","G0389_03","inactive",8,10,13,17,7,14,7,13
"3884","G0389","G0389_04","inactive",2,12,16,4,10,24,2,11
"3885","G0389","G0389_05","inactive",4,4,5,11,9,13,6,17
"3886","G0389","G0389_06","inactive",17,23,38,26,24,43,10,28
"3887","G0389","G0389_07","inactive",3,2,10,11,5,7,4,8
"3888","G0389","G0389_08","inactive",5,7,12,8,5,9,1,7
"3889","G0389","G0389_09","inactive",15,16,20,16,15,31,10,22
"3890","G0389","G0389_10","inactive",7,8,12,9,11,8,2,20
"3891","G0390","G0390_01","inactive",1,9,16,4,2,4,1,7
"3892","G0390","G0390_02","inactive",11,7,14,14,6,18,8,18
"3893","G0390","G0390_03","inactive",6,20,33,14,19,19,13,21
"3894","G0390","G0390_04","inactive",6,7,11,12,4,14,3,4
"3895","G0390","G0390_05","inactive",4,2,3,1,3,2,0,2
"3896","G0390","G0390_06","inactive",7,7,7,7,13,3,5,8
"3897","G0390","G0390_07","inactive",3,1,4,2,3,1,3,1
"3898","G0390","G0390_08","inactive",6,11,19,7,12,25,3,10
"3899","G0390","G0390_09","inactive",4,7,6,6,8,13,0,10
"3900","G0390","G0390_10","inactive",0,4,6,3,2,2,4,4
"3901","G0391","G0391_01","inactive",2,6,6,0,3,3,1,8
"3902","G0391","G0391_02","inactive",1,1,1,5,1,0,0,3
"3903","G0391","G0391_03","inactive",3,4,16,6,4,5,3,4
"3904","G0391","G0391_04","inactive",11,19,33,6,13,28,3,14
"3905","G0391","G0391_05","inactive",5,1,3,2,4,1,2,6
"3906","G0391","G0391_06","inactive",23,33,63,40,32,62,14,46
"3907","G0391","G0391_07","inactive",4,20,9,14,7,14,3,12
"3908","G0391","G0391_08","inactive",8,8,9,7,16,30,7,14
"3909","G0391","G0391_09","inactive",7,10,14,7,6,14,4,8
"3910","G0391","G0391_10","inactive",5,9,12,4,10,8,4,8
"3911","G0392","G0392_01","inactive",15,13,20,12,23,23,5,12
"3912","G0392","G0392_02","inactive",4,5,9,12,10,8,3,10
"3913","G0392","G0392_03","inactive",8,17,22,21,21,28,9,23
"3914","G0392","G0392_04","inactive",1,6,1,0,2,7,0,0
"3915","G0392","G0392_05","inactive",20,28,39,19,13,52,12,28
"3916","G0392","G0392_06","inactive",8,14,16,17,15,19,3,22
"3917","G0392","G0392_07","inactive",12,16,14,11,12,18,6,14
"3918","G0392","G0392_08","inactive",14,10,27,14,16,22,7,16
"3919","G0392","G0392_09","inactive",10,7,23,21,11,22,6,13
"3920","G0392","G0392_10","inactive",2,5,11,7,1,9,2,5
"3921","G0393","G0393_01","inactive",0,1,3,7,4,7,1,9
"3922","G0393","G0393_02","inactive",0,2,1,1,2,2,1,2
"3923","G0393","G0393_03","inactive",2,0,6,1,1,4,0,2
"3924","G0393","G0393_04","inactive",6,8,8,8,5,7,5,15
"3925","G0393","G0393_05","inactive",3,5,12,6,14,10,4,7
"3926","G0393","G0393_06","inactive",6,5,8,6,5,5,2,4
"3927","G0393","G0393_07","inactive",7,6,16,8,6,21,6,5
"3928","G0393","G0393_08","inactive",7,13,7,3,5,13,0,8
"3929","G0393","G0393_09","inactive",14,31,22,16,18,38,11,22
"3930","G0393","G0393_10","inactive",17,20,40,24,32,30,12,24
"3931","G0394","G0394_01","inactive",4,5,10,0,4,4,2,2
"3932","G0394","G0394_02","inactive",14,11,19,14,10,18,8,17
"3933","G0394","G0394_03","inactive",6,5,16,8,5,12,9,12
"3934","G0394","G0394_04","inactive",9,7,11,15,6,21,7,18
"3935","G0394","G0394_05","inactive",0,3,4,6,0,10,2,6
"3936","G0394","G0394_06","inactive",7,3,8,4,8,15,3,5
"3937","G0394","G0394_07","inactive",0,8,8,3,1,7,4,3
"3938","G0394","G0394_08","inactive",0,4,3,1,3,3,3,1
"3939","G0394","G0394_09","inactive",3,2,6,1,3,5,6,2
"3940","G0394","G0394_10","inactive",8,10,16,13,10,14,10,13
"3941","G0395","G0395_01","inactive",9,9,16,6,11,17,4,8
"3942","G0395","G0395_02","inactive",1,3,11,3,5,7,4,3
"3943","G0395","G0395_03","inactive",5,9,13,1,12,5,4,7
"3944","G0395","G0395_04","inactive",7,22,18,12,17,32,6,25
"3945","G0395","G0395_05","inactive",49,47,41,48,44,64,17,46
"3946","G0395","G0395_06","inactive",1,3,2,8,5,2,1,11
"3947","G0395","G0395_07","inactive",2,3,5,1,5,1,1,2
"3948","G0395","G0395_08","inactive",5,2,6,3,6,2,2,4
"3949","G0395","G0395_09","inactive",4,8,12,4,7,8,5,9
"3950","G0395","G0395_10","inactive",3,6,5,7,5,12,1,9
"3951","G0396","G0396_01","inactive",1,6,5,3,4,5,2,1
"3952","G0396","G0396_02","inactive",1,8,15,10,14,2,1,14
"3953","G0396","G0396_03","inactive",7,7,10,6,4,2,3,10
"3954","G0396","G0396_04","inactive",4,7,12,3,4,19,3,11
"3955","G0396","G0396_05","inactive",7,6,9,10,13,10,5,10
"3956","G0396","G0396_06","inactive",10,14,10,11,13,33,10,13
"3957","G0396","G0396_07","inactive",2,3,5,0,6,2,1,3
"3958","G0396","G0396_08","inactive",8,14,9,0,9,21,8,4
"3959","G0396","G0396_09","inactive",20,29,34,19,35,41,10,29
"3960","G0396","G0396_10","inactive",2,3,6,6,2,4,2,3
"3961","G0397","G0397_01","decreasing",2,5,7,10,1,3,2,4
"3962","G0397","G0397_02","decreasing",1,8,11,3,3,4,0,9
"3963","G0397","G0397_03","decreasing",0,2,2,1,0,2,0,1
"3964","G0397","G0397_04","decreasing",0,3,16,3,2,3,2,4
"3965","G0397","G0397_05","decreasing",11,14,12,7,6,8,3,6
"3966","G0397","G0397_06","decreasing",3,4,13,4,2,1,0,3
"3967","G0397","G0397_07","decreasing",3,8,11,7,7,7,3,3
"3968","G0397","G0397_08","decreasing",10,17,19,21,17,21,7,16
"3969","G0397","G0397_09","decreasing",6,3,16,6,7,2,6,4
"3970","G0397","G0397_10","decreasing",1,3,3,11,2,5,3,8
"3971","G0398","G0398_01","inactive",4,8,24,12,11,17,6,14
"3972","G0398","G0398_02","inactive",17,20,23,23,16,20,10,38
"3973","G0398","G0398_03","inactive",1,4,6,6,2,4,1,7
"3974","G0398","G0398_04","inactive",7,7,3,5,5,4,1,5
"3975","G0398","G0398_05","inactive",19,24,22,23,21,28,17,31
"3976","G0398","G0398_06","inactive",9,8,15,21,9,11,11,13
"3977","G0398","G0398_07","inactive",8,11,16,15,14,17,7,13
"3978","G0398","G0398_08","inactive",4,12,11,2,4,19,3,12
"3979","G0398","G0398_09","inactive",2,0,2,0,0,2,1,1
"3980","G0398","G0398_10","inactive",18,11,23,17,14,24,7,29
"3981","G0399","G0399_01","inactive",0,6,3,4,1,10,1,8
"3982","G0399","G0399_02","inactive",7,5,14,15,13,7,2,13
"3983","G0399","G0399_03","inactive",21,37,49,21,22,62,13,47
"3984","G0399","G0399_04","inactive",4,7,2,5,4,7,5,8
"3985","G0399","G0399_05","inactive",4,13,19,9,1,14,2,6
"3986","G0399","G0399_06","inactive",30,50,80,44,50,78,25,58
"3987","G0399","G0399_07","inactive",15,19,16,13,14,33,5,22
"3988","G0399","G0399_08","inactive",23,26,26,17,42,65,12,29
"3989","G0399","G0399_09","inactive",4,14,11,7,6,8,2,8
"3990","G0399","G0399_10","inactive",8,7,10,11,10,16,11,7
"3991","G0400","G0400_01","inactive",8,6,13,14,15,21,7,19
"3992","G0400","G0400_02","inactive",31,24,34,26,34,36,16,41
"3993","G0400","G0400_03","inactive",10,3,1,5,6,0,1,4
"3994","G0400","G0400_04","inactive",2,9,14,4,3,11,3,5
"3995","G0400","G0400_05","inactive",13,6,16,14,11,11,7,11
"3996","G0400","G0400_06","inactive",3,4,11,13,6,10,1,10
"3997","G0400","G0400_07","inactive",7,5,3,9,4,13,2,15
"3998","G0400","G0400_08","inactive",10,13,12,16,17,19,6,20
"3999","G0400","G0400_09","inactive",3,15,19,6,7,17,5,11
"4000","G0400","G0400_10","inactive",4,3,2,3,2,7,1,7
"4001","G0401","G0401_01","inactive",2,6,10,3,4,8,6,6
"4002","G0401","G0401_02","inactive",6,2,15,9,12,20,5,10
"4003","G0401","G0401_03","inactive",3,7,11,6,4,5,1,8
"4004","G0401","G0401_04","inactive",0,6,9,4,2,3,2,6
"4005","G0401","G0401_05","inactive",14,10,19,12,19,12,15,11
"4006","G0401","G0401_06","inactive",16,26,27,32,19,24,7,31
"4007","G0401","G0401_07","inactive",6,7,15,6,10,13,3,10
"4008","G0401","G0401_08","inactive",3,6,14,13,7,10,2,10
"4009","G0401","G0401_09","inactive",2,13,21,9,13,26,12,21
"4010","G0401","G0401_10","inactive",2,3,6,2,5,3,1,4
"4011","G0402","G0402_01","inactive",12,10,21,15,14,30,12,37
"4012","G0402","G0402_02","inactive",11,2,12,18,12,13,6,16
"4013","G0402","G0402_03","inactive",1,5,3,5,2,4,0,4
"4014","G0402","G0402_04","inactive",7,4,2,3,10,5,1,2
"4015","G0402","G0402_05","inactive",3,4,8,2,0,2,3,1
"4016","G0402","G0402_06","inactive",6,3,9,9,14,3,5,11
"4017","G0402","G0402_07","inactive",1,2,9,3,4,5,3,2
"4018","G0402","G0402_08","inactive",15,14,33,19,23,20,10,23
"4019","G0402","G0402_09","inactive",2,3,12,1,5,9,2,6
"4020","G0402","G0402_10","inactive",11,11,26,14,15,16,3,20
"4021","G0403","G0403_01","negcontrol",3,0,7,0,4,2,4,5
"4022","G0403","G0403_02","negcontrol",14,10,28,18,19,13,6,23
"4023","G0403","G0403_03","negcontrol",3,2,4,9,5,6,3,3
"4024","G0403","G0403_04","negcontrol",18,21,29,18,20,34,4,20
"4025","G0403","G0403_05","negcontrol",6,3,7,4,8,4,4,6
"4026","G0403","G0403_06","negcontrol",17,19,46,28,34,37,13,40
"4027","G0403","G0403_07","negcontrol",7,6,7,2,3,9,5,1
"4028","G0403","G0403_08","negcontrol",6,9,18,11,15,4,6,4
"4029","G0403","G0403_09","negcontrol",6,7,13,7,11,20,11,13
"4030","G0403","G0403_10","negcontrol",17,31,27,16,30,44,10,29
"4031","G0404","G0404_01","inactive",6,7,7,2,2,20,1,6
"4032","G0404","G0404_02","inactive",1,2,4,2,4,0,1,3
"4033","G0404","G0404_03","inactive",11,7,16,15,12,16,8,20
"4034","G0404","G0404_04","inactive",2,6,4,6,5,6,4,6
"4035","G0404","G0404_05","inactive",0,3,4,4,0,7,2,2
"4036","G0404","G0404_06","inactive",7,10,17,5,10,13,4,8
"4037","G0404","G0404_07","inactive",20,24,35,18,24,32,6,31
"4038","G0404","G0404_08","inactive",3,0,2,0,5,2,1,0
"4039","G0404","G0404_09","inactive",0,3,6,6,4,13,4,8
"4040","G0404","G0404_10","inactive",13,8,20,13,14,22,4,15
"4041","G0405","G0405_01","inactive",5,10,10,17,12,9,4,22
"4042","G0405","G0405_02","inactive",4,8,13,2,1,12,4,7
"4043","G0405","G0405_03","inactive",9,11,12,8,10,17,7,20
"4044","G0405","G0405_04","inactive",5,12,16,15,15,26,7,20
"4045","G0405","G0405_05","inactive",20,25,39,31,22,50,16,35
"4046","G0405","G0405_06","inactive",3,12,12,9,6,16,4,13
"4047","G0405","G0405_07","inactive",5,21,13,6,8,20,4,11
"4048","G0405","G0405_08","inactive",9,13,23,13,23,13,8,19
"4049","G0405","G0405_09","inactive",3,7,12,5,3,5,0,5
"4050","G0405","G0405_10","inactive",9,8,16,9,11,12,5,9
"4051","G0406","G0406_01","decreasing",1,3,9,4,7,3,1,10
"4052","G0406","G0406_02","decreasing",5,8,13,12,4,15,1,10
"4053","G0406","G0406_03","decreasing",7,2,2,1,1,3,0,3
"4054","G0406","G0406_04","decreasing",6,1,20,9,1,2,1,5
"4055","G0406","G0406_05","decreasing",2,7,1,4,7,5,1,7
"4056","G0406","G0406_06","decreasing",17,34,32,33,19,25,5,22
"4057","G0406","G0406_07","decreasing",17,44,45,33,34,42,14,39
"4058","G0406","G0406_08","decreasing",15,7,15,17,14,7,5,9
"4059","G0406","G0406_09","decreasing",9,29,40,34,16,35,10,38
"4060","G0406","G0406_10","decreasing",6,15,31,22,11,15,6,17
"4061","G0407","G0407_01","increasing",2,12,8,3,10,11,2,12
"4062","G0407","G0407_02","increasing",13,21,20,11,12,29,8,19
"4063","G0407","G0407_03","increasing",2,3,8,3,3,12,1,7
"4064","G0407","G0407_04","increasing",11,30,39,21,19,37,18,30
"4065","G0407","G0407_05","increasing",12,8,21,8,20,35,11,18
"4066","G0407","G0407_06","increasing",13,23,23,21,26,31,14,28
"4067","G0407","G0407_07","increasing",8,7,27,8,15,15,6,16
"4068","G0407","G0407_08","increasing",0,1,5,3,0,3,1,4
"4069","G0407","G0407_09","increasing",4,7,13,3,13,6,6,7
"4070","G0407","G0407_10","increasing",3,3,6,10,3,6,1,11
"4071","G0408","G0408_01","inactive",3,1,13,6,5,3,3,8
"4072","G0408","G0408_02","inactive",3,3,8,1,2,2,1,2
"4073","G0408","G0408_03","inactive",10,9,15,6,11,12,5,9
"4074","G0408","G0408_04","inactive",3,6,11,8,3,14,3,8
"4075","G0408","G0408_05","inactive",12,16,23,17,9,32,6,17
"4076","G0408","G0408_06","inactive",5,3,3,7,5,10,1,2
"4077","G0408","G0408_07","inactive",6,12,13,11,7,22,6,7
"4078","G0408","G0408_08","inactive",9,9,8,6,14,17,3,13
"4079","G0408","G0408_09","inactive",9,15,28,20,14,27,11,31
"4080","G0408","G0408_10","inactive",4,3,6,1,4,0,1,0
"4081","G0409","G0409_01","inactive",8,2,14,9,9,17,6,12
"4082","G0409","G0409_02","inactive",5,2,7,5,7,3,1,1
"4083","G0409","G0409_03","inactive",1,7,5,3,4,6,0,7
"4084","G0409","G0409_04","inactive",0,6,14,5,2,20,7,16
"4085","G0409","G0409_05","inactive",1,0,1,5,4,4,0,3
"4086","G0409","G0409_06","inactive",17,12,27,15,21,12,5,18
"4087","G0409","G0409_07","inactive",7,3,6,9,6,5,4,5
"4088","G0409","G0409_08","inactive",24,33,61,41,26,56,15,61
"4089","G0409","G0409_09","inactive",13,17,19,22,23,36,8,19
"4090","G0409","G0409_10","inactive",7,10,10,8,1,21,4,10
"4091","G0410","G0410_01","inactive",12,11,25,11,23,18,7,17
"4092","G0410","G0410_02","inactive",6,12,11,17,5,17,1,19
"4093","G0410","G0410_03","inactive",0,0,3,1,0,0,1,4
"4094","G0410","G0410_04","inactive",4,3,6,5,6,0,0,7
"4095","G0410","G0410_05","inactive",2,8,14,5,4,12,5,5
"4096","G0410","G0410_06","inactive",2,13,11,9,6,19,5,18
"4097","G0410","G0410_07","inactive",4,9,15,8,9,16,2,10
"4098","G0410","G0410_08","inactive",21,38,51,38,40,65,18,50
"4099","G0410","G0410_09","inactive",6,7,15,2,2,5,6,5
"4100","G0410","G0410_10","inactive",4,3,10,9,7,12,2,14
"4101","G0411","G0411_01","inactive",3,8,9,0,5,6,2,0
"4102","G0411","G0411_02","inactive",13,14,32,13,18,18,19,19
"4103","G0411","G0411_03","inactive",2,3,13,4,4,4,0,7
"4104","G0411","G0411_04","inactive",11,18,23,12,31,18,6,12
"4105","G0411","G0411_05","inactive",1,8,0,3,0,11,0,5
"4106","G0411","G0411_06","inactive",5,20,21,23,21,34,5,16
"4107","G0411","G0411_07","inactive",14,6,18,9,14,15,4,17
"4108","G0411","G0411_08","inactive",3,5,6,0,3,7,1,3
"4109","G0411","G0411_09","inactive",1,6,13,3,10,9,6,11
"4110","G0411","G0411_10","inactive",1,2,9,2,5,5,2,5
"4111","G0412","G0412_01","inactive",5,18,38,19,10,11,9,19
"4112","G0412","G0412_02","inactive",0,6,4,2,2,4,2,7
"4113","G0412","G0412_03","inactive",11,19,32,19,10,18,8,19
"4114","G0412","G0412_04","inactive",5,6,8,6,6,6,4,11
"4115","G0412","G0412_05","inactive",8,7,10,10,13,5,5,11
"4116","G0412","G0412_06","inactive",4,24,19,13,9,19,7,26
"4117","G0412","G0412_07","inactive",6,8,14,10,6,10,3,15
"4118","G0412","G0412_08","inactive",6,4,6,8,1,9,2,4
"4119","G0412","G0412_09","inactive",1,2,5,4,4,3,1,3
"4120","G0412","G0412_10","inactive",3,5,3,6,5,5,1,7
"4121","G0413","G0413_01","inactive",1,3,4,4,4,2,3,7
"4122","G0413","G0413_02","inactive",10,6,17,15,12,16,13,21
"4123","G0413","G0413_03","inactive",9,9,22,8,9,20,6,17
"4124","G0413","G0413_04","inactive",3,10,3,3,8,6,1,3
"4125","G0413","G0413_05","inactive",2,2,3,2,9,4,7,5
"4126","G0413","G0413_06","inactive",6,7,9,10,2,15,2,13
"4127","G0413","G0413_07","inactive",9,6,6,9,20,16,2,8
"4128","G0413","G0413_08","inactive",10,9,16,8,16,11,10,13
"4129","G0413","G0413_09","inactive",12,11,23,19,17,14,5,16
"4130","G0413","G0413_10","inactive",10,9,16,9,18,10,2,11
"4131","G0414","G0414_01","inactive",3,9,3,3,1,4,2,2
"4132","G0414","G0414_02","inactive",11,4,6,11,11,8,6,12
"4133","G0414","G0414_03","inactive",6,6,14,6,10,7,3,10
"4134","G0414","G0414_04","inactive",5,10,25,16,8,22,9,15
"4135","G0414","G0414_05","inactive",6,4,8,19,2,11,0,8
"4136","G0414","G0414_06","inactive",2,3,4,4,1,1,0,3
"4137","G0414","G0414_07","inactive",0,1,1,2,0,1,1,2
"4138","G0414","G0414_08","inactive",24,17,33,21,29,27,14,29
"4139","G0414","G0414_09","inactive",3,3,13,8,7,6,4,9
"4140","G0414","G0414_10","inactive",4,2,0,3,5,6,0,2
"4141","G0415","G0415_01","inactive",5,10,21,10,20,19,4,14
"4142","G0415","G0415_02","inactive",0,1,1,2,0,4,0,0
"4143","G0415","G0415_03","inactive",3,0,6,2,1,5,0,1
"4144","G0415","G0415_04","inactive",17,13,20,20,16,25,12,27
"4145","G0415","G0415_05","inactive",4,2,5,1,5,14,0,5
"4146","G0415","G0415_06","inactive",10,20,35,20,23,28,10,24
"4147","G0415","G0415_07","inactive",1,2,1,0,1,3,1,1
"4148","G0415","G0415_08","inactive",1,6,7,4,1,6,3,4
"4149","G0415","G0415_09","inactive",7,14,21,16,18,24,18,21
"4150","G0415","G0415_10","inactive",4,6,11,15,13,15,4,28
"4151","G0416","G0416_01","increasing",6,10,27,3,1,13,7,13
"4152","G0416","G0416_02","increasing",3,8,7,4,10,9,5,15
"4153","G0416","G0416_03","increasing",10,11,11,16,7,20,9,24
"4154","G0416","G0416_04","increasing",1,5,5,2,8,8,3,8
"4155","G0416","G0416_05","increasing",12,10,23,8,15,28,3,18
"4156","G0416","G0416_06","increasing",7,10,19,12,9,18,5,38
"4157","G0416","G0416_07","increasing",16,24,38,31,41,85,25,55
"4158","G0416","G0416_08","increasing",4,1,8,2,11,16,4,10
"4159","G0416","G0416_09","increasing",8,8,7,8,11,12,3,18
"4160","G0416","G0416_10","increasing",1,4,1,0,4,7,3,2
"4161","G0417","G0417_01","increasing",10,17,30,10,11,28,8,15
"4162","G0417","G0417_02","increasing",6,14,10,10,14,19,3,13
"4163","G0417","G0417_03","increasing",17,23,39,21,22,38,13,13
"4164","G0417","G0417_04","increasing",4,5,14,11,19,12,6,6
"4165","G0417","G0417_05","increasing",11,10,16,21,11,15,5,23
"4166","G0417","G0417_06","increasing",9,10,11,12,34,28,9,26
"4167","G0417","G0417_07","increasing",18,12,26,22,27,31,8,8
"4168","G0417","G0417_08","increasing",7,11,28,5,15,28,5,13
"4169","G0417","G0417_09","increasing",4,11,11,15,12,39,11,17
"4170","G0417","G0417_10","increasing",6,10,23,6,11,28,9,4
"4171","G0418","G0418_01","increasing",17,9,28,13,22,28,10,28
"4172","G0418","G0418_02","increasing",2,7,15,13,5,11,3,5
"4173","G0418","G0418_03","increasing",4,9,8,6,9,9,5,11
"4174","G0418","G0418_04","increasing",8,5,16,8,22,15,1,8
"4175","G0418","G0418_05","increasing",74,80,121,72,160,165,72,137
"4176","G0418","G0418_06","increasing",7,6,13,6,15,13,6,11
"4177","G0418","G0418_07","increasing",1,3,0,2,2,4,2,4
"4178","G0418","G0418_08","increasing",1,2,3,1,0,9,0,6
"4179","G0418","G0418_09","increasing",5,13,14,4,15,35,7,36
"4180","G0418","G0418_10","increasing",1,3,3,3,0,6,2,8
"4181","G0419","G0419_01","decreasing",7,10,13,6,3,14,6,6
"4182","G0419","G0419_02","decreasing",12,12,10,10,9,6,4,5
"4183","G0419","G0419_03","decreasing",2,1,11,0,0,3,3,7
"4184","G0419","G0419_04","decreasing",3,9,25,6,1,20,3,2
"4185","G0419","G0419_05","decreasing",1,4,12,11,4,5,0,11
"4186","G0419","G0419_06","decreasing",7,1,6,3,10,5,1,6
"4187","G0419","G0419_07","decreasing",1,12,4,5,0,12,1,5
"4188","G0419","G0419_08","decreasing",6,21,18,9,8,11,7,6
"4189","G0419","G0419_09","decreasing",24,26,47,26,20,41,9,26
"4190","G0419","G0419_10","decreasing",1,0,1,1,1,1,0,1
"4191","G0420","G0420_01","inactive",4,2,6,4,3,5,1,2
"4192","G0420","G0420_02","inactive",2,0,5,2,4,1,1,3
"4193","G0420","G0420_03","inactive",14,20,24,22,16,25,4,15
"4194","G0420","G0420_04","inactive",5,11,29,11,15,20,8,20
"4195","G0420","G0420_05","inactive",14,13,10,8,16,21,2,15
"4196","G0420","G0420_06","inactive",3,7,11,10,9,13,4,11
"4197","G0420","G0420_07","inactive",2,1,4,3,4,9,3,2
"4198","G0420","G0420_08","inactive",4,8,1,6,3,3,0,10
"4199","G0420","G0420_09","inactive",0,0,2,7,1,1,1,5
"4200","G0420","G0420_10","inactive",19,25,24,14,31,37,11,16
"4201","G0421","G0421_01","inactive",6,5,8,4,6,10,3,9
"4202","G0421","G0421_02","inactive",36,49,83,54,40,61,20,53
"4203","G0421","G0421_03","inactive",23,24,45,25,23,32,7,40
"4204","G0421","G0421_04","inactive",19,24,26,36,16,55,14,48
"4205","G0421","G0421_05","inactive",20,34,31,16,21,34,11,32
"4206","G0421","G0421_06","inactive",5,12,9,7,14,21,2,13
"4207","G0421","G0421_07","inactive",4,6,7,2,2,11,7,8
"4208","G0421","G0421_08","inactive",10,11,12,7,5,11,6,12
"4209","G0421","G0421_09","inactive",4,9,11,3,0,10,4,2
"4210","G0421","G0421_10","inactive",19,25,40,27,18,36,10,24
"4211","G0422","G0422_01","inactive",29,42,48,40,57,77,16,49
"4212","G0422","G0422_02","inactive",6,5,16,12,10,13,0,8
"4213","G0422","G0422_03","inactive",4,3,5,8,5,4,1,5
"4214","G0422","G0422_04","inactive",10,2,5,6,3,4,0,7
"4215","G0422","G0422_05","inactive",19,23,45,10,19,27,18,24
"4216","G0422","G0422_06","inactive",7,8,5,8,12,14,2,4
"4217","G0422","G0422_07","inactive",3,9,9,3,9,10,1,1
"4218","G0422","G0422_08","inactive",13,28,36,25,22,30,13,36
"4219","G0422","G0422_09","inactive",8,6,10,14,7,10,5,13
"4220","G0422","G0422_10","inactive",8,16,20,20,16,26,7,21
"4221","G0423","G0423_01","inactive",0,2,2,2,0,5,3,3
"4222","G0423","G0423_02","inactive",4,3,12,3,6,6,4,6
"4223","G0423","G0423_03","inactive",4,7,18,10,11,8,3,8
"4224","G0423","G0423_04","inactive",9,28,43,24,29,44,16,21
"4225","G0423","G0423_05","inactive",6,4,4,2,9,7,1,8
"4226","G0423","G0423_06","inactive",0,1,1,0,2,1,3,0
"4227","G0423","G0423_07","inactive",0,7,8,1,9,8,3,4
"4228","G0423","G0423_08","inactive",8,8,11,5,10,8,6,8
"4229","G0423","G0423_09","inactive",4,2,0,3,3,3,0,2
"4230","G0423","G0423_10","inactive",3,2,4,9,0,7,3,5
"4231","G0424","G0424_01","inactive",1,4,7,10,6,3,1,4
"4232","G0424","G0424_02","inactive",5,10,16,13,6,13,8,14
"4233","G0424","G0424_03","inactive",0,5,5,2,1,5,1,6
"4234","G0424","G0424_04","inactive",1,14,9,8,4,11,4,9
"4235","G0424","G0424_05","inactive",8,8,12,9,7,14,2,5
"4236","G0424","G0424_06","inactive",1,1,1,5,0,3,3,9
"4237","G0424","G0424_07","inactive",1,0,0,3,0,3,0,0
"4238","G0424","G0424_08","inactive",17,10,30,14,21,26,5,22
"4239","G0424","G0424_09","inactive",12,16,24,20,22,31,7,15
"4240","G0424","G0424_10","inactive",2,24,12,5,3,27,4,4
"4241","G0425","G0425_01","decreasing",7,10,14,12,8,11,7,19
"4242","G0425","G0425_02","decreasing",1,0,0,3,4,2,1,3
"4243","G0425","G0425_03","decreasing",5,8,7,16,3,15,4,5
"4244","G0425","G0425_04","decreasing",7,2,6,8,7,3,1,4
"4245","G0425","G0425_05","decreasing",25,60,65,62,41,75,21,56
"4246","G0425","G0425_06","decreasing",6,2,10,2,3,2,7,2
"4247","G0425","G0425_07","decreasing",7,6,8,10,6,10,4,12
"4248","G0425","G0425_08","decreasing",3,7,6,5,6,6,4,3
"4249","G0425","G0425_09","decreasing",7,18,18,11,6,12,9,15
"4250","G0425","G0425_10","decreasing",6,7,9,5,3,4,1,2
"4251","G0426","G0426_01","negcontrol",1,2,6,1,1,0,2,4
"4252","G0426","G0426_02","negcontrol",1,4,6,1,2,3,2,2
"4253","G0426","G0426_03","negcontrol",5,5,7,2,5,7,2,1
"4254","G0426","G0426_04","negcontrol",4,2,6,14,7,4,2,5
"4255","G0426","G0426_05","negcontrol",0,1,1,1,4,1,1,1
"4256","G0426","G0426_06","negcontrol",5,2,11,8,4,7,6,12
"4257","G0426","G0426_07","negcontrol",5,2,3,3,1,3,1,6
"4258","G0426","G0426_08","negcontrol",4,3,8,4,7,5,8,12
"4259","G0426","G0426_09","negcontrol",12,10,15,11,6,9,10,24
"4260","G0426","G0426_10","negcontrol",9,8,10,7,8,6,1,7
"4261","G0427","G0427_01","inactive",10,9,28,13,14,15,7,15
"4262","G0427","G0427_02","inactive",3,3,4,3,2,4,2,8
"4263","G0427","G0427_03","inactive",6,9,16,10,11,19,5,14
"4264","G0427","G0427_04","inactive",8,11,10,7,14,24,4,15
"4265","G0427","G0427_05","inactive",3,6,25,10,3,17,5,11
"4266","G0427","G0427_06","inactive",14,25,28,21,13,33,10,17
"4267","G0427","G0427_07","inactive",8,12,10,7,19,14,3,16
"4268","G0427","G0427_08","inactive",13,22,32,9,23,39,12,16
"4269","G0427","G0427_09","inactive",4,7,2,5,0,7,2,8
"4270","G0427","G0427_10","inactive",8,1,3,0,12,1,1,1
"4271","G0428","G0428_01","inactive",1,6,8,6,0,9,4,8
"4272","G0428","G0428_02","inactive",2,4,4,5,4,3,1,6
"4273","G0428","G0428_03","inactive",45,53,55,57,39,87,24,67
"4274","G0428","G0428_04","inactive",6,10,13,7,10,13,6,17
"4275","G0428","G0428_05","inactive",10,7,9,9,14,13,5,19
"4276","G0428","G0428_06","inactive",12,8,16,16,12,13,5,23
"4277","G0428","G0428_07","inactive",3,4,9,1,3,11,4,3
"4278","G0428","G0428_08","inactive",0,2,3,3,1,13,2,5
"4279","G0428","G0428_09","inactive",1,1,13,7,1,5,8,8
"4280","G0428","G0428_10","inactive",19,35,40,29,40,61,11,36
"4281","G0429","G0429_01","decreasing",16,17,36,33,21,24,4,24
"4282","G0429","G0429_02","decreasing",38,53,64,61,36,53,14,46
"4283","G0429","G0429_03","decreasing",8,13,23,20,9,19,4,23
"4284","G0429","G0429_04","decreasing",1,5,9,1,2,5,3,3
"4285","G0429","G0429_05","decreasing",6,17,24,16,7,19,4,19
"4286","G0429","G0429_06","decreasing",14,13,29,21,11,16,4,15
"4287","G0429","G0429_07","decreasing",9,14,16,10,19,20,6,5
"4288","G0429","G0429_08","decreasing",12,19,33,26,25,22,5,18
"4289","G0429","G0429_09","decreasing",6,6,11,10,2,5,5,9
"4290","G0429","G0429_10","decreasing",8,10,14,7,6,7,6,11
"4291","G0430","G0430_01","inactive",12,16,22,19,18,16,6,24
"4292","G0430","G0430_02","inactive",5,5,11,6,6,7,3,5
"4293","G0430","G0430_03","inactive",3,4,7,3,13,5,2,10
"4294","G0430","G0430_04","inactive",5,3,8,3,6,0,3,5
"4295","G0430","G0430_05","inactive",4,10,10,3,3,8,1,12
"4296","G0430","G0430_06","inactive",8,16,10,5,11,14,4,10
"4297","G0430","G0430_07","inactive",2,6,0,1,3,5,0,3
"4298","G0430","G0430_08","inactive",9,8,50,16,13,25,16,23
"4299","G0430","G0430_09","inactive",7,9,15,9,12,15,6,6
"4300","G0430","G0430_10","inactive",14,14,29,22,20,34,7,28
"4301","G0431","G0431_01","inactive",27,30,56,27,38,52,26,38
"4302","G0431","G0431_02","inactive",5,4,7,5,4,10,4,4
"4303","G0431","G0431_03","inactive",18,22,29,18,21,24,12,26
"4304","G0431","G0431_04","inactive",5,3,5,5,5,7,4,4
"4305","G0431","G0431_05","inactive",6,5,5,6,2,7,1,8
"4306","G0431","G0431_06","inactive",9,23,34,19,11,22,8,30
"4307","G0431","G0431_07","inactive",0,1,7,5,3,6,3,6
"4308","G0431","G0431_08","inactive",39,43,76,36,38,63,13,58
"4309","G0431","G0431_09","inactive",9,5,7,12,16,16,6,12
"4310","G0431","G0431_10","inactive",9,19,12,16,10,21,4,19
"4311","G0432","G0432_01","inactive",3,14,21,6,13,40,7,15
"4312","G0432","G0432_02","inactive",4,4,7,9,4,12,2,9
"4313","G0432","G0432_03","inactive",10,15,13,13,5,7,11,7
"4314","G0432","G0432_04","inactive",6,6,12,7,9,8,4,6
"4315","G0432","G0432_05","inactive",5,9,6,4,7,18,0,11
"4316","G0432","G0432_06","inactive",4,12,7,3,6,10,3,13
"4317","G0432","G0432_07","inactive",13,20,18,10,14,18,4,24
"4318","G0432","G0432_08","inactive",2,4,10,6,0,13,4,5
"4319","G0432","G0432_09","inactive",8,15,8,10,5,10,2,11
"4320","G0432","G0432_10","inactive",3,11,5,1,5,7,2,5
"4321","G0433","G0433_01","inactive",2,6,10,8,5,10,1,9
"4322","G0433","G0433_02","inactive",18,15,30,11,18,19,10,19
"4323","G0433","G0433_03","inactive",4,10,7,6,2,17,4,10
"4324","G0433","G0433_04","inactive",5,4,8,2,5,8,3,8
"4325","G0433","G0433_05","inactive",6,6,5,4,6,7,4,4
"4326","G0433","G0433_06","inactive",11,6,19,11,13,20,7,23
"4327","G0433","G0433_07","inactive",34,22,51,32,51,42,9,28
"4328","G0433","G0433_08","inactive",3,5,6,5,5,15,1,7
"4329","G0433","G0433_09","inactive",15,16,13,9,11,17,5,14
"4330","G0433","G0433_10","inactive",5,6,5,2,8,12,1,3
"4331","G0434","G0434_01","decreasing",2,3,4,3,9,10,2,7
"4332","G0434","G0434_02","decreasing",3,4,4,3,8,1,0,2
"4333","G0434","G0434_03","decreasing",9,8,13,12,7,6,4,9
"4334","G0434","G0434_04","decreasing",4,6,22,5,8,7,1,2
"4335","G0434","G0434_05","decreasing",9,7,6,11,6,10,0,6
"4336","G0434","G0434_06","decreasing",7,14,16,5,16,18,7,16
"4337","G0434","G0434_07","decreasing",7,7,5,7,13,15,0,23
"4338","G0434","G0434_08","decreasing",36,45,68,53,38,54,13,65
"4339","G0434","G0434_09","decreasing",17,32,40,15,24,33,8,17
"4340","G0434","G0434_10","decreasing",2,8,12,9,6,13,2,12
"4341","G0435","G0435_01","inactive",11,11,12,14,11,22,5,13
"4342","G0435","G0435_02","inactive",4,3,11,6,4,18,4,2
"4343","G0435","G0435_03","inactive",7,12,23,12,10,17,6,18
"4344","G0435","G0435_04","inactive",5,7,3,4,5,5,0,5
"4345","G0435","G0435_05","inactive",11,19,30,23,26,21,7,17
"4346","G0435","G0435_06","inactive",11,17,22,15,24,27,9,17
"4347","G0435","G0435_07","inactive",5,12,10,12,10,10,9,8
"4348","G0435","G0435_08","inactive",12,14,9,20,18,21,4,14
"4349","G0435","G0435_09","inactive",30,34,59,40,32,55,13,52
"4350","G0435","G0435_10","inactive",6,2,9,9,9,7,2,14
"4351","G0436","G0436_01","inactive",13,24,42,13,26,48,11,23
"4352","G0436","G0436_02","inactive",11,8,41,16,15,24,10,31
"4353","G0436","G0436_03","inactive",6,10,10,9,5,12,5,13
"4354","G0436","G0436_04","inactive",4,10,15,10,16,15,5,15
"4355","G0436","G0436_05","inactive",16,16,23,19,15,21,10,26
"4356","G0436","G0436_06","inactive",12,10,27,18,23,32,14,32
"4357","G0436","G0436_07","inactive",8,10,13,6,14,22,5,5
"4358","G0436","G0436_08","inactive",5,3,7,2,11,5,3,6
"4359","G0436","G0436_09","inactive",7,5,5,9,2,8,2,11
"4360","G0436","G0436_10","inactive",13,12,19,17,13,15,9,24
"4361","G0437","G0437_01","decreasing",2,7,19,13,5,10,4,9
"4362","G0437","G0437_02","decreasing",20,21,38,26,12,25,4,26
"4363","G0437","G0437_03","decreasing",8,10,14,26,12,15,4,19
"4364","G0437","G0437_04","decreasing",47,59,85,60,60,79,22,52
"4365","G0437","G0437_05","decreasing",7,10,6,10,11,9,1,8
"4366","G0437","G0437_06","decreasing",0,1,0,0,2,1,0,0
"4367","G0437","G0437_07","decreasing",4,4,8,4,6,5,3,5
"4368","G0437","G0437_08","decreasing",8,14,11,10,6,15,5,9
"4369","G0437","G0437_09","decreasing",11,13,15,11,13,7,3,7
"4370","G0437","G0437_10","decreasing",27,16,37,14,18,20,13,11
"4371","G0438","G0438_01","inactive",7,11,6,9,11,6,8,10
"4372","G0438","G0438_02","inactive",2,3,3,8,3,2,3,5
"4373","G0438","G0438_03","inactive",22,16,12,19,16,24,7,30
"4374","G0438","G0438_04","inactive",0,0,4,2,3,4,3,3
"4375","G0438","G0438_05","inactive",9,19,16,15,20,16,7,22
"4376","G0438","G0438_06","inactive",5,8,29,14,33,27,5,15
"4377","G0438","G0438_07","inactive",10,8,20,12,21,24,6,23
"4378","G0438","G0438_08","inactive",5,5,11,6,8,10,1,7
"4379","G0438","G0438_09","inactive",2,10,15,9,10,11,5,19
"4380","G0438","G0438_10","inactive",6,8,5,2,13,5,1,11
"4381","G0439","G0439_01","inactive",2,7,7,6,2,12,4,7
"4382","G0439","G0439_02","inactive",5,3,3,0,0,4,0,3
"4383","G0439","G0439_03","inactive",9,9,21,15,5,23,5,21
"4384","G0439","G0439_04","inactive",4,14,13,4,6,5,4,18
"4385","G0439","G0439_05","inactive",6,10,14,4,7,19,5,7
"4386","G0439","G0439_06","inactive",5,6,14,8,1,16,7,6
"4387","G0439","G0439_07","inactive",9,26,21,17,14,33,6,23
"4388","G0439","G0439_08","inactive",16,32,44,27,28,40,11,30
"4389","G0439","G0439_09","inactive",12,25,34,30,27,39,9,31
"4390","G0439","G0439_10","inactive",3,13,6,2,4,11,1,6
"4391","G0440","G0440_01","increasing",9,12,21,12,15,37,10,24
"4392","G0440","G0440_02","increasing",1,4,12,0,3,9,6,7
"4393","G0440","G0440_03","increasing",3,10,18,7,9,8,1,11
"4394","G0440","G0440_04","increasing",4,8,6,2,5,7,2,3
"4395","G0440","G0440_05","increasing",2,1,2,5,2,5,1,6
"4396","G0440","G0440_06","increasing",14,14,41,20,19,32,8,35
"4397","G0440","G0440_07","increasing",1,3,16,10,12,3,11,24
"4398","G0440","G0440_08","increasing",4,6,6,4,6,7,1,6
"4399","G0440","G0440_09","increasing",4,11,12,4,6,14,4,11
"4400","G0440","G0440_10","increasing",10,8,18,13,14,19,9,19
"4401","G0441","G0441_01","inactive",23,16,56,36,36,32,22,32
"4402","G0441","G0441_02","inactive",6,3,5,5,7,3,7,9
"4403","G0441","G0441_03","inactive",8,10,15,5,14,9,11,14
"4404","G0441","G0441_04","inactive",5,14,26,10,12,10,5,18
"4405","G0441","G0441_05","inactive",3,2,10,10,4,13,0,10
"4406","G0441","G0441_06","inactive",2,11,6,3,0,9,1,5
"4407","G0441","G0441_07","inactive",4,2,11,2,10,13,5,9
"4408","G0441","G0441_08","inactive",4,2,4,2,4,3,5,6
"4409","G0441","G0441_09","inactive",11,11,20,10,13,29,6,12
"4410","G0441","G0441_10","inactive",4,3,9,7,3,5,5,5
"4411","G0442","G0442_01","inactive",9,16,14,22,15,22,7,25
"4412","G0442","G0442_02","inactive",3,3,2,2,1,5,0,3
"4413","G0442","G0442_03","inactive",4,12,8,7,4,11,2,8
"4414","G0442","G0442_04","inactive",6,11,14,4,9,9,4,8
"4415","G0442","G0442_05","inactive",18,27,54,49,30,38,16,51
"4416","G0442","G0442_06","inactive",6,16,19,15,2,18,5,18
"4417","G0442","G0442_07","inactive",4,2,9,3,5,2,2,2
"4418","G0442","G0442_08","inactive",6,14,11,3,5,15,7,15
"4419","G0442","G0442_09","inactive",7,9,17,11,1,6,3,10
"4420","G0442","G0442_10","inactive",8,20,26,11,9,19,8,13
"4421","G0443","G0443_01","inactive",3,5,3,3,8,4,1,4
"4422","G0443","G0443_02","inactive",5,9,19,10,15,14,3,15
"4423","G0443","G0443_03","inactive",1,9,13,8,2,18,4,13
"4424","G0443","G0443_04","inactive",4,0,2,6,8,3,2,4
"4425","G0443","G0443_05","inactive",1,6,8,0,3,8,0,0
"4426","G0443","G0443_06","inactive",21,23,47,33,24,34,12,34
"4427","G0443","G0443_07","inactive",11,25,36,22,15,29,7,15
"4428","G0443","G0443_08","inactive",8,7,12,8,16,14,11,10
"4429","G0443","G0443_09","inactive",15,8,24,27,25,29,8,22
"4430","G0443","G0443_10","inactive",3,3,4,3,7,17,4,4
"4431","G0444","G0444_01","increasing",4,4,12,5,7,11,2,5
"4432","G0444","G0444_02","increasing",5,8,10,8,9,20,3,14
"4433","G0444","G0444_03","increasing",2,2,1,0,1,3,2,1
"4434","G0444","G0444_04","increasing",6,13,17,13,12,35,7,19
"4435","G0444","G0444_05","increasing",6,7,7,9,10,17,5,17
"4436","G0444","G0444_06","increasing",1,7,4,8,9,9,2,11
"4437","G0444","G0444_07","increasing",18,25,31,22,27,52,15,35
"4438","G0444","G0444_08","increasing",2,1,6,10,5,5,1,9
"4439","G0444","G0444_09","increasing",11,4,18,7,11,11,8,22
"4440","G0444","G0444_10","increasing",1,3,3,3,1,10,6,6
"4441","G0445","G0445_01","decreasing",6,17,19,6,4,14,1,6
"4442","G0445","G0445_02","decreasing",13,16,32,11,8,13,5,7
"4443","G0445","G0445_03","decreasing",19,18,37,12,16,14,5,15
"4444","G0445","G0445_04","decreasing",3,6,13,2,2,2,1,1
"4445","G0445","G0445_05","decreasing",7,7,9,4,5,5,0,3
"4446","G0445","G0445_06","decreasing",4,21,19,10,16,26,7,21
"4447","G0445","G0445_07","decreasing",10,12,17,9,7,11,2,8
"4448","G0445","G0445_08","decreasing",20,23,50,16,18,25,11,14
"4449","G0445","G0445_09","decreasing",3,8,13,13,6,9,2,7
"4450","G0445","G0445_10","decreasing",1,6,18,8,2,13,6,5
"4451","G0446","G0446_01","inactive",0,3,3,1,1,2,2,2
"4452","G0446","G0446_02","inactive",13,12,24,21,14,30,8,28
"4453","G0446","G0446_03","inactive",29,30,45,23,29,39,21,39
"4454","G0446","G0446_04","inactive",4,5,8,6,3,8,2,11
"4455","G0446","G0446_05","inactive",3,6,15,14,10,11,5,8
"4456","G0446","G0446_06","inactive",5,13,13,10,10,31,7,12
"4457","G0446","G0446_07","inactive",5,7,9,5,4,2,3,7
"4458","G0446","G0446_08","inactive",22,25,39,28,28,51,12,42
"4459","G0446","G0446_09","inactive",2,4,1,0,1,1,1,2
"4460","G0446","G0446_10","inactive",4,5,8,4,7,13,0,4
"4461","G0447","G0447_01","inactive",1,4,8,8,0,7,3,5
"4462","G0447","G0447_02","inactive",3,4,8,6,7,13,4,15
"4463","G0447","G0447_03","inactive",4,4,8,6,2,2,4,2
"4464","G0447","G0447_04","inactive",26,18,30,30,25,33,10,32
"4465","G0447","G0447_05","inactive",4,2,11,9,7,4,3,13
"4466","G0447","G0447_06","inactive",5,8,11,8,6,8,2,11
"4467","G0447","G0447_07","inactive",7,18,31,13,8,33,8,24
"4468","G0447","G0447_08","inactive",9,12,22,15,10,23,7,16
"4469","G0447","G0447_09","inactive",3,0,1,2,4,1,0,4
"4470","G0447","G0447_10","inactive",0,2,3,1,1,6,3,5
"4471","G0448","G0448_01","inactive",2,0,11,6,3,3,2,11
"4472","G0448","G0448_02","inactive",11,22,21,12,28,26,3,30
"4473","G0448","G0448_03","inactive",6,7,21,11,12,16,5,18
"4474","G0448","G0448_04","inactive",10,20,7,7,15,36,4,9
"4475","G0448","G0448_05","inactive",0,5,3,6,6,5,6,8
"4476","G0448","G0448_06","inactive",23,22,47,22,31,40,9,34
"4477","G0448","G0448_07","inactive",2,10,8,6,8,17,2,10
"4478","G0448","G0448_08","inactive",2,9,9,1,7,13,2,9
"4479","G0448","G0448_09","inactive",6,3,5,6,5,3,0,3
"4480","G0448","G0448_10","inactive",12,14,17,16,14,23,2,21
"4481","G0449","G0449_01","inactive",4,8,7,4,8,9,6,10
"4482","G0449","G0449_02","inactive",4,4,13,11,5,7,1,21
"4483","G0449","G0449_03","inactive",2,9,5,6,5,10,2,6
"4484","G0449","G0449_04","inactive",8,6,5,1,5,8,3,0
"4485","G0449","G0449_05","inactive",1,0,4,5,1,1,4,6
"4486","G0449","G0449_06","inactive",1,5,7,3,3,0,1,7
"4487","G0449","G0449_07","inactive",10,4,12,4,12,11,3,7
"4488","G0449","G0449_08","inactive",8,14,11,9,8,9,5,6
"4489","G0449","G0449_09","inactive",10,11,19,14,6,18,6,14
"4490","G0449","G0449_10","inactive",9,3,8,11,10,12,3,9
"4491","G0450","G0450_01","inactive",9,5,3,3,15,7,2,8
"4492","G0450","G0450_02","inactive",0,7,14,11,8,9,2,9
"4493","G0450","G0450_03","inactive",6,18,14,13,18,22,5,18
"4494","G0450","G0450_04","inactive",11,10,21,18,22,12,7,10
"4495","G0450","G0450_05","inactive",3,5,3,11,8,8,4,9
"4496","G0450","G0450_06","inactive",1,2,2,4,4,11,4,5
"4497","G0450","G0450_07","inactive",4,2,4,0,1,5,3,1
"4498","G0450","G0450_08","inactive",2,8,6,6,9,13,4,5
"4499","G0450","G0450_09","inactive",12,7,22,2,10,13,1,7
"4500","G0450","G0450_10","inactive",7,10,14,7,10,18,5,11
"4501","G0451","G0451_01","inactive",16,14,13,12,18,24,8,33
"4502","G0451","G0451_02","inactive",3,2,6,10,1,4,3,9
"4503","G0451","G0451_03","inactive",3,7,12,5,5,13,3,12
"4504","G0451","G0451_04","inactive",4,19,7,17,8,9,1,9
"4505","G0451","G0451_05","inactive",9,10,10,8,8,22,8,13
"4506","G0451","G0451_06","inactive",0,1,2,0,0,4,0,0
"4507","G0451","G0451_07","inactive",1,0,3,4,4,2,0,10
"4508","G0451","G0451_08","inactive",9,10,14,22,16,16,4,37
"4509","G0451","G0451_09","inactive",6,8,15,12,13,20,8,9
"4510","G0451","G0451_10","inactive",6,8,18,11,6,18,6,23
"4511","G0452","G0452_01","inactive",4,6,12,7,10,28,2,11
"4512","G0452","G0452_02","inactive",20,19,41,21,30,46,9,30
"4513","G0452","G0452_03","inactive",1,10,9,5,5,7,2,6
"4514","G0452","G0452_04","inactive",11,6,4,15,13,15,1,10
"4515","G0452","G0452_05","inactive",4,7,11,9,5,15,9,8
"4516","G0452","G0452_06","inactive",0,3,5,2,1,6,3,7
"4517","G0452","G0452_07","inactive",3,5,8,8,7,9,3,9
"4518","G0452","G0452_08","inactive",6,1,6,4,1,3,2,2
"4519","G0452","G0452_09","inactive",13,11,25,9,15,23,9,15
"4520","G0452","G0452_10","inactive",9,1,22,10,4,15,6,12
"4521","G0453","G0453_01","inactive",3,9,8,7,6,9,0,10
"4522","G0453","G0453_02","inactive",9,12,14,11,7,29,10,11
"4523","G0453","G0453_03","inactive",3,13,16,7,5,25,8,16
"4524","G0453","G0453_04","inactive",5,13,17,18,3,22,7,18
"4525","G0453","G0453_05","inactive",5,17,8,8,12,16,6,11
"4526","G0453","G0453_06","inactive",4,9,23,10,7,10,6,14
"4527","G0453","G0453_07","inactive",4,8,17,14,5,12,9,13
"4528","G0453","G0453_08","inactive",20,22,27,15,18,31,7,13
"4529","G0453","G0453_09","inactive",2,0,0,0,1,4,0,6
"4530","G0453","G0453_10","inactive",1,4,1,2,0,9,0,4
"4531","G0454","G0454_01","increasing",7,15,11,5,10,28,5,8
"4532","G0454","G0454_02","increasing",3,1,9,3,3,9,3,3
"4533","G0454","G0454_03","increasing",2,9,4,3,8,3,1,3
"4534","G0454","G0454_04","increasing",4,8,7,6,10,13,3,7
"4535","G0454","G0454_05","increasing",7,9,12,17,13,12,4,19
"4536","G0454","G0454_06","increasing",8,19,21,12,26,26,15,31
"4537","G0454","G0454_07","increasing",7,8,14,12,16,20,6,24
"4538","G0454","G0454_08","increasing",5,8,7,3,3,9,2,10
"4539","G0454","G0454_09","increasing",3,8,9,2,6,13,5,3
"4540","G0454","G0454_10","increasing",4,6,4,1,2,8,2,4
"4541","G0455","G0455_01","inactive",8,14,11,6,15,21,3,9
"4542","G0455","G0455_02","inactive",6,3,10,6,9,12,2,4
"4543","G0455","G0455_03","inactive",5,6,0,8,2,9,3,7
"4544","G0455","G0455_04","inactive",1,8,13,9,4,6,2,13
"4545","G0455","G0455_05","inactive",1,2,2,2,2,3,0,6
"4546","G0455","G0455_06","inactive",18,47,50,19,47,54,13,35
"4547","G0455","G0455_07","inactive",5,9,7,2,6,2,2,5
"4548","G0455","G0455_08","inactive",3,13,11,7,9,4,2,9
"4549","G0455","G0455_09","inactive",20,38,36,31,32,65,11,42
"4550","G0455","G0455_10","inactive",2,2,6,5,2,7,0,3
"4551","G0456","G0456_01","inactive",7,7,8,0,5,5,1,5
"4552","G0456","G0456_02","inactive",2,5,0,2,11,6,2,2
"4553","G0456","G0456_03","inactive",7,2,7,4,8,2,2,12
"4554","G0456","G0456_04","inactive",2,8,9,6,8,5,1,4
"4555","G0456","G0456_05","inactive",6,9,23,11,28,7,6,10
"4556","G0456","G0456_06","inactive",1,4,5,9,4,4,6,8
"4557","G0456","G0456_07","inactive",7,16,17,14,11,23,13,13
"4558","G0456","G0456_08","inactive",8,7,20,14,7,20,5,13
"4559","G0456","G0456_09","inactive",8,4,16,8,11,1,7,12
"4560","G0456","G0456_10","inactive",12,17,28,14,19,34,9,20
"4561","G0457","G0457_01","inactive",15,25,27,7,33,34,6,11
"4562","G0457","G0457_02","inactive",3,14,12,2,4,18,4,4
"4563","G0457","G0457_03","inactive",3,3,10,1,9,7,4,6
"4564","G0457","G0457_04","inactive",9,25,41,18,15,49,8,25
"4565","G0457","G0457_05","inactive",12,23,13,5,9,30,9,10
"4566","G0457","G0457_06","inactive",5,6,18,7,13,8,7,14
"4567","G0457","G0457_07","inactive",11,24,41,14,12,28,7,25
"4568","G0457","G0457_08","inactive",4,12,17,10,12,26,3,10
"4569","G0457","G0457_09","inactive",2,0,0,1,4,1,1,2
"4570","G0457","G0457_10","inactive",4,16,10,14,11,16,4,16
"4571","G0458","G0458_01","inactive",18,27,41,10,26,50,11,13
"4572","G0458","G0458_02","inactive",16,23,24,19,19,23,6,23
"4573","G0458","G0458_03","inactive",2,9,13,8,3,11,2,13
"4574","G0458","G0458_04","inactive",3,10,19,7,3,14,7,8
"4575","G0458","G0458_05","inactive",1,0,5,2,0,2,1,3
"4576","G0458","G0458_06","inactive",6,16,19,21,6,22,6,17
"4577","G0458","G0458_07","inactive",3,0,0,1,4,1,0,3
"4578","G0458","G0458_08","inactive",5,5,11,6,10,7,5,10
"4579","G0458","G0458_09","inactive",3,8,14,2,2,2,5,5
"4580","G0458","G0458_10","inactive",4,2,9,10,10,13,3,7
"4581","G0459","G0459_01","inactive",6,1,8,15,7,6,6,22
"4582","G0459","G0459_02","inactive",2,0,3,0,1,5,2,0
"4583","G0459","G0459_03","inactive",6,6,13,5,7,9,1,9
"4584","G0459","G0459_04","inactive",6,11,15,7,19,11,10,10
"4585","G0459","G0459_05","inactive",0,6,2,4,1,4,1,8
"4586","G0459","G0459_06","inactive",3,2,4,1,5,2,2,2
"4587","G0459","G0459_07","inactive",0,3,5,3,3,10,0,6
"4588","G0459","G0459_08","inactive",3,2,13,1,9,9,1,4
"4589","G0459","G0459_09","inactive",4,6,13,20,2,6,4,21
"4590","G0459","G0459_10","inactive",6,13,19,5,16,15,7,7
"4591","G0460","G0460_01","inactive",17,19,20,16,23,23,1,15
"4592","G0460","G0460_02","inactive",11,10,17,2,8,11,4,11
"4593","G0460","G0460_03","inactive",7,6,12,8,11,7,0,7
"4594","G0460","G0460_04","inactive",4,9,12,13,17,21,10,16
"4595","G0460","G0460_05","inactive",15,22,15,26,32,27,8,29
"4596","G0460","G0460_06","inactive",9,10,4,1,9,10,4,15
"4597","G0460","G0460_07","inactive",3,3,0,2,4,11,3,6
"4598","G0460","G0460_08","inactive",22,18,32,23,22,32,4,45
"4599","G0460","G0460_09","inactive",2,7,6,5,6,6,1,8
"4600","G0460","G0460_10","inactive",3,9,2,9,7,9,1,5
"4601","G0461","G0461_01","inactive",2,0,2,0,2,8,2,4
"4602","G0461","G0461_02","inactive",3,4,9,11,6,6,4,13
"4603","G0461","G0461_03","inactive",13,22,14,17,6,19,8,17
"4604","G0461","G0461_04","inactive",6,12,33,9,10,32,5,21
"4605","G0461","G0461_05","inactive",5,3,9,9,5,3,0,8
"4606","G0461","G0461_06","inactive",2,3,10,6,6,7,4,14
"4607","G0461","G0461_07","inactive",0,0,1,1,0,3,0,2
"4608","G0461","G0461_08","inactive",4,4,21,13,5,10,11,8
"4609","G0461","G0461_09","inactive",12,13,26,21,19,46,13,22
"4610","G0461","G0461_10","inactive",11,13,5,11,13,15,3,15
"4611","G0462","G0462_01","inactive",11,6,10,6,24,9,2,15
"4612","G0462","G0462_02","inactive",4,9,9,1,6,3,1,5
"4613","G0462","G0462_03","inactive",1,4,1,0,1,1,1,1
"4614","G0462","G0462_04","inactive",4,5,8,2,7,13,5,4
"4615","G0462","G0462_05","inactive",11,9,9,9,9,11,10,4
"4616","G0462","G0462_06","inactive",0,0,4,4,0,0,1,4
"4617","G0462","G0462_07","inactive",6,23,19,20,18,34,9,17
"4618","G0462","G0462_08","inactive",8,11,20,10,3,18,7,16
"4619","G0462","G0462_09","inactive",14,12,34,28,12,16,11,11
"4620","G0462","G0462_10","inactive",3,3,14,7,6,2,3,4
"4621","G0463","G0463_01","inactive",9,12,10,4,13,11,6,10
"4622","G0463","G0463_02","inactive",5,10,9,3,4,6,1,7
"4623","G0463","G0463_03","inactive",14,24,39,15,34,34,13,17
"4624","G0463","G0463_04","inactive",6,15,36,12,12,23,15,17
"4625","G0463","G0463_05","inactive",2,6,4,6,6,9,2,8
"4626","G0463","G0463_06","inactive",8,12,13,9,9,19,1,10
"4627","G0463","G0463_07","inactive",18,29,46,32,29,40,11,28
"4628","G0463","G0463_08","inactive",3,2,30,14,14,19,9,11
"4629","G0463","G0463_09","inactive",1,3,7,1,4,3,4,5
"4630","G0463","G0463_10","inactive",1,4,2,8,7,4,5,8
"4631","G0464","G0464_01","inactive",10,24,9,13,14,36,2,20
"4632","G0464","G0464_02","inactive",5,7,12,6,7,12,2,8
"4633","G0464","G0464_03","inactive",20,26,37,17,34,27,11,17
"4634","G0464","G0464_04","inactive",9,12,27,21,14,26,10,18
"4635","G0464","G0464_05","inactive",4,6,24,15,15,15,7,19
"4636","G0464","G0464_06","inactive",9,9,14,5,8,9,2,11
"4637","G0464","G0464_07","inactive",15,18,31,22,13,25,14,41
"4638","G0464","G0464_08","inactive",8,2,10,8,4,6,2,8
"4639","G0464","G0464_09","inactive",8,11,10,8,6,26,5,16
"4640","G0464","G0464_10","inactive",8,4,23,13,11,12,8,26
"4641","G0465","G0465_01","inactive",6,22,19,10,10,16,6,17
"4642","G0465","G0465_02","inactive",3,9,8,2,6,8,1,4
"4643","G0465","G0465_03","inactive",6,11,16,1,7,22,6,9
"4644","G0465","G0465_04","inactive",9,10,11,10,10,8,3,12
"4645","G0465","G0465_05","inactive",6,9,6,9,6,17,6,12
"4646","G0465","G0465_06","inactive",2,1,8,5,7,2,2,2
"4647","G0465","G0465_07","inactive",5,5,6,8,4,4,2,7
"4648","G0465","G0465_08","inactive",4,4,16,5,10,7,7,6
"4649","G0465","G0465_09","inactive",24,26,39,24,34,50,11,29
"4650","G0465","G0465_10","inactive",11,10,16,15,20,21,9,19
"4651","G0466","G0466_01","inactive",0,4,2,3,7,3,0,7
"4652","G0466","G0466_02","inactive",2,1,0,5,0,1,0,6
"4653","G0466","G0466_03","inactive",17,7,20,10,13,15,8,11
"4654","G0466","G0466_04","inactive",1,0,2,1,1,0,2,1
"4655","G0466","G0466_05","inactive",11,14,25,15,16,10,6,13
"4656","G0466","G0466_06","inactive",8,11,10,10,23,17,4,13
"4657","G0466","G0466_07","inactive",1,4,4,1,1,6,1,3
"4658","G0466","G0466_08","inactive",2,9,2,1,5,6,3,6
"4659","G0466","G0466_09","inactive",31,33,59,36,40,35,26,62
"4660","G0466","G0466_10","inactive",0,0,7,1,2,1,3,2
"4661","G0467","G0467_01","inactive",2,4,0,0,3,2,0,1
"4662","G0467","G0467_02","inactive",4,3,5,9,7,15,3,13
"4663","G0467","G0467_03","inactive",24,31,41,37,33,40,12,42
"4664","G0467","G0467_04","inactive",16,13,15,4,16,17,7,9
"4665","G0467","G0467_05","inactive",5,6,12,10,7,10,7,21
"4666","G0467","G0467_06","inactive",4,3,11,6,8,13,3,8
"4667","G0467","G0467_07","inactive",10,17,13,13,19,16,3,11
"4668","G0467","G0467_08","inactive",4,6,22,11,7,9,9,10
"4669","G0467","G0467_09","inactive",9,6,13,7,5,15,10,6
"4670","G0467","G0467_10","inactive",6,5,18,8,7,9,3,26
"4671","G0468","G0468_01","inactive",4,7,11,12,8,10,2,8
"4672","G0468","G0468_02","inactive",2,7,2,6,1,4,3,4
"4673","G0468","G0468_03","inactive",1,6,4,0,1,10,0,2
"4674","G0468","G0468_04","inactive",3,8,5,10,8,5,1,4
"4675","G0468","G0468_05","inactive",15,10,32,12,16,15,8,20
"4676","G0468","G0468_06","inactive",12,13,25,23,20,17,4,24
"4677","G0468","G0468_07","inactive",3,3,10,2,3,8,0,4
"4678","G0468","G0468_08","inactive",31,40,59,43,32,60,13,56
"4679","G0468","G0468_09","inactive",1,4,5,5,2,6,1,6
"4680","G0468","G0468_10","inactive",1,6,7,1,7,8,0,4
"4681","G0469","G0469_01","inactive",25,33,46,21,23,35,16,41
"4682","G0469","G0469_02","inactive",7,11,23,8,6,15,2,6
"4683","G0469","G0469_03","inactive",4,6,10,5,9,6,2,11
"4684","G0469","G0469_04","inactive",15,19,21,13,9,18,11,23
"4685","G0469","G0469_05","inactive",11,20,28,10,17,24,7,13
"4686","G0469","G0469_06","inactive",3,5,8,7,6,10,5,7
"4687","G0469","G0469_07","inactive",18,24,34,28,19,30,18,44
"4688","G0469","G0469_08","inactive",8,9,10,8,14,11,6,6
"4689","G0469","G0469_09","inactive",2,7,11,7,2,8,3,3
"4690","G0469","G0469_10","inactive",11,5,16,10,20,14,2,4
"4691","G0470","G0470_01","inactive",4,5,2,5,5,2,1,9
"4692","G0470","G0470_02","inactive",5,13,20,17,11,16,5,23
"4693","G0470","G0470_03","inactive",2,3,11,4,1,4,4,7
"4694","G0470","G0470_04","inactive",4,9,15,10,9,8,1,16
"4695","G0470","G0470_05","inactive",7,4,25,10,7,12,6,16
"4696","G0470","G0470_06","inactive",8,6,22,10,7,17,5,16
"4697","G0470","G0470_07","inactive",5,6,15,15,8,12,7,15
"4698","G0470","G0470_08","inactive",2,2,6,4,7,9,3,4
"4699","G0470","G0470_09","inactive",0,0,1,0,0,0,0,0
"4700","G0470","G0470_10","inactive",10,12,28,18,7,11,10,16
"4701","G0471","G0471_01","inactive",1,4,21,10,12,12,5,17
"4702","G0471","G0471_02","inactive",6,7,11,7,6,17,6,12
"4703","G0471","G0471_03","inactive",3,6,3,6,4,9,1,4
"4704","G0471","G0471_04","inactive",2,0,7,4,4,2,2,8
"4705","G0471","G0471_05","inactive",2,12,8,2,8,13,5,2
"4706","G0471","G0471_06","inactive",4,11,14,13,6,19,3,13
"4707","G0471","G0471_07","inactive",3,5,6,1,3,6,2,2
"4708","G0471","G0471_08","inactive",3,1,3,4,5,0,2,1
"4709","G0471","G0471_09","inactive",0,3,5,7,1,5,4,4
"4710","G0471","G0471_10","inactive",7,12,11,6,12,24,9,11
"4711","G0472","G0472_01","decreasing",5,8,11,11,12,5,3,4
"4712","G0472","G0472_02","decreasing",2,2,10,6,2,6,6,5
"4713","G0472","G0472_03","decreasing",2,5,11,3,2,6,4,2
"4714","G0472","G0472_04","decreasing",8,10,19,26,10,11,6,14
"4715","G0472","G0472_05","decreasing",12,7,21,14,10,16,6,10
"4716","G0472","G0472_06","decreasing",4,12,30,16,7,19,10,13
"4717","G0472","G0472_07","decreasing",2,13,14,10,5,12,1,12
"4718","G0472","G0472_08","decreasing",27,34,34,43,29,38,11,60
"4719","G0472","G0472_09","decreasing",1,2,5,0,3,6,2,1
"4720","G0472","G0472_10","decreasing",10,13,11,26,13,18,1,22
"4721","G0473","G0473_01","decreasing",18,17,31,22,14,17,10,18
"4722","G0473","G0473_02","decreasing",11,10,24,15,9,20,1,14
"4723","G0473","G0473_03","decreasing",9,11,10,10,3,16,5,12
"4724","G0473","G0473_04","decreasing",2,0,2,0,3,4,1,0
"4725","G0473","G0473_05","decreasing",0,1,4,0,0,0,0,0
"4726","G0473","G0473_06","decreasing",11,26,25,13,5,32,1,8
"4727","G0473","G0473_07","decreasing",10,7,6,6,5,7,1,5
"4728","G0473","G0473_08","decreasing",11,17,23,8,6,15,5,16
"4729","G0473","G0473_09","decreasing",11,12,18,24,12,11,2,15
"4730","G0473","G0473_10","decreasing",2,5,11,4,2,11,2,7
"4731","G0474","G0474_01","inactive",1,4,6,5,3,2,3,4
"4732","G0474","G0474_02","inactive",4,5,13,11,7,3,5,14
"4733","G0474","G0474_03","inactive",6,16,14,3,8,8,6,10
"4734","G0474","G0474_04","inactive",3,4,7,8,8,4,2,12
"4735","G0474","G0474_05","inactive",5,7,18,11,13,19,3,17
"4736","G0474","G0474_06","inactive",9,11,12,8,13,17,5,17
"4737","G0474","G0474_07","inactive",10,15,15,11,14,15,4,18
"4738","G0474","G0474_08","inactive",9,6,13,8,6,5,5,7
"4739","G0474","G0474_09","inactive",4,5,7,6,5,8,2,8
"4740","G0474","G0474_10","inactive",0,1,5,4,6,3,0,5
"4741","G0475","G0475_01","negcontrol",8,0,9,12,14,5,6,10
"4742","G0475","G0475_02","negcontrol",1,1,1,5,0,4,1,4
"4743","G0475","G0475_03","negcontrol",6,9,20,12,10,16,5,18
"4744","G0475","G0475_04","negcontrol",3,2,5,4,8,6,4,4
"4745","G0475","G0475_05","negcontrol",8,9,9,5,7,12,3,5
"4746","G0475","G0475_06","negcontrol",6,9,9,5,7,5,2,5
"4747","G0475","G0475_07","negcontrol",5,10,9,8,12,20,2,17
"4748","G0475","G0475_08","negcontrol",10,17,20,15,12,27,3,15
"4749","G0475","G0475_09","negcontrol",2,1,10,4,2,3,3,6
"4750","G0475","G0475_10","negcontrol",7,15,16,18,8,26,5,19
"4751","G0476","G0476_01","inactive",0,2,2,7,2,2,0,3
"4752","G0476","G0476_02","inactive",4,8,3,3,16,8,3,7
"4753","G0476","G0476_03","inactive",4,11,10,13,10,17,1,10
"4754","G0476","G0476_04","inactive",2,3,3,6,3,2,0,10
"4755","G0476","G0476_05","inactive",2,3,3,2,4,5,1,2
"4756","G0476","G0476_06","inactive",20,15,19,18,24,33,6,14
"4757","G0476","G0476_07","inactive",15,33,38,24,20,57,10,33
"4758","G0476","G0476_08","inactive",0,4,1,5,1,4,1,4
"4759","G0476","G0476_09","inactive",14,19,41,25,13,39,13,33
"4760","G0476","G0476_10","inactive",26,26,44,34,32,40,14,41
"4761","G0477","G0477_01","inactive",3,1,8,3,6,3,2,11
"4762","G0477","G0477_02","inactive",1,7,5,3,1,6,5,4
"4763","G0477","G0477_03","inactive",7,2,15,7,5,5,3,12
"4764","G0477","G0477_04","inactive",6,9,12,8,6,14,5,5
"4765","G0477","G0477_05","inactive",0,1,11,6,2,2,4,5
"4766","G0477","G0477_06","inactive",9,7,15,13,9,4,3,9
"4767","G0477","G0477_07","inactive",3,4,2,9,1,4,1,7
"4768","G0477","G0477_08","inactive",3,4,5,5,2,5,1,7
"4769","G0477","G0477_09","inactive",9,2,13,5,10,5,2,3
"4770","G0477","G0477_10","inactive",2,5,14,2,2,10,5,14
"4771","G0478","G0478_01","decreasing",3,0,4,6,4,2,0,5
"4772","G0478","G0478_02","decreasing",0,0,4,0,1,0,1,0
"4773","G0478","G0478_03","decreasing",13,21,19,26,13,29,7,29
"4774","G0478","G0478_04","decreasing",1,7,9,4,1,3,3,1
"4775","G0478","G0478_05","decreasing",6,2,2,3,8,3,1,7
"4776","G0478","G0478_06","decreasing",6,8,13,9,6,15,8,17
"4777","G0478","G0478_07","decreasing",27,39,86,50,40,49,26,65
"4778","G0478","G0478_08","decreasing",11,13,34,14,11,16,3,17
"4779","G0478","G0478_09","decreasing",4,7,6,4,3,2,2,7
"4780","G0478","G0478_10","decreasing",1,4,6,4,1,3,4,2
"4781","G0479","G0479_01","negcontrol",13,6,5,0,7,9,0,5
"4782","G0479","G0479_02","negcontrol",2,6,7,6,1,6,3,5
"4783","G0479","G0479_03","negcontrol",7,6,10,11,7,10,1,14
"4784","G0479","G0479_04","negcontrol",10,13,27,11,11,18,8,17
"4785","G0479","G0479_05","negcontrol",5,13,18,14,3,19,4,11
"4786","G0479","G0479_06","negcontrol",2,12,10,4,2,19,0,11
"4787","G0479","G0479_07","negcontrol",5,6,15,9,4,19,1,11
"4788","G0479","G0479_08","negcontrol",1,4,3,1,1,5,4,3
"4789","G0479","G0479_09","negcontrol",10,10,9,6,10,10,3,14
"4790","G0479","G0479_10","negcontrol",4,7,8,3,0,7,4,3
"4791","G0480","G0480_01","inactive",10,9,20,18,15,22,4,17
"4792","G0480","G0480_02","inactive",6,7,18,9,10,15,5,14
"4793","G0480","G0480_03","inactive",1,1,13,8,2,4,3,5
"4794","G0480","G0480_04","inactive",2,1,5,0,4,1,2,1
"4795","G0480","G0480_05","inactive",7,18,19,15,11,22,10,17
"4796","G0480","G0480_06","inactive",3,8,11,0,8,20,6,5
"4797","G0480","G0480_07","inactive",2,8,12,11,7,2,3,11
"4798","G0480","G0480_08","inactive",13,8,22,17,21,12,7,24
"4799","G0480","G0480_09","inactive",23,18,37,14,22,29,17,20
"4800","G0480","G0480_10","inactive",6,20,10,8,12,18,3,19
"4801","G0481","G0481_01","negcontrol",7,8,16,9,10,9,8,4
"4802","G0481","G0481_02","negcontrol",7,14,26,5,11,21,4,8
"4803","G0481","G0481_03","negcontrol",15,6,13,5,12,19,6,12
"4804","G0481","G0481_04","negcontrol",0,7,24,8,8,37,0,9
"4805","G0481","G0481_05","negcontrol",17,30,43,27,17,50,8,35
"4806","G0481","G0481_06","negcontrol",3,5,21,17,16,15,8,7
"4807","G0481","G0481_07","negcontrol",5,1,0,2,5,4,1,4
"4808","G0481","G0481_08","negcontrol",9,14,21,12,14,19,12,23
"4809","G0481","G0481_09","negcontrol",8,3,12,8,5,7,6,15
"4810","G0481","G0481_10","negcontrol",0,4,5,0,1,2,0,1
"4811","G0482","G0482_01","inactive",10,9,15,2,10,21,10,8
"4812","G0482","G0482_02","inactive",12,9,15,4,12,14,2,7
"4813","G0482","G0482_03","inactive",22,23,44,26,28,42,18,45
"4814","G0482","G0482_04","inactive",6,9,17,8,12,11,6,9
"4815","G0482","G0482_05","inactive",5,18,22,17,20,18,2,36
"4816","G0482","G0482_06","inactive",2,8,7,4,5,12,2,8
"4817","G0482","G0482_07","inactive",12,15,26,15,8,29,3,19
"4818","G0482","G0482_08","inactive",1,5,12,4,0,10,3,2
"4819","G0482","G0482_09","inactive",9,12,9,8,12,11,4,7
"4820","G0482","G0482_10","inactive",17,17,20,20,21,26,1,34
"4821","G0483","G0483_01","inactive",2,11,23,16,10,22,11,23
"4822","G0483","G0483_02","inactive",0,7,16,4,1,9,3,8
"4823","G0483","G0483_03","inactive",0,2,7,0,1,3,0,3
"4824","G0483","G0483_04","inactive",1,2,4,0,3,1,1,1
"4825","G0483","G0483_05","inactive",0,2,2,0,0,2,1,3
"4826","G0483","G0483_06","inactive",14,26,32,12,20,26,10,24
"4827","G0483","G0483_07","inactive",2,9,7,4,2,7,2,2
"4828","G0483","G0483_08","inactive",1,4,7,2,1,2,0,2
"4829","G0483","G0483_09","inactive",6,12,19,7,6,14,6,15
"4830","G0483","G0483_10","inactive",2,9,14,9,5,9,3,11
"4831","G0484","G0484_01","inactive",13,19,20,12,20,34,4,30
"4832","G0484","G0484_02","inactive",3,1,6,7,4,10,0,4
"4833","G0484","G0484_03","inactive",0,1,3,3,2,9,3,5
"4834","G0484","G0484_04","inactive",4,1,4,0,5,0,2,0
"4835","G0484","G0484_05","inactive",7,14,13,16,10,20,6,29
"4836","G0484","G0484_06","inactive",1,2,1,5,3,9,0,3
"4837","G0484","G0484_07","inactive",5,5,7,0,2,6,2,2
"4838","G0484","G0484_08","inactive",9,23,18,13,17,17,3,12
"4839","G0484","G0484_09","inactive",11,19,25,10,20,33,11,13
"4840","G0484","G0484_10","inactive",14,15,20,24,20,29,8,20
"4841","G0485","G0485_01","inactive",16,9,31,16,19,14,9,48
"4842","G0485","G0485_02","inactive",1,1,4,3,5,5,3,1
"4843","G0485","G0485_03","inactive",5,15,13,16,5,22,2,13
"4844","G0485","G0485_04","inactive",7,1,4,3,4,5,0,6
"4845","G0485","G0485_05","inactive",1,5,3,2,2,5,1,2
"4846","G0485","G0485_06","inactive",10,10,15,2,8,11,1,5
"4847","G0485","G0485_07","inactive",4,8,14,6,13,3,3,13
"4848","G0485","G0485_08","inactive",11,25,19,15,9,23,6,18
"4849","G0485","G0485_09","inactive",6,6,9,9,8,11,2,5
"4850","G0485","G0485_10","inactive",4,6,12,3,4,9,4,6
"4851","G0486","G0486_01","inactive",4,7,13,8,10,3,1,3
"4852","G0486","G0486_02","inactive",9,4,5,3,5,8,4,3
"4853","G0486","G0486_03","inactive",9,8,18,9,7,24,6,16
"4854","G0486","G0486_04","inactive",2,11,6,1,4,8,1,2
"4855","G0486","G0486_05","inactive",5,5,2,11,5,5,1,4
"4856","G0486","G0486_06","inactive",5,11,8,7,5,18,5,15
"4857","G0486","G0486_07","inactive",30,47,48,51,29,48,16,51
"4858","G0486","G0486_08","inactive",5,4,8,9,5,7,4,5
"4859","G0486","G0486_09","inactive",0,4,2,8,6,7,0,0
"4860","G0486","G0486_10","inactive",12,16,21,16,14,22,6,15
"4861","G0487","G0487_01","increasing",3,7,12,10,8,15,6,13
"4862","G0487","G0487_02","increasing",2,2,3,4,0,1,0,12
"4863","G0487","G0487_03","increasing",3,1,17,1,3,7,5,8
"4864","G0487","G0487_04","increasing",3,20,19,11,9,32,8,24
"4865","G0487","G0487_05","increasing",3,9,9,6,5,7,4,9
"4866","G0487","G0487_06","increasing",2,4,20,5,3,16,8,18
"4867","G0487","G0487_07","increasing",1,0,1,0,3,4,2,3
"4868","G0487","G0487_08","increasing",19,19,40,23,15,40,12,24
"4869","G0487","G0487_09","increasing",4,8,11,4,7,6,1,2
"4870","G0487","G0487_10","increasing",2,4,15,21,3,13,7,21
"4871","G0488","G0488_01","inactive",3,5,11,9,5,2,2,8
"4872","G0488","G0488_02","inactive",9,10,19,18,10,27,2,13
"4873","G0488","G0488_03","inactive",5,8,18,2,7,11,4,2
"4874","G0488","G0488_04","inactive",2,0,9,8,7,6,3,8
"4875","G0488","G0488_05","inactive",0,3,13,7,0,2,4,3
"4876","G0488","G0488_06","inactive",3,1,5,17,4,5,1,2
"4877","G0488","G0488_07","inactive",10,6,4,7,7,15,1,10
"4878","G0488","G0488_08","inactive",10,6,14,3,11,8,9,6
"4879","G0488","G0488_09","inactive",9,8,8,13,5,5,4,9
"4880","G0488","G0488_10","inactive",8,26,26,19,17,25,2,16
"4881","G0489","G0489_01","inactive",10,3,14,11,11,11,3,13
"4882","G0489","G0489_02","inactive",31,13,27,17,27,21,7,29
"4883","G0489","G0489_03","inactive",3,10,11,6,5,12,3,11
"4884","G0489","G0489_04","inactive",10,18,28,11,19,18,6,20
"4885","G0489","G0489_05","inactive",4,14,9,2,6,15,4,8
"4886","G0489","G0489_06","inactive",4,3,1,1,1,6,0,0
"4887","G0489","G0489_07","inactive",9,13,11,14,9,16,6,10
"4888","G0489","G0489_08","inactive",5,4,14,7,11,7,5,8
"4889","G0489","G0489_09","inactive",12,19,48,23,21,31,7,34
"4890","G0489","G0489_10","inactive",10,10,5,6,12,8,7,6
"4891","G0490","G0490_01","increasing",3,1,5,5,0,8,2,11
"4892","G0490","G0490_02","increasing",9,11,17,10,12,27,11,15
"4893","G0490","G0490_03","increasing",7,3,14,6,7,16,2,15
"4894","G0490","G0490_04","increasing",13,23,27,14,20,31,11,26
"4895","G0490","G0490_05","increasing",5,6,12,8,8,16,1,6
"4896","G0490","G0490_06","increasing",5,1,12,4,6,3,5,15
"4897","G0490","G0490_07","increasing",17,26,40,22,47,45,20,32
"4898","G0490","G0490_08","increasing",2,6,8,8,4,14,4,10
"4899","G0490","G0490_09","increasing",6,5,15,4,5,21,3,5
"4900","G0490","G0490_10","increasing",1,11,10,3,4,12,4,8
"4901","G0491","G0491_01","increasing",3,8,3,4,7,7,3,13
"4902","G0491","G0491_02","increasing",11,29,24,18,21,34,9,33
"4903","G0491","G0491_03","increasing",0,3,12,4,6,19,3,10
"4904","G0491","G0491_04","increasing",7,16,33,12,17,22,8,11
"4905","G0491","G0491_05","increasing",3,3,10,7,5,12,8,13
"4906","G0491","G0491_06","increasing",12,16,23,3,14,26,6,5
"4907","G0491","G0491_07","increasing",6,11,15,10,15,24,6,11
"4908","G0491","G0491_08","increasing",6,5,11,8,12,11,3,20
"4909","G0491","G0491_09","increasing",1,11,4,7,5,14,5,11
"4910","G0491","G0491_10","increasing",8,6,14,4,11,12,2,21
"4911","G0492","G0492_01","increasing",3,13,13,6,12,16,3,19
"4912","G0492","G0492_02","increasing",2,3,4,7,4,3,4,10
"4913","G0492","G0492_03","increasing",8,19,29,10,23,36,8,38
"4914","G0492","G0492_04","increasing",5,3,12,15,7,10,2,14
"4915","G0492","G0492_05","increasing",7,29,29,16,33,43,10,43
"4916","G0492","G0492_06","increasing",13,11,8,23,24,27,10,24
"4917","G0492","G0492_07","increasing",10,15,17,22,16,39,9,31
"4918","G0492","G0492_08","increasing",7,4,4,2,3,7,1,8
"4919","G0492","G0492_09","increasing",4,8,6,7,5,15,1,6
"4920","G0492","G0492_10","increasing",9,5,12,15,28,12,2,13
"4921","G0493","G0493_01","increasing",4,5,5,4,5,9,4,6
"4922","G0493","G0493_02","increasing",1,3,15,6,6,11,2,11
"4923","G0493","G0493_03","increasing",0,3,8,2,4,5,3,4
"4924","G0493","G0493_04","increasing",15,28,41,23,42,46,20,37
"4925","G0493","G0493_05","increasing",7,4,15,3,10,9,5,8
"4926","G0493","G0493_06","increasing",2,9,11,2,9,8,4,2
"4927","G0493","G0493_07","increasing",10,14,16,8,10,10,7,16
"4928","G0493","G0493_08","increasing",4,8,7,3,5,12,1,8
"4929","G0493","G0493_09","increasing",0,2,1,2,0,6,0,1
"4930","G0493","G0493_10","increasing",0,1,1,2,3,2,1,1
"4931","G0494","G0494_01","inactive",9,18,22,30,19,28,13,40
"4932","G0494","G0494_02","inactive",0,0,3,3,1,2,1,1
"4933","G0494","G0494_03","inactive",8,4,14,10,10,20,5,17
"4934","G0494","G0494_04","inactive",5,19,32,12,7,30,6,30
"4935","G0494","G0494_05","inactive",10,9,22,6,10,10,7,6
"4936","G0494","G0494_06","inactive",6,4,21,10,14,10,8,18
"4937","G0494","G0494_07","inactive",5,8,7,3,7,9,2,10
"4938","G0494","G0494_08","inactive",11,14,28,8,26,28,11,29
"4939","G0494","G0494_09","inactive",4,6,7,4,7,15,2,7
"4940","G0494","G0494_10","inactive",13,19,21,14,16,16,9,11
"4941","G0495","G0495_01","inactive",22,44,53,35,38,58,15,49
"4942","G0495","G0495_02","inactive",11,12,29,14,14,24,3,20
"4943","G0495","G0495_03","inactive",8,11,10,8,17,11,1,15
"4944","G0495","G0495_04","inactive",48,59,127,73,53,93,31,87
"4945","G0495","G0495_05","inactive",6,22,33,10,18,21,7,19
"4946","G0495","G0495_06","inactive",2,1,0,1,3,7,1,5
"4947","G0495","G0495_07","inactive",4,9,7,12,5,6,0,8
"4948","G0495","G0495_08","inactive",10,19,16,9,14,17,7,11
"4949","G0495","G0495_09","inactive",5,7,18,4,8,9,2,8
"4950","G0495","G0495_10","inactive",11,18,35,34,17,45,5,31
"4951","G0496","G0496_01","inactive",2,3,11,3,3,4,2,4
"4952","G0496","G0496_02","inactive",1,6,5,3,0,0,1,4
"4953","G0496","G0496_03","inactive",7,14,16,6,12,21,7,5
"4954","G0496","G0496_04","inactive",6,19,17,8,2,25,9,16
"4955","G0496","G0496_05","inactive",10,8,27,21,6,21,11,21
"4956","G0496","G0496_06","inactive",3,4,8,8,4,4,3,12
"4957","G0496","G0496_07","inactive",4,4,6,4,6,9,1,9
"4958","G0496","G0496_08","inactive",6,10,6,3,8,3,0,4
"4959","G0496","G0496_09","inactive",9,13,30,12,14,14,7,21
"4960","G0496","G0496_10","inactive",4,3,6,1,4,10,0,2
"4961","G0497","G0497_01","negcontrol",8,3,9,18,12,9,8,24
"4962","G0497","G0497_02","negcontrol",6,7,18,7,11,13,3,13
"4963","G0497","G0497_03","negcontrol",3,3,5,5,8,4,4,7
"4964","G0497","G0497_04","negcontrol",2,0,9,2,3,3,3,7
"4965","G0497","G0497_05","negcontrol",1,2,3,3,5,3,2,3
"4966","G0497","G0497_06","negcontrol",12,17,45,25,20,37,10,26
"4967","G0497","G0497_07","negcontrol",0,3,6,10,0,3,1,6
"4968","G0497","G0497_08","negcontrol",1,1,2,1,0,3,0,0
"4969","G0497","G0497_09","negcontrol",7,2,16,8,9,9,6,16
"4970","G0497","G0497_10","negcontrol",3,7,3,6,1,8,0,6
"4971","G0498","G0498_01","inactive",3,5,6,1,3,5,0,1
"4972","G0498","G0498_02","inactive",19,13,29,10,19,18,9,24
"4973","G0498","G0498_03","inactive",4,5,11,9,8,11,7,3
"4974","G0498","G0498_04","inactive",2,1,5,4,4,10,0,4
"4975","G0498","G0498_05","inactive",20,30,59,37,30,62,15,30
"4976","G0498","G0498_06","inactive",0,1,4,0,2,2,2,0
"4977","G0498","G0498_07","inactive",1,8,15,5,4,14,7,9
"4978","G0498","G0498_08","inactive",4,1,10,5,2,4,4,1
"4979","G0498","G0498_09","inactive",4,14,23,5,12,19,2,20
"4980","G0498","G0498_10","inactive",11,19,26,15,6,16,9,24
"4981","G0499","G0499_01","inactive",9,6,12,12,7,12,3,17
"4982","G0499","G0499_02","inactive",3,10,7,2,3,9,3,12
"4983","G0499","G0499_03","inactive",8,10,6,5,8,22,3,12
"4984","G0499","G0499_04","inactive",0,5,9,0,3,7,1,1
"4985","G0499","G0499_05","inactive",0,10,2,9,4,12,2,13
"4986","G0499","G0499_06","inactive",6,4,9,4,4,10,3,12
"4987","G0499","G0499_07","inactive",2,10,20,9,2,23,11,14
"4988","G0499","G0499_08","inactive",5,9,18,9,11,5,6,19
"4989","G0499","G0499_09","inactive",13,28,36,21,15,48,5,23
"4990","G0499","G0499_10","inactive",12,11,14,18,14,17,6,18
"4991","G0500","G0500_01","increasing",0,2,1,0,2,4,2,0
"4992","G0500","G0500_02","increasing",11,11,9,12,17,20,4,33
"4993","G0500","G0500_03","increasing",4,8,15,5,2,25,7,10
"4994","G0500","G0500_04","increasing",10,12,9,15,12,22,8,19
"4995","G0500","G0500_05","increasing",4,5,4,2,7,6,2,8
"4996","G0500","G0500_06","increasing",4,3,3,1,2,12,7,4
"4997","G0500","G0500_07","increasing",14,20,44,22,43,38,16,55
"4998","G0500","G0500_08","increasing",2,5,4,0,3,12,0,1
"4999","G0500","G0500_09","increasing",3,6,5,7,6,8,3,18
"5000","G0500","G0500_10","increasing",0,2,3,6,3,8,3,3
"5001","G0501","G0501_01","increasing",1,7,14,5,14,8,2,13
"5002","G0501","G0501_02","increasing",7,13,17,7,5,27,7,16
"5003","G0501","G0501_03","increasing",1,13,12,3,14,15,10,6
"5004","G0501","G0501_04","increasing",3,4,12,5,5,11,4,8
"5005","G0501","G0501_05","increasing",4,1,1,3,2,4,1,7
"5006","G0501","G0501_06","increasing",3,7,11,5,5,4,7,3
"5007","G0501","G0501_07","increasing",16,16,23,22,32,21,8,21
"5008","G0501","G0501_08","increasing",7,13,5,5,10,19,5,16
"5009","G0501","G0501_09","increasing",12,15,20,14,9,22,2,18
"5010","G0501","G0501_10","increasing",1,5,2,1,1,2,5,2
"5011","G0502","G0502_01","inactive",16,10,27,17,19,23,6,20
"5012","G0502","G0502_02","inactive",5,13,10,6,6,13,6,11
"5013","G0502","G0502_03","inactive",33,56,79,35,30,81,32,58
"5014","G0502","G0502_04","inactive",7,5,10,5,4,9,2,10
"5015","G0502","G0502_05","inactive",7,2,8,5,2,6,3,5
"5016","G0502","G0502_06","inactive",5,17,23,12,3,21,1,23
"5017","G0502","G0502_07","inactive",3,1,7,1,7,1,0,3
"5018","G0502","G0502_08","inactive",2,3,7,2,1,7,5,8
"5019","G0502","G0502_09","inactive",8,8,7,4,9,20,6,15
"5020","G0502","G0502_10","inactive",3,7,11,9,4,11,4,11
"5021","G0503","G0503_01","inactive",8,7,14,4,8,11,5,7
"5022","G0503","G0503_02","inactive",4,0,5,5,4,8,5,6
"5023","G0503","G0503_03","inactive",12,10,19,5,14,19,5,14
"5024","G0503","G0503_04","inactive",1,5,16,6,8,7,1,7
"5025","G0503","G0503_05","inactive",8,1,11,2,8,9,3,2
"5026","G0503","G0503_06","inactive",10,10,16,24,3,20,3,24
"5027","G0503","G0503_07","inactive",9,22,16,16,12,27,7,18
"5028","G0503","G0503_08","inactive",7,19,24,19,12,23,8,30
"5029","G0503","G0503_09","inactive",11,14,11,12,14,18,5,10
"5030","G0503","G0503_10","inactive",7,7,10,6,5,7,3,13
"5031","G0504","G0504_01","inactive",16,8,19,4,9,9,3,11
"5032","G0504","G0504_02","inactive",1,0,3,0,1,3,1,1
"5033","G0504","G0504_03","inactive",9,15,27,7,17,10,7,7
"5034","G0504","G0504_04","inactive",13,24,26,21,27,53,16,45
"5035","G0504","G0504_05","inactive",6,12,19,9,19,14,7,12
"5036","G0504","G0504_06","inactive",10,3,14,14,3,2,5,19
"5037","G0504","G0504_07","inactive",4,10,8,0,8,19,6,14
"5038","G0504","G0504_08","inactive",4,8,18,8,10,17,4,12
"5039","G0504","G0504_09","inactive",3,11,5,2,6,22,2,1
"5040","G0504","G0504_10","inactive",13,17,19,17,9,19,6,19
"5041","G0505","G0505_01","inactive",13,9,13,11,9,20,7,15
"5042","G0505","G0505_02","inactive",1,11,13,7,4,12,3,11
"5043","G0505","G0505_03","inactive",11,23,24,9,11,29,8,17
"5044","G0505","G0505_04","inactive",0,4,7,2,0,5,0,1
"5045","G0505","G0505_05","inactive",0,6,1,0,1,2,0,3
"5046","G0505","G0505_06","inactive",3,3,8,5,7,15,2,9
"5047","G0505","G0505_07","inactive",19,9,24,14,15,30,5,19
"5048","G0505","G0505_08","inactive",1,5,5,4,0,3,0,3
"5049","G0505","G0505_09","inactive",0,8,8,6,2,9,3,10
"5050","G0505","G0505_10","inactive",2,8,11,9,7,9,4,12
"5051","G0506","G0506_01","inactive",8,12,22,15,17,26,8,25
"5052","G0506","G0506_02","inactive",8,7,13,7,11,14,5,15
"5053","G0506","G0506_03","inactive",0,0,6,5,2,3,1,10
"5054","G0506","G0506_04","inactive",7,8,11,13,4,14,4,12
"5055","G0506","G0506_05","inactive",6,5,6,8,10,13,6,9
"5056","G0506","G0506_06","inactive",8,11,13,7,9,16,6,10
"5057","G0506","G0506_07","inactive",3,2,11,4,1,4,6,8
"5058","G0506","G0506_08","inactive",16,11,16,5,10,24,5,4
"5059","G0506","G0506_09","inactive",10,8,8,9,20,21,2,13
"5060","G0506","G0506_10","inactive",4,9,3,5,5,11,2,12
"5061","G0507","G0507_01","inactive",5,7,5,1,5,8,0,3
"5062","G0507","G0507_02","inactive",3,11,15,7,4,16,3,14
"5063","G0507","G0507_03","inactive",2,5,6,5,4,18,5,6
"5064","G0507","G0507_04","inactive",2,5,9,9,2,7,1,9
"5065","G0507","G0507_05","inactive",3,2,6,0,3,11,3,3
"5066","G0507","G0507_06","inactive",8,12,12,6,9,14,5,6
"5067","G0507","G0507_07","inactive",8,16,10,18,9,17,5,18
"5068","G0507","G0507_08","inactive",1,5,4,2,2,3,1,12
"5069","G0507","G0507_09","inactive",1,11,18,10,4,16,7,16
"5070","G0507","G0507_10","inactive",15,22,34,24,24,33,4,24
"5071","G0508","G0508_01","inactive",7,10,18,9,7,16,6,26
"5072","G0508","G0508_02","inactive",7,3,2,1,3,4,0,2
"5073","G0508","G0508_03","inactive",5,13,7,11,4,10,3,8
"5074","G0508","G0508_04","inactive",8,4,12,3,5,8,0,8
"5075","G0508","G0508_05","inactive",9,8,16,8,12,9,2,13
"5076","G0508","G0508_06","inactive",14,19,15,9,18,32,9,20
"5077","G0508","G0508_07","inactive",19,33,30,27,27,50,14,31
"5078","G0508","G0508_08","inactive",14,19,18,16,18,18,12,30
"5079","G0508","G0508_09","inactive",6,3,15,6,16,3,2,7
"5080","G0508","G0508_10","inactive",8,10,20,11,16,16,5,7
"5081","G0509","G0509_01","inactive",11,26,27,17,28,26,8,19
"5082","G0509","G0509_02","inactive",4,8,14,6,7,10,5,11
"5083","G0509","G0509_03","inactive",13,12,26,14,12,16,14,4
"5084","G0509","G0509_04","inactive",6,16,18,8,3,12,3,11
"5085","G0509","G0509_05","inactive",9,13,22,7,10,20,10,5
"5086","G0509","G0509_06","inactive",31,19,30,26,29,19,14,28
"5087","G0509","G0509_07","inactive",3,0,11,4,4,1,1,1
"5088","G0509","G0509_08","inactive",11,14,38,11,13,28,7,19
"5089","G0509","G0509_09","inactive",6,3,10,6,8,1,2,6
"5090","G0509","G0509_10","inactive",1,0,3,0,3,3,2,2
"5091","G0510","G0510_01","inactive",6,9,8,7,7,13,4,16
"5092","G0510","G0510_02","inactive",3,7,26,7,5,5,2,5
"5093","G0510","G0510_03","inactive",8,16,31,24,20,31,4,25
"5094","G0510","G0510_04","inactive",5,8,15,13,10,11,1,7
"5095","G0510","G0510_05","inactive",8,11,29,15,11,18,9,33
"5096","G0510","G0510_06","inactive",4,5,4,1,1,6,1,2
"5097","G0510","G0510_07","inactive",10,10,23,19,11,24,12,12
"5098","G0510","G0510_08","inactive",1,5,5,0,8,4,3,5
"5099","G0510","G0510_09","inactive",3,12,7,15,17,21,2,21
"5100","G0510","G0510_10","inactive",3,0,2,5,5,0,0,5
"5101","G0511","G0511_01","inactive",1,2,13,8,8,2,3,6
"5102","G0511","G0511_02","inactive",2,5,9,4,3,5,4,9
"5103","G0511","G0511_03","inactive",1,1,3,7,2,3,1,4
"5104","G0511","G0511_04","inactive",12,19,11,9,20,35,5,16
"5105","G0511","G0511_05","inactive",2,7,0,2,4,9,0,5
"5106","G0511","G0511_06","inactive",3,0,7,10,5,7,2,6
"5107","G0511","G0511_07","inactive",1,0,5,0,0,1,0,2
"5108","G0511","G0511_08","inactive",11,9,16,10,11,8,6,19
"5109","G0511","G0511_09","inactive",8,3,10,16,5,10,1,22
"5110","G0511","G0511_10","inactive",1,3,12,4,4,7,4,3
"5111","G0512","G0512_01","inactive",6,2,19,7,9,10,1,7
"5112","G0512","G0512_02","inactive",3,9,7,4,13,9,2,13
"5113","G0512","G0512_03","inactive",20,15,23,25,27,39,10,24
"5114","G0512","G0512_04","inactive",15,11,15,9,13,21,3,20
"5115","G0512","G0512_05","inactive",5,4,15,4,14,23,4,19
"5116","G0512","G0512_06","inactive",2,0,3,17,2,6,6,5
"5117","G0512","G0512_07","inactive",7,3,11,11,15,10,4,24
"5118","G0512","G0512_08","inactive",3,8,9,3,8,5,3,4
"5119","G0512","G0512_09","inactive",3,2,11,3,3,3,3,14
"5120","G0512","G0512_10","inactive",11,14,22,8,13,22,12,17
"5121","G0513","G0513_01","inactive",3,4,14,9,10,3,6,9
"5122","G0513","G0513_02","inactive",7,7,21,11,5,19,3,12
"5123","G0513","G0513_03","inactive",3,11,11,7,4,21,1,11
"5124","G0513","G0513_04","inactive",5,6,11,2,6,10,2,2
"5125","G0513","G0513_05","inactive",5,6,16,4,6,12,7,15
"5126","G0513","G0513_06","inactive",20,19,25,10,27,33,10,24
"5127","G0513","G0513_07","inactive",4,8,4,4,7,7,1,7
"5128","G0513","G0513_08","inactive",1,9,15,1,3,11,10,1
"5129","G0513","G0513_09","inactive",12,16,19,19,23,21,14,30
"5130","G0513","G0513_10","inactive",10,8,14,15,3,20,2,27
"5131","G0514","G0514_01","inactive",4,6,2,1,4,6,2,2
"5132","G0514","G0514_02","inactive",5,1,11,6,10,7,0,6
"5133","G0514","G0514_03","inactive",4,7,14,12,10,13,4,22
"5134","G0514","G0514_04","inactive",10,7,7,7,10,9,0,4
"5135","G0514","G0514_05","inactive",12,23,27,29,19,55,6,25
"5136","G0514","G0514_06","inactive",1,10,9,9,2,8,2,4
"5137","G0514","G0514_07","inactive",8,3,29,9,18,8,8,19
"5138","G0514","G0514_08","inactive",12,13,16,5,18,8,6,17
"5139","G0514","G0514_09","inactive",3,3,10,9,10,9,3,7
"5140","G0514","G0514_10","inactive",4,4,1,5,9,3,2,4
"5141","G0515","G0515_01","decreasing",5,6,13,8,7,3,0,2
"5142","G0515","G0515_02","decreasing",3,4,12,6,1,5,2,4
"5143","G0515","G0515_03","decreasing",2,0,0,2,1,0,1,5
"5144","G0515","G0515_04","decreasing",2,9,9,10,4,8,0,11
"5145","G0515","G0515_05","decreasing",3,7,4,4,2,10,1,5
"5146","G0515","G0515_06","decreasing",14,11,10,14,17,7,5,10
"5147","G0515","G0515_07","decreasing",8,13,15,6,13,14,5,14
"5148","G0515","G0515_08","decreasing",1,14,9,8,6,8,5,4
"5149","G0515","G0515_09","decreasing",2,2,6,2,0,1,0,5
"5150","G0515","G0515_10","decreasing",8,11,19,9,10,13,8,5
"5151","G0516","G0516_01","inactive",4,8,10,7,6,18,4,9
"5152","G0516","G0516_02","inactive",2,7,15,15,5,13,2,8
"5153","G0516","G0516_03","inactive",3,7,10,17,7,15,4,4
"5154","G0516","G0516_04","inactive",0,6,12,5,4,10,2,4
"5155","G0516","G0516_05","inactive",3,4,21,4,3,2,2,5
"5156","G0516","G0516_06","inactive",9,22,21,26,17,20,10,30
"5157","G0516","G0516_07","inactive",5,1,11,1,4,7,1,4
"5158","G0516","G0516_08","inactive",1,6,15,0,7,7,7,2
"5159","G0516","G0516_09","inactive",14,9,11,4,12,12,1,13
"5160","G0516","G0516_10","inactive",14,17,34,22,25,34,16,23
"5161","G0517","G0517_01","inactive",24,32,75,52,42,68,26,48
"5162","G0517","G0517_02","inactive",10,8,15,12,19,26,5,12
"5163","G0517","G0517_03","inactive",2,3,9,8,7,2,1,15
"5164","G0517","G0517_04","inactive",7,14,24,24,17,22,11,25
"5165","G0517","G0517_05","inactive",40,53,69,46,42,81,30,57
"5166","G0517","G0517_06","inactive",4,7,20,5,15,17,11,8
"5167","G0517","G0517_07","inactive",27,22,45,19,22,50,14,36
"5168","G0517","G0517_08","inactive",8,10,21,10,6,23,7,18
"5169","G0517","G0517_09","inactive",6,5,31,6,15,19,8,18
"5170","G0517","G0517_10","inactive",24,35,22,18,33,54,14,23
"5171","G0518","G0518_01","inactive",14,18,26,14,17,20,8,30
"5172","G0518","G0518_02","inactive",17,29,42,31,27,46,12,49
"5173","G0518","G0518_03","inactive",8,5,8,2,9,15,2,7
"5174","G0518","G0518_04","inactive",7,2,7,6,8,5,5,10
"5175","G0518","G0518_05","inactive",11,9,11,13,9,18,2,15
"5176","G0518","G0518_06","inactive",7,10,7,13,17,14,3,24
"5177","G0518","G0518_07","inactive",2,6,8,13,11,7,4,13
"5178","G0518","G0518_08","inactive",4,8,26,7,22,11,10,12
"5179","G0518","G0518_09","inactive",14,15,38,23,15,31,9,27
"5180","G0518","G0518_10","inactive",2,5,8,4,1,4,1,3
"5181","G0519","G0519_01","inactive",11,13,22,20,18,26,10,33
"5182","G0519","G0519_02","inactive",3,7,4,2,2,13,1,0
"5183","G0519","G0519_03","inactive",1,5,8,1,3,12,1,1
"5184","G0519","G0519_04","inactive",5,11,5,5,8,6,2,15
"5185","G0519","G0519_05","inactive",12,14,17,22,26,27,11,24
"5186","G0519","G0519_06","inactive",1,4,6,2,5,2,2,4
"5187","G0519","G0519_07","inactive",17,19,24,22,26,23,6,34
"5188","G0519","G0519_08","inactive",4,12,8,7,8,16,1,8
"5189","G0519","G0519_09","inactive",4,7,12,9,6,9,3,13
"5190","G0519","G0519_10","inactive",11,18,27,19,13,21,8,24
"5191","G0520","G0520_01","inactive",2,4,0,3,3,6,3,3
"5192","G0520","G0520_02","inactive",7,16,17,10,13,24,7,14
"5193","G0520","G0520_03","inactive",4,9,11,2,3,13,5,7
"5194","G0520","G0520_04","inactive",7,1,4,2,3,1,2,2
"5195","G0520","G0520_05","inactive",6,3,20,6,6,5,6,9
"5196","G0520","G0520_06","inactive",1,3,4,4,1,5,1,8
"5197","G0520","G0520_07","inactive",7,11,8,2,10,14,5,1
"5198","G0520","G0520_08","inactive",6,2,8,4,4,16,3,11
"5199","G0520","G0520_09","inactive",4,6,7,10,14,7,3,9
"5200","G0520","G0520_10","inactive",7,8,15,15,11,20,7,7
"5201","G0521","G0521_01","inactive",0,4,6,1,1,3,0,1
"5202","G0521","G0521_02","inactive",9,1,4,7,4,3,2,6
"5203","G0521","G0521_03","inactive",14,53,38,25,36,68,13,23
"5204","G0521","G0521_04","inactive",13,3,15,12,6,8,2,17
"5205","G0521","G0521_05","inactive",0,0,4,8,3,2,2,6
"5206","G0521","G0521_06","inactive",2,5,4,10,4,10,3,8
"5207","G0521","G0521_07","inactive",5,15,15,24,11,14,10,16
"5208","G0521","G0521_08","inactive",1,2,8,3,3,1,2,2
"5209","G0521","G0521_09","inactive",12,9,18,17,14,14,2,28
"5210","G0521","G0521_10","inactive",28,40,57,25,45,55,21,45
"5211","G0522","G0522_01","inactive",13,18,14,10,13,17,7,14
"5212","G0522","G0522_02","inactive",13,25,43,26,30,30,16,36
"5213","G0522","G0522_03","inactive",5,3,9,3,1,13,4,3
"5214","G0522","G0522_04","inactive",18,41,63,30,52,72,18,45
"5215","G0522","G0522_05","inactive",2,11,6,5,6,20,2,16
"5216","G0522","G0522_06","inactive",4,7,15,3,7,11,3,9
"5217","G0522","G0522_07","inactive",9,6,9,10,8,9,7,8
"5218","G0522","G0522_08","inactive",2,4,4,1,7,2,1,3
"5219","G0522","G0522_09","inactive",6,7,13,18,17,12,4,8
"5220","G0522","G0522_10","inactive",6,12,5,9,6,16,1,9
"5221","G0523","G0523_01","inactive",22,10,32,15,21,21,8,22
"5222","G0523","G0523_02","inactive",17,16,24,18,32,31,15,25
"5223","G0523","G0523_03","inactive",2,2,5,6,4,4,3,6
"5224","G0523","G0523_04","inactive",0,7,2,1,2,6,0,3
"5225","G0523","G0523_05","inactive",7,11,13,8,9,21,4,14
"5226","G0523","G0523_06","inactive",4,7,17,5,7,17,5,5
"5227","G0523","G0523_07","inactive",1,2,13,6,7,3,4,11
"5228","G0523","G0523_08","inactive",10,8,27,17,13,19,9,17
"5229","G0523","G0523_09","inactive",7,10,12,6,6,10,3,2
"5230","G0523","G0523_10","inactive",5,4,9,4,8,10,3,3
"5231","G0524","G0524_01","inactive",9,16,25,16,9,23,7,27
"5232","G0524","G0524_02","inactive",0,0,5,0,0,0,0,0
"5233","G0524","G0524_03","inactive",8,9,16,16,10,13,5,14
"5234","G0524","G0524_04","inactive",9,16,28,12,17,12,13,20
"5235","G0524","G0524_05","inactive",10,10,16,6,8,16,5,6
"5236","G0524","G0524_06","inactive",2,6,8,9,4,11,3,14
"5237","G0524","G0524_07","inactive",20,28,43,16,20,33,16,28
"5238","G0524","G0524_08","inactive",1,5,7,8,4,8,2,6
"5239","G0524","G0524_09","inactive",4,10,5,7,5,5,3,9
"5240","G0524","G0524_10","inactive",2,13,13,6,6,18,6,11
"5241","G0525","G0525_01","inactive",4,7,4,9,12,7,1,7
"5242","G0525","G0525_02","inactive",4,3,8,3,17,6,2,7
"5243","G0525","G0525_03","inactive",2,12,18,6,6,22,1,12
"5244","G0525","G0525_04","inactive",5,11,7,15,8,12,2,12
"5245","G0525","G0525_05","inactive",0,1,6,2,0,7,2,2
"5246","G0525","G0525_06","inactive",3,10,19,16,12,18,6,14
"5247","G0525","G0525_07","inactive",17,22,37,9,19,26,7,21
"5248","G0525","G0525_08","inactive",18,21,24,30,18,30,12,28
"5249","G0525","G0525_09","inactive",2,3,6,4,2,1,3,3
"5250","G0525","G0525_10","inactive",6,11,11,6,15,14,3,7
"5251","G0526","G0526_01","inactive",3,9,8,6,5,11,5,12
"5252","G0526","G0526_02","inactive",5,12,10,7,8,15,8,10
"5253","G0526","G0526_03","inactive",6,12,14,8,17,6,6,15
"5254","G0526","G0526_04","inactive",1,1,5,2,2,0,0,0
"5255","G0526","G0526_05","inactive",4,12,12,17,9,16,5,9
"5256","G0526","G0526_06","inactive",12,10,24,9,16,12,2,15
"5257","G0526","G0526_07","inactive",9,5,12,4,14,10,4,6
"5258","G0526","G0526_08","inactive",0,3,3,10,5,6,4,14
"5259","G0526","G0526_09","inactive",5,3,6,7,3,4,1,3
"5260","G0526","G0526_10","inactive",1,1,4,5,4,2,0,6
"5261","G0527","G0527_01","inactive",0,2,8,6,2,5,0,7
"5262","G0527","G0527_02","inactive",2,3,3,1,2,5,2,4
"5263","G0527","G0527_03","inactive",4,5,14,5,4,11,1,4
"5264","G0527","G0527_04","inactive",4,7,5,7,11,12,5,11
"5265","G0527","G0527_05","inactive",12,16,25,14,16,15,7,19
"5266","G0527","G0527_06","inactive",4,4,6,4,6,3,4,1
"5267","G0527","G0527_07","inactive",5,7,8,15,10,16,4,16
"5268","G0527","G0527_08","inactive",10,6,14,5,7,9,8,15
"5269","G0527","G0527_09","inactive",8,10,28,19,6,17,7,21
"5270","G0527","G0527_10","inactive",8,7,16,7,10,9,5,11
"5271","G0528","G0528_01","inactive",2,7,24,1,9,8,7,8
"5272","G0528","G0528_02","inactive",8,9,11,9,10,9,5,10
"5273","G0528","G0528_03","inactive",1,9,2,5,3,12,0,12
"5274","G0528","G0528_04","inactive",10,13,6,7,8,6,3,11
"5275","G0528","G0528_05","inactive",9,12,13,19,11,32,5,25
"5276","G0528","G0528_06","inactive",3,4,14,7,7,13,4,6
"5277","G0528","G0528_07","inactive",5,5,6,6,6,3,6,6
"5278","G0528","G0528_08","inactive",0,5,9,12,4,5,1,9
"5279","G0528","G0528_09","inactive",2,4,4,4,4,7,0,1
"5280","G0528","G0528_10","inactive",15,21,31,16,17,22,11,22
"5281","G0529","G0529_01","inactive",4,6,12,4,14,6,7,7
"5282","G0529","G0529_02","inactive",5,1,8,6,3,3,6,2
"5283","G0529","G0529_03","inactive",7,11,23,16,13,14,11,19
"5284","G0529","G0529_04","inactive",4,4,4,5,3,1,7,6
"5285","G0529","G0529_05","inactive",1,6,6,9,6,12,0,17
"5286","G0529","G0529_06","inactive",5,18,9,6,6,12,2,10
"5287","G0529","G0529_07","inactive",8,8,15,8,11,17,5,13
"5288","G0529","G0529_08","inactive",4,5,6,10,5,8,1,2
"5289","G0529","G0529_09","inactive",12,19,32,16,8,30,8,12
"5290","G0529","G0529_10","inactive",9,10,18,10,16,6,7,20
"5291","G0530","G0530_01","inactive",0,3,7,9,3,3,2,7
"5292","G0530","G0530_02","inactive",11,12,24,20,13,19,7,26
"5293","G0530","G0530_03","inactive",4,6,12,9,10,11,6,14
"5294","G0530","G0530_04","inactive",11,11,18,17,7,13,6,21
"5295","G0530","G0530_05","inactive",5,9,10,9,10,13,5,9
"5296","G0530","G0530_06","inactive",4,6,12,9,8,10,4,8
"5297","G0530","G0530_07","inactive",10,10,16,13,19,28,7,19
"5298","G0530","G0530_08","inactive",33,44,63,46,55,76,27,63
"5299","G0530","G0530_09","inactive",2,9,11,5,3,13,4,2
"5300","G0530","G0530_10","inactive",0,9,3,4,1,5,3,7
"5301","G0531","G0531_01","inactive",3,9,11,7,3,9,3,8
"5302","G0531","G0531_02","inactive",14,8,23,14,13,28,3,10
"5303","G0531","G0531_03","inactive",9,18,22,15,18,15,6,16
"5304","G0531","G0531_04","inactive",1,7,14,1,4,5,4,3
"5305","G0531","G0531_05","inactive",9,3,7,4,8,14,0,12
"5306","G0531","G0531_06","inactive",1,7,22,10,7,9,8,17
"5307","G0531","G0531_07","inactive",6,2,11,1,8,3,2,3
"5308","G0531","G0531_08","inactive",0,0,2,2,3,4,1,6
"5309","G0531","G0531_09","inactive",6,7,16,9,13,7,5,9
"5310","G0531","G0531_10","inactive",6,5,8,5,8,12,2,11
"5311","G0532","G0532_01","inactive",12,9,22,13,14,19,8,28
"5312","G0532","G0532_02","inactive",7,19,3,19,5,18,4,19
"5313","G0532","G0532_03","inactive",4,5,0,2,7,2,0,0
"5314","G0532","G0532_04","inactive",5,16,20,16,7,21,6,9
"5315","G0532","G0532_05","inactive",6,5,10,8,11,14,2,13
"5316","G0532","G0532_06","inactive",11,16,32,15,23,27,3,25
"5317","G0532","G0532_07","inactive",7,6,20,2,4,21,7,7
"5318","G0532","G0532_08","inactive",0,2,0,1,0,3,2,4
"5319","G0532","G0532_09","inactive",1,2,4,3,3,2,2,4
"5320","G0532","G0532_10","inactive",10,5,16,7,14,10,3,21
"5321","G0533","G0533_01","inactive",10,5,10,4,12,19,5,5
"5322","G0533","G0533_02","inactive",2,1,4,4,4,1,1,5
"5323","G0533","G0533_03","inactive",6,9,8,3,14,16,4,8
"5324","G0533","G0533_04","inactive",2,8,5,16,5,13,1,11
"5325","G0533","G0533_05","inactive",17,11,27,15,26,25,13,25
"5326","G0533","G0533_06","inactive",7,10,3,7,11,16,0,7
"5327","G0533","G0533_07","inactive",16,49,56,44,31,81,27,59
"5328","G0533","G0533_08","inactive",17,14,29,12,13,23,8,24
"5329","G0533","G0533_09","inactive",6,7,6,6,2,17,3,8
"5330","G0533","G0533_10","inactive",3,3,8,2,3,7,1,1
"5331","G0534","G0534_01","inactive",10,11,13,9,13,10,2,14
"5332","G0534","G0534_02","inactive",7,2,13,3,12,6,2,13
"5333","G0534","G0534_03","inactive",5,5,9,14,6,13,5,16
"5334","G0534","G0534_04","inactive",5,4,14,5,9,15,7,12
"5335","G0534","G0534_05","inactive",7,20,38,20,20,26,13,29
"5336","G0534","G0534_06","inactive",3,4,11,8,5,13,10,5
"5337","G0534","G0534_07","inactive",6,6,13,9,4,13,6,6
"5338","G0534","G0534_08","inactive",27,31,38,23,29,43,20,38
"5339","G0534","G0534_09","inactive",19,27,47,48,26,48,13,51
"5340","G0534","G0534_10","inactive",11,23,26,16,27,38,8,14
"5341","G0535","G0535_01","inactive",4,13,16,6,11,13,3,7
"5342","G0535","G0535_02","inactive",22,42,55,30,32,60,20,39
"5343","G0535","G0535_03","inactive",6,8,12,18,5,14,2,9
"5344","G0535","G0535_04","inactive",4,9,21,15,8,6,6,14
"5345","G0535","G0535_05","inactive",2,5,6,4,13,10,1,7
"5346","G0535","G0535_06","inactive",5,14,7,11,7,7,2,8
"5347","G0535","G0535_07","inactive",3,6,5,8,6,6,3,5
"5348","G0535","G0535_08","inactive",8,4,11,10,5,12,2,17
"5349","G0535","G0535_09","inactive",1,1,6,2,3,4,0,3
"5350","G0535","G0535_10","inactive",5,2,12,2,2,6,3,2
"5351","G0536","G0536_01","increasing",0,2,4,2,4,7,2,1
"5352","G0536","G0536_02","increasing",5,4,6,4,3,12,1,17
"5353","G0536","G0536_03","increasing",2,0,3,0,2,1,0,5
"5354","G0536","G0536_04","increasing",2,1,6,4,6,3,1,11
"5355","G0536","G0536_05","increasing",6,4,9,7,7,18,2,9
"5356","G0536","G0536_06","increasing",0,4,4,3,2,1,2,5
"5357","G0536","G0536_07","increasing",5,6,4,6,12,14,2,9
"5358","G0536","G0536_08","increasing",8,8,14,9,16,23,2,11
"5359","G0536","G0536_09","increasing",4,6,10,6,9,9,2,11
"5360","G0536","G0536_10","increasing",5,5,15,5,11,11,6,15
"5361","G0537","G0537_01","inactive",8,7,15,8,6,20,6,4
"5362","G0537","G0537_02","inactive",12,6,13,11,8,21,7,14
"5363","G0537","G0537_03","inactive",8,4,20,8,7,12,2,7
"5364","G0537","G0537_04","inactive",5,4,7,7,6,5,5,6
"5365","G0537","G0537_05","inactive",18,32,46,46,44,54,19,33
"5366","G0537","G0537_06","inactive",0,5,5,5,4,2,2,5
"5367","G0537","G0537_07","inactive",9,6,14,4,6,8,5,10
"5368","G0537","G0537_08","inactive",1,5,8,5,0,7,4,3
"5369","G0537","G0537_09","inactive",10,15,12,5,11,12,5,20
"5370","G0537","G0537_10","inactive",5,3,5,1,4,11,3,10
"5371","G0538","G0538_01","inactive",15,13,21,11,21,28,10,10
"5372","G0538","G0538_02","inactive",7,7,7,8,12,17,3,12
"5373","G0538","G0538_03","inactive",0,3,0,2,0,5,1,3
"5374","G0538","G0538_04","inactive",7,4,17,8,3,4,3,4
"5375","G0538","G0538_05","inactive",3,1,12,2,14,4,12,8
"5376","G0538","G0538_06","inactive",1,8,6,4,1,2,5,3
"5377","G0538","G0538_07","inactive",10,17,24,16,19,26,8,14
"5378","G0538","G0538_08","inactive",2,4,2,5,2,2,0,2
"5379","G0538","G0538_09","inactive",2,1,1,9,4,5,0,9
"5380","G0538","G0538_10","inactive",0,3,3,0,2,11,1,1
"5381","G0539","G0539_01","inactive",5,10,6,6,9,8,4,13
"5382","G0539","G0539_02","inactive",15,13,19,7,14,20,6,11
"5383","G0539","G0539_03","inactive",11,23,17,10,13,29,6,26
"5384","G0539","G0539_04","inactive",9,10,11,13,11,18,6,14
"5385","G0539","G0539_05","inactive",4,7,3,12,11,9,2,17
"5386","G0539","G0539_06","inactive",2,12,7,4,9,18,3,9
"5387","G0539","G0539_07","inactive",17,15,24,27,14,25,7,29
"5388","G0539","G0539_08","inactive",6,20,28,19,16,24,9,38
"5389","G0539","G0539_09","inactive",6,17,18,6,7,22,6,10
"5390","G0539","G0539_10","inactive",10,12,16,9,6,10,10,12
"5391","G0540","G0540_01","inactive",0,1,1,4,0,1,1,4
"5392","G0540","G0540_02","inactive",1,0,3,3,4,3,0,8
"5393","G0540","G0540_03","inactive",5,7,10,11,5,12,5,6
"5394","G0540","G0540_04","inactive",6,9,28,15,14,14,10,21
"5395","G0540","G0540_05","inactive",11,7,16,12,20,16,4,11
"5396","G0540","G0540_06","inactive",29,19,63,41,31,62,17,42
"5397","G0540","G0540_07","inactive",14,15,44,21,19,27,11,30
"5398","G0540","G0540_08","inactive",13,11,23,22,19,12,7,14
"5399","G0540","G0540_09","inactive",5,7,14,8,7,18,9,11
"5400","G0540","G0540_10","inactive",4,13,20,5,13,11,6,10
"5401","G0541","G0541_01","inactive",7,7,20,9,9,10,4,9
"5402","G0541","G0541_02","inactive",3,2,4,1,1,5,3,4
"5403","G0541","G0541_03","inactive",3,7,3,3,7,15,4,8
"5404","G0541","G0541_04","inactive",1,2,0,0,1,2,0,4
"5405","G0541","G0541_05","inactive",7,4,8,6,10,4,4,4
"5406","G0541","G0541_06","inactive",4,26,25,18,14,21,6,21
"5407","G0541","G0541_07","inactive",0,6,4,8,2,4,4,3
"5408","G0541","G0541_08","inactive",2,5,4,1,2,8,1,1
"5409","G0541","G0541_09","inactive",7,9,10,9,10,12,5,10
"5410","G0541","G0541_10","inactive",7,10,5,13,4,16,6,13
"5411","G0542","G0542_01","inactive",3,9,10,8,3,5,2,7
"5412","G0542","G0542_02","inactive",7,16,35,9,12,18,6,14
"5413","G0542","G0542_03","inactive",9,15,13,8,9,20,4,13
"5414","G0542","G0542_04","inactive",7,7,16,4,10,17,1,11
"5415","G0542","G0542_05","inactive",2,1,3,1,5,6,4,3
"5416","G0542","G0542_06","inactive",0,3,12,6,2,8,1,7
"5417","G0542","G0542_07","inactive",8,11,23,8,3,11,2,7
"5418","G0542","G0542_08","inactive",3,9,6,7,7,10,0,7
"5419","G0542","G0542_09","inactive",3,5,2,2,6,6,0,10
"5420","G0542","G0542_10","inactive",8,14,22,6,13,24,9,13
"5421","G0543","G0543_01","decreasing",15,17,32,18,13,16,6,12
"5422","G0543","G0543_02","decreasing",2,3,3,1,5,2,0,5
"5423","G0543","G0543_03","decreasing",7,8,12,8,5,5,3,12
"5424","G0543","G0543_04","decreasing",18,34,60,17,17,30,10,22
"5425","G0543","G0543_05","decreasing",5,3,3,0,0,2,0,1
"5426","G0543","G0543_06","decreasing",3,17,10,10,5,6,5,6
"5427","G0543","G0543_07","decreasing",5,1,1,2,9,6,1,5
"5428","G0543","G0543_08","decreasing",4,9,6,13,3,9,2,5
"5429","G0543","G0543_09","decreasing",7,15,9,7,6,12,2,11
"5430","G0543","G0543_10","decreasing",6,11,18,12,6,13,6,14
"5431","G0544","G0544_01","inactive",1,0,2,2,3,0,2,3
"5432","G0544","G0544_02","inactive",10,4,12,4,9,5,4,5
"5433","G0544","G0544_03","inactive",9,21,17,8,14,23,8,11
"5434","G0544","G0544_04","inactive",2,20,34,9,18,30,11,12
"5435","G0544","G0544_05","inactive",2,5,5,3,2,6,2,3
"5436","G0544","G0544_06","inactive",8,16,17,13,10,14,5,15
"5437","G0544","G0544_07","inactive",13,20,19,6,17,17,4,9
"5438","G0544","G0544_08","inactive",8,6,30,7,7,6,6,9
"5439","G0544","G0544_09","inactive",10,5,4,14,7,11,5,12
"5440","G0544","G0544_10","inactive",5,5,3,1,1,3,3,4
"5441","G0545","G0545_01","inactive",6,4,9,5,5,3,2,7
"5442","G0545","G0545_02","inactive",15,20,32,17,23,28,7,30
"5443","G0545","G0545_03","inactive",6,9,15,13,7,13,5,8
"5444","G0545","G0545_04","inactive",3,9,11,8,1,12,1,13
"5445","G0545","G0545_05","inactive",8,9,6,8,11,18,4,13
"5446","G0545","G0545_06","inactive",2,3,15,9,6,15,4,6
"5447","G0545","G0545_07","inactive",5,8,8,1,8,11,2,6
"5448","G0545","G0545_08","inactive",54,67,102,62,71,107,30,88
"5449","G0545","G0545_09","inactive",7,14,11,13,7,11,7,20
"5450","G0545","G0545_10","inactive",0,9,9,4,9,10,2,11
"5451","G0546","G0546_01","inactive",3,6,12,3,7,4,1,5
"5452","G0546","G0546_02","inactive",0,7,7,4,11,6,1,6
"5453","G0546","G0546_03","inactive",1,1,6,3,9,3,2,13
"5454","G0546","G0546_04","inactive",7,7,7,7,12,5,1,5
"5455","G0546","G0546_05","inactive",8,14,36,26,17,32,8,25
"5456","G0546","G0546_06","inactive",7,6,1,3,9,8,4,5
"5457","G0546","G0546_07","inactive",0,10,8,5,4,19,3,7
"5458","G0546","G0546_08","inactive",10,7,8,13,6,13,6,12
"5459","G0546","G0546_09","inactive",2,12,19,12,5,20,3,10
"5460","G0546","G0546_10","inactive",4,9,9,7,7,7,4,13
"5461","G0547","G0547_01","inactive",10,23,23,27,23,40,8,26
"5462","G0547","G0547_02","inactive",4,17,11,9,9,17,4,13
"5463","G0547","G0547_03","inactive",2,0,0,2,3,4,1,1
"5464","G0547","G0547_04","inactive",6,8,4,5,6,24,2,7
"5465","G0547","G0547_05","inactive",0,4,2,6,4,4,0,3
"5466","G0547","G0547_06","inactive",8,12,24,20,14,13,11,11
"5467","G0547","G0547_07","inactive",9,19,24,27,18,34,9,21
"5468","G0547","G0547_08","inactive",3,3,17,5,1,4,4,10
"5469","G0547","G0547_09","inactive",9,12,9,24,18,18,3,23
"5470","G0547","G0547_10","inactive",9,11,18,18,21,23,4,22
"5471","G0548","G0548_01","negcontrol",11,10,16,15,6,23,5,21
"5472","G0548","G0548_02","negcontrol",1,5,2,8,2,12,0,7
"5473","G0548","G0548_03","negcontrol",4,15,15,11,13,18,2,12
"5474","G0548","G0548_04","negcontrol",2,5,11,9,6,15,4,11
"5475","G0548","G0548_05","negcontrol",8,15,16,9,8,11,5,15
"5476","G0548","G0548_06","negcontrol",6,10,6,5,6,15,4,1
"5477","G0548","G0548_07","negcontrol",7,8,18,13,15,19,7,12
"5478","G0548","G0548_08","negcontrol",5,5,11,7,6,10,4,6
"5479","G0548","G0548_09","negcontrol",11,13,18,12,15,19,2,14
"5480","G0548","G0548_10","negcontrol",11,17,15,10,11,28,5,27
"5481","G0549","G0549_01","inactive",10,7,33,10,14,12,10,15
"5482","G0549","G0549_02","inactive",8,6,8,5,6,11,2,8
"5483","G0549","G0549_03","inactive",6,3,10,5,5,12,3,8
"5484","G0549","G0549_04","inactive",5,18,18,12,8,35,8,23
"5485","G0549","G0549_05","inactive",6,12,26,15,8,14,9,9
"5486","G0549","G0549_06","inactive",6,2,9,5,6,3,1,4
"5487","G0549","G0549_07","inactive",0,0,3,2,0,2,1,5
"5488","G0549","G0549_08","inactive",6,14,19,7,1,13,2,3
"5489","G0549","G0549_09","inactive",2,5,21,11,1,7,2,7
"5490","G0549","G0549_10","inactive",1,2,7,4,3,6,1,3
"5491","G0550","G0550_01","inactive",11,14,19,14,14,22,4,11
"5492","G0550","G0550_02","inactive",7,8,16,6,18,10,5,10
"5493","G0550","G0550_03","inactive",23,14,28,18,18,33,7,23
"5494","G0550","G0550_04","inactive",4,6,4,2,2,6,2,7
"5495","G0550","G0550_05","inactive",3,19,14,8,7,23,7,18
"5496","G0550","G0550_06","inactive",7,6,22,4,11,14,6,20
"5497","G0550","G0550_07","inactive",9,16,13,10,9,16,8,20
"5498","G0550","G0550_08","inactive",5,7,21,13,16,21,10,17
"5499","G0550","G0550_09","inactive",9,17,23,8,18,25,9,18
"5500","G0550","G0550_10","inactive",5,4,14,14,14,14,1,15
"5501","G0551","G0551_01","inactive",2,0,5,1,2,3,1,2
"5502","G0551","G0551_02","inactive",2,13,2,4,6,8,5,6
"5503","G0551","G0551_03","inactive",2,4,8,6,4,11,3,16
"5504","G0551","G0551_04","inactive",5,3,9,9,9,18,2,7
"5505","G0551","G0551_05","inactive",3,4,10,1,7,3,6,7
"5506","G0551","G0551_06","inactive",2,11,11,3,10,8,3,4
"5507","G0551","G0551_07","inactive",2,9,8,1,4,6,4,1
"5508","G0551","G0551_08","inactive",2,8,12,8,2,8,1,9
"5509","G0551","G0551_09","inactive",11,12,17,19,14,26,8,26
"5510","G0551","G0551_10","inactive",26,19,29,13,24,40,8,30
"5511","G0552","G0552_01","inactive",7,8,15,8,4,8,2,7
"5512","G0552","G0552_02","inactive",3,0,1,6,3,3,0,0
"5513","G0552","G0552_03","inactive",6,14,15,21,10,17,6,17
"5514","G0552","G0552_04","inactive",2,4,7,6,2,21,3,10
"5515","G0552","G0552_05","inactive",10,14,15,16,14,8,5,20
"5516","G0552","G0552_06","inactive",10,15,38,15,19,24,11,22
"5517","G0552","G0552_07","inactive",2,1,9,9,5,4,0,4
"5518","G0552","G0552_08","inactive",9,12,7,8,9,12,2,4
"5519","G0552","G0552_09","inactive",12,15,29,26,29,30,10,36
"5520","G0552","G0552_10","inactive",19,21,24,30,26,33,15,32
"5521","G0553","G0553_01","inactive",6,5,7,1,5,5,2,10
"5522","G0553","G0553_02","inactive",9,9,6,11,11,5,1,11
"5523","G0553","G0553_03","inactive",7,2,11,5,14,6,5,8
"5524","G0553","G0553_04","inactive",15,16,24,14,25,29,11,14
"5525","G0553","G0553_05","inactive",21,28,35,9,25,27,13,28
"5526","G0553","G0553_06","inactive",2,3,0,3,8,5,0,4
"5527","G0553","G0553_07","inactive",14,42,38,27,32,53,26,31
"5528","G0553","G0553_08","inactive",8,13,8,8,13,20,5,11
"5529","G0553","G0553_09","inactive",11,26,43,32,23,41,20,28
"5530","G0553","G0553_10","inactive",5,5,12,6,8,7,6,11
"5531","G0554","G0554_01","increasing",3,0,8,5,10,8,4,6
"5532","G0554","G0554_02","increasing",2,6,10,7,2,14,6,7
"5533","G0554","G0554_03","increasing",3,3,12,7,6,9,4,4
"5534","G0554","G0554_04","increasing",2,1,3,6,6,13,1,6
"5535","G0554","G0554_05","increasing",3,0,9,2,7,3,2,1
"5536","G0554","G0554_06","increasing",9,34,53,27,21,47,21,39
"5537","G0554","G0554_07","increasing",6,5,11,7,10,20,5,10
"5538","G0554","G0554_08","increasing",11,24,26,9,15,40,11,18
"5539","G0554","G0554_09","increasing",16,18,17,17,25,36,11,29
"5540","G0554","G0554_10","increasing",2,1,7,3,6,4,5,3
"5541","G0555","G0555_01","inactive",5,28,34,32,20,43,12,30
"5542","G0555","G0555_02","inactive",12,17,12,15,15,25,5,19
"5543","G0555","G0555_03","inactive",6,9,13,11,7,22,9,6
"5544","G0555","G0555_04","inactive",1,7,10,9,5,18,2,13
"5545","G0555","G0555_05","inactive",21,41,74,31,26,57,25,42
"5546","G0555","G0555_06","inactive",0,5,15,7,4,6,4,3
"5547","G0555","G0555_07","inactive",3,7,17,2,3,19,1,7
"5548","G0555","G0555_08","inactive",0,7,10,3,3,6,2,3
"5549","G0555","G0555_09","inactive",6,13,19,12,10,13,2,10
"5550","G0555","G0555_10","inactive",1,2,6,3,8,5,4,7
"5551","G0556","G0556_01","inactive",1,4,11,2,3,4,7,7
"5552","G0556","G0556_02","inactive",4,8,15,4,4,3,1,5
"5553","G0556","G0556_03","inactive",11,10,14,8,8,18,5,13
"5554","G0556","G0556_04","inactive",8,10,13,7,9,7,2,18
"5555","G0556","G0556_05","inactive",2,11,3,2,4,4,3,3
"5556","G0556","G0556_06","inactive",6,7,15,6,1,10,2,10
"5557","G0556","G0556_07","inactive",18,20,24,23,18,29,3,34
"5558","G0556","G0556_08","inactive",3,3,8,5,5,18,1,3
"5559","G0556","G0556_09","inactive",5,11,8,11,10,16,3,13
"5560","G0556","G0556_10","inactive",2,22,26,10,10,17,6,26
"5561","G0557","G0557_01","inactive",2,2,3,4,4,4,2,3
"5562","G0557","G0557_02","inactive",7,4,12,8,7,7,2,11
"5563","G0557","G0557_03","inactive",2,9,7,2,6,7,2,4
"5564","G0557","G0557_04","inactive",5,10,17,5,15,19,9,23
"5565","G0557","G0557_05","inactive",2,2,7,7,1,5,2,3
"5566","G0557","G0557_06","inactive",6,5,13,2,4,11,0,8
"5567","G0557","G0557_07","inactive",4,15,3,3,3,17,0,5
"5568","G0557","G0557_08","inactive",2,13,9,11,9,10,2,13
"5569","G0557","G0557_09","inactive",5,17,16,9,9,16,6,19
"5570","G0557","G0557_10","inactive",1,6,22,12,5,6,7,13
"5571","G0558","G0558_01","inactive",13,28,21,21,20,30,5,31
"5572","G0558","G0558_02","inactive",14,13,46,16,24,28,16,24
"5573","G0558","G0558_03","inactive",8,14,25,9,9,17,7,8
"5574","G0558","G0558_04","inactive",10,22,32,23,13,29,9,17
"5575","G0558","G0558_05","inactive",12,5,18,15,10,13,3,16
"5576","G0558","G0558_06","inactive",22,24,36,28,29,50,16,49
"5577","G0558","G0558_07","inactive",5,6,6,13,10,13,1,14
"5578","G0558","G0558_08","inactive",2,6,7,8,8,11,5,5
"5579","G0558","G0558_09","inactive",5,5,13,10,8,11,4,9
"5580","G0558","G0558_10","inactive",7,16,19,15,9,21,14,10
"5581","G0559","G0559_01","decreasing",11,15,16,20,7,13,11,13
"5582","G0559","G0559_02","decreasing",0,3,9,1,1,1,1,3
"5583","G0559","G0559_03","decreasing",3,5,10,3,6,8,2,8
"5584","G0559","G0559_04","decreasing",11,18,20,9,7,17,8,13
"5585","G0559","G0559_05","decreasing",12,3,10,9,7,7,1,11
"5586","G0559","G0559_06","decreasing",7,1,4,12,5,7,2,10
"5587","G0559","G0559_07","decreasing",10,4,6,8,10,15,1,12
"5588","G0559","G0559_08","decreasing",11,22,24,11,18,28,13,10
"5589","G0559","G0559_09","decreasing",5,7,12,6,1,1,3,10
"5590","G0559","G0559_10","decreasing",9,9,31,21,6,8,4,18
"5591","G0560","G0560_01","inactive",1,4,3,3,4,4,0,10
"5592","G0560","G0560_02","inactive",7,0,0,1,3,0,2,1
"5593","G0560","G0560_03","inactive",8,13,13,6,7,25,2,6
"5594","G0560","G0560_04","inactive",1,2,5,5,8,1,0,6
"5595","G0560","G0560_05","inactive",2,1,1,3,2,1,1,2
"5596","G0560","G0560_06","inactive",1,4,14,5,11,16,1,4
"5597","G0560","G0560_07","inactive",8,7,22,17,12,22,6,17
"5598","G0560","G0560_08","inactive",7,5,4,4,5,11,2,7
"5599","G0560","G0560_09","inactive",8,8,12,7,6,28,5,18
"5600","G0560","G0560_10","inactive",5,4,10,5,10,8,2,2
"5601","G0561","G0561_01","inactive",4,6,9,2,7,11,2,6
"5602","G0561","G0561_02","inactive",27,20,37,28,31,40,11,44
"5603","G0561","G0561_03","inactive",26,32,57,28,23,49,16,30
"5604","G0561","G0561_04","inactive",19,28,34,8,19,34,6,19
"5605","G0561","G0561_05","inactive",4,5,17,2,0,1,1,3
"5606","G0561","G0561_06","inactive",7,7,9,7,4,15,0,18
"5607","G0561","G0561_07","inactive",8,8,19,7,9,15,5,11
"5608","G0561","G0561_08","inactive",8,10,16,12,7,19,8,21
"5609","G0561","G0561_09","inactive",4,7,4,6,5,6,2,10
"5610","G0561","G0561_10","inactive",2,16,7,8,9,19,2,9
"5611","G0562","G0562_01","inactive",9,14,18,12,10,23,8,15
"5612","G0562","G0562_02","inactive",8,12,5,7,5,16,7,8
"5613","G0562","G0562_03","inactive",14,8,16,6,16,17,15,14
"5614","G0562","G0562_04","inactive",3,2,2,3,2,0,0,2
"5615","G0562","G0562_05","inactive",6,5,22,8,9,11,5,3
"5616","G0562","G0562_06","inactive",1,6,8,9,5,7,4,11
"5617","G0562","G0562_07","inactive",4,3,14,6,9,12,4,8
"5618","G0562","G0562_08","inactive",13,11,3,16,13,11,0,12
"5619","G0562","G0562_09","inactive",4,16,22,8,9,14,4,14
"5620","G0562","G0562_10","inactive",1,5,6,10,2,8,4,14
"5621","G0563","G0563_01","inactive",3,6,13,8,8,11,3,15
"5622","G0563","G0563_02","inactive",1,8,7,7,2,6,0,6
"5623","G0563","G0563_03","inactive",11,5,11,6,13,5,4,7
"5624","G0563","G0563_04","inactive",2,4,11,12,5,4,1,19
"5625","G0563","G0563_05","inactive",20,24,20,24,17,30,10,22
"5626","G0563","G0563_06","inactive",22,19,36,17,14,30,11,16
"5627","G0563","G0563_07","inactive",4,9,11,18,7,13,4,12
"5628","G0563","G0563_08","inactive",1,2,14,0,3,7,1,2
"5629","G0563","G0563_09","inactive",4,2,2,2,2,3,3,1
"5630","G0563","G0563_10","inactive",12,6,7,16,19,9,0,22
"5631","G0564","G0564_01","inactive",3,3,13,9,7,7,5,14
"5632","G0564","G0564_02","inactive",3,6,5,6,5,14,2,9
"5633","G0564","G0564_03","inactive",4,4,14,12,3,11,4,24
"5634","G0564","G0564_04","inactive",9,7,12,8,10,5,2,13
"5635","G0564","G0564_05","inactive",7,7,14,17,8,13,5,22
"5636","G0564","G0564_06","inactive",3,14,15,12,6,15,4,12
"5637","G0564","G0564_07","inactive",3,2,3,4,0,3,1,3
"5638","G0564","G0564_08","inactive",6,15,26,11,11,24,11,14
"5639","G0564","G0564_09","inactive",8,7,6,7,6,11,3,9
"5640","G0564","G0564_10","inactive",0,2,5,1,2,8,1,3
"5641","G0565","G0565_01","inactive",5,7,8,9,8,15,3,11
"5642","G0565","G0565_02","inactive",9,13,24,16,11,23,7,16
"5643","G0565","G0565_03","inactive",5,5,9,3,1,6,3,3
"5644","G0565","G0565_04","inactive",23,17,32,23,27,27,17,15
"5645","G0565","G0565_05","inactive",13,15,21,13,16,20,12,24
"5646","G0565","G0565_06","inactive",4,3,12,2,11,5,2,8
"5647","G0565","G0565_07","inactive",0,3,0,0,2,2,0,0
"5648","G0565","G0565_08","inactive",2,4,0,2,4,2,1,6
"5649","G0565","G0565_09","inactive",6,6,23,7,11,13,5,19
"5650","G0565","G0565_10","inactive",6,18,19,12,12,17,6,28
"5651","G0566","G0566_01","inactive",10,18,31,20,10,15,15,20
"5652","G0566","G0566_02","inactive",15,4,18,17,14,20,3,15
"5653","G0566","G0566_03","inactive",12,11,31,17,10,32,5,20
"5654","G0566","G0566_04","inactive",9,5,12,2,6,4,2,10
"5655","G0566","G0566_05","inactive",3,7,7,13,13,10,2,16
"5656","G0566","G0566_06","inactive",7,9,14,9,14,16,6,8
"5657","G0566","G0566_07","inactive",0,1,1,1,3,0,0,7
"5658","G0566","G0566_08","inactive",3,3,9,3,3,6,1,6
"5659","G0566","G0566_09","inactive",7,1,10,3,8,16,5,3
"5660","G0566","G0566_10","inactive",1,0,8,6,6,2,4,2
"5661","G0567","G0567_01","inactive",1,4,7,2,1,5,0,3
"5662","G0567","G0567_02","inactive",3,6,4,5,2,11,0,8
"5663","G0567","G0567_03","inactive",3,5,8,6,5,10,7,7
"5664","G0567","G0567_04","inactive",26,31,57,23,38,55,8,33
"5665","G0567","G0567_05","inactive",4,9,5,5,7,11,3,8
"5666","G0567","G0567_06","inactive",1,4,11,7,3,3,4,4
"5667","G0567","G0567_07","inactive",8,4,17,14,5,11,6,8
"5668","G0567","G0567_08","inactive",2,5,12,8,3,8,3,10
"5669","G0567","G0567_09","inactive",7,8,13,12,7,8,4,17
"5670","G0567","G0567_10","inactive",15,46,32,23,21,46,13,38
"5671","G0568","G0568_01","decreasing",4,15,12,14,12,10,4,8
"5672","G0568","G0568_02","decreasing",6,9,7,3,7,13,1,3
"5673","G0568","G0568_03","decreasing",6,11,6,7,2,8,1,5
"5674","G0568","G0568_04","decreasing",10,12,15,10,8,7,6,7
"5675","G0568","G0568_05","decreasing",1,5,3,2,0,5,0,4
"5676","G0568","G0568_06","decreasing",1,2,2,0,0,3,0,2
"5677","G0568","G0568_07","decreasing",0,0,3,0,0,1,0,0
"5678","G0568","G0568_08","decreasing",0,2,2,1,0,6,2,0
"5679","G0568","G0568_09","decreasing",26,15,28,38,22,23,9,28
"5680","G0568","G0568_10","decreasing",4,5,18,8,3,9,2,7
"5681","G0569","G0569_01","inactive",6,21,21,16,12,33,2,11
"5682","G0569","G0569_02","inactive",8,11,17,7,7,13,3,18
"5683","G0569","G0569_03","inactive",2,2,6,4,5,3,1,11
"5684","G0569","G0569_04","inactive",7,5,20,7,9,4,4,11
"5685","G0569","G0569_05","inactive",3,7,6,12,9,10,1,13
"5686","G0569","G0569_06","inactive",2,4,8,10,6,7,4,16
"5687","G0569","G0569_07","inactive",9,17,29,9,6,26,12,13
"5688","G0569","G0569_08","inactive",3,5,17,16,17,10,9,13
"5689","G0569","G0569_09","inactive",6,10,13,6,5,14,3,5
"5690","G0569","G0569_10","inactive",10,17,31,17,24,16,13,29
"5691","G0570","G0570_01","inactive",5,9,19,11,4,14,6,9
"5692","G0570","G0570_02","inactive",11,11,20,1,9,14,2,6
"5693","G0570","G0570_03","inactive",8,4,6,1,2,10,1,5
"5694","G0570","G0570_04","inactive",12,7,21,20,23,13,9,16
"5695","G0570","G0570_05","inactive",5,11,7,8,10,7,1,9
"5696","G0570","G0570_06","inactive",1,10,11,2,8,12,6,13
"5697","G0570","G0570_07","inactive",2,10,7,6,0,11,2,5
"5698","G0570","G0570_08","inactive",5,6,7,12,4,9,3,8
"5699","G0570","G0570_09","inactive",1,6,5,9,2,11,4,11
"5700","G0570","G0570_10","inactive",4,7,20,6,4,16,6,15
"5701","G0571","G0571_01","inactive",8,9,34,21,19,24,7,29
"5702","G0571","G0571_02","inactive",0,6,6,2,1,8,0,6
"5703","G0571","G0571_03","inactive",9,7,23,6,7,17,5,16
"5704","G0571","G0571_04","inactive",1,3,6,1,2,7,3,0
"5705","G0571","G0571_05","inactive",16,24,28,15,23,43,10,26
"5706","G0571","G0571_06","inactive",20,20,21,16,15,29,4,17
"5707","G0571","G0571_07","inactive",1,2,2,3,3,8,1,8
"5708","G0571","G0571_08","inactive",4,2,13,6,9,7,4,9
"5709","G0571","G0571_09","inactive",3,8,14,12,6,12,1,10
"5710","G0571","G0571_10","inactive",11,30,38,17,21,30,8,24
"5711","G0572","G0572_01","inactive",7,7,11,11,7,20,4,21
"5712","G0572","G0572_02","inactive",23,22,31,13,26,31,2,17
"5713","G0572","G0572_03","inactive",8,5,10,5,13,6,4,11
"5714","G0572","G0572_04","inactive",19,19,32,23,23,33,16,26
"5715","G0572","G0572_05","inactive",0,0,6,5,5,4,1,5
"5716","G0572","G0572_06","inactive",1,4,5,3,3,8,4,3
"5717","G0572","G0572_07","inactive",11,13,32,19,21,25,4,27
"5718","G0572","G0572_08","inactive",8,16,10,4,11,15,2,5
"5719","G0572","G0572_09","inactive",11,21,17,14,19,25,5,18
"5720","G0572","G0572_10","inactive",5,6,17,8,7,14,2,7
"5721","G0573","G0573_01","decreasing",5,16,13,9,16,20,6,12
"5722","G0573","G0573_02","decreasing",4,1,6,8,7,4,0,5
"5723","G0573","G0573_03","decreasing",31,47,41,44,36,38,9,49
"5724","G0573","G0573_04","decreasing",7,15,16,13,5,11,5,18
"5725","G0573","G0573_05","decreasing",34,50,80,57,38,60,18,50
"5726","G0573","G0573_06","decreasing",21,17,23,19,25,26,5,13
"5727","G0573","G0573_07","decreasing",6,13,10,8,7,7,4,5
"5728","G0573","G0573_08","decreasing",2,4,4,7,6,6,0,7
"5729","G0573","G0573_09","decreasing",2,3,9,3,5,0,0,3
"5730","G0573","G0573_10","decreasing",4,9,10,12,6,8,2,10
"5731","G0574","G0574_01","inactive",9,4,5,3,15,14,2,10
"5732","G0574","G0574_02","inactive",11,6,6,12,4,17,5,10
"5733","G0574","G0574_03","inactive",5,12,6,8,5,6,2,5
"5734","G0574","G0574_04","inactive",0,3,7,3,3,5,5,1
"5735","G0574","G0574_05","inactive",25,25,46,30,31,51,20,44
"5736","G0574","G0574_06","inactive",3,12,19,11,6,16,5,9
"5737","G0574","G0574_07","inactive",9,17,26,19,18,20,8,14
"5738","G0574","G0574_08","inactive",1,4,11,5,5,4,2,5
"5739","G0574","G0574_09","inactive",5,11,12,7,7,20,2,6
"5740","G0574","G0574_10","inactive",5,8,14,10,11,7,5,17
"5741","G0575","G0575_01","inactive",2,13,13,3,5,16,1,6
"5742","G0575","G0575_02","inactive",14,32,32,21,24,36,11,32
"5743","G0575","G0575_03","inactive",1,1,13,3,4,8,4,2
"5744","G0575","G0575_04","inactive",6,8,5,1,3,8,1,5
"5745","G0575","G0575_05","inactive",10,14,27,12,27,23,8,17
"5746","G0575","G0575_06","inactive",1,7,6,5,5,8,1,7
"5747","G0575","G0575_07","inactive",13,7,20,17,13,13,3,17
"5748","G0575","G0575_08","inactive",9,11,29,16,8,22,7,20
"5749","G0575","G0575_09","inactive",7,7,21,6,9,15,2,13
"5750","G0575","G0575_10","inactive",10,21,15,14,12,11,3,15
"5751","G0576","G0576_01","increasing",4,11,8,10,8,14,7,16
"5752","G0576","G0576_02","increasing",0,4,3,4,0,10,2,5
"5753","G0576","G0576_03","increasing",7,4,21,9,16,34,7,22
"5754","G0576","G0576_04","increasing",12,31,36,20,27,45,17,35
"5755","G0576","G0576_05","increasing",8,0,14,6,4,11,5,4
"5756","G0576","G0576_06","increasing",1,2,9,3,14,13,6,5
"5757","G0576","G0576_07","increasing",4,2,5,2,3,11,3,8
"5758","G0576","G0576_08","increasing",3,10,19,12,21,21,7,21
"5759","G0576","G0576_09","increasing",5,9,13,13,18,26,4,15
"5760","G0576","G0576_10","increasing",12,12,11,14,15,22,8,15
"5761","G0577","G0577_01","inactive",8,9,16,9,13,34,6,5
"5762","G0577","G0577_02","inactive",4,4,6,5,3,7,2,15
"5763","G0577","G0577_03","inactive",8,10,41,11,10,23,14,10
"5764","G0577","G0577_04","inactive",12,20,25,30,18,24,9,36
"5765","G0577","G0577_05","inactive",10,13,17,7,10,24,9,11
"5766","G0577","G0577_06","inactive",19,25,13,9,16,27,5,21
"5767","G0577","G0577_07","inactive",5,13,12,8,9,13,4,11
"5768","G0577","G0577_08","inactive",8,6,18,5,24,8,4,8
"5769","G0577","G0577_09","inactive",2,6,8,5,5,9,0,2
"5770","G0577","G0577_10","inactive",10,29,28,41,13,23,8,25
"5771","G0578","G0578_01","inactive",1,7,2,3,0,2,1,3
"5772","G0578","G0578_02","inactive",4,6,14,10,11,15,1,15
"5773","G0578","G0578_03","inactive",6,24,23,14,16,27,12,23
"5774","G0578","G0578_04","inactive",1,10,10,10,5,14,5,17
"5775","G0578","G0578_05","inactive",1,2,7,5,3,4,1,4
"5776","G0578","G0578_06","inactive",31,48,57,36,30,71,19,49
"5777","G0578","G0578_07","inactive",18,28,30,15,20,26,8,31
"5778","G0578","G0578_08","inactive",2,6,7,4,6,11,1,9
"5779","G0578","G0578_09","inactive",1,1,3,2,4,6,2,3
"5780","G0578","G0578_10","inactive",8,9,11,4,7,4,6,9
"5781","G0579","G0579_01","inactive",3,8,9,1,4,8,3,1
"5782","G0579","G0579_02","inactive",14,9,12,16,5,30,4,16
"5783","G0579","G0579_03","inactive",5,8,22,13,5,3,6,10
"5784","G0579","G0579_04","inactive",1,4,8,1,0,4,2,7
"5785","G0579","G0579_05","inactive",0,1,4,3,0,4,1,4
"5786","G0579","G0579_06","inactive",11,15,35,15,14,32,9,18
"5787","G0579","G0579_07","inactive",4,2,8,2,4,11,4,5
"5788","G0579","G0579_08","inactive",15,22,33,19,19,28,6,30
"5789","G0579","G0579_09","inactive",4,5,14,10,4,9,1,5
"5790","G0579","G0579_10","inactive",2,10,13,11,14,22,5,12
"5791","G0580","G0580_01","negcontrol",2,4,11,15,4,5,3,14
"5792","G0580","G0580_02","negcontrol",6,3,8,2,2,13,0,2
"5793","G0580","G0580_03","negcontrol",6,12,8,4,4,12,3,7
"5794","G0580","G0580_04","negcontrol",7,1,6,3,3,9,0,7
"5795","G0580","G0580_05","negcontrol",0,6,1,1,2,3,0,1
"5796","G0580","G0580_06","negcontrol",2,6,15,6,4,12,3,6
"5797","G0580","G0580_07","negcontrol",1,7,10,7,13,13,5,13
"5798","G0580","G0580_08","negcontrol",0,1,4,4,0,4,2,2
"5799","G0580","G0580_09","negcontrol",5,2,6,2,2,5,1,4
"5800","G0580","G0580_10","negcontrol",2,7,4,2,2,2,3,2
"5801","G0581","G0581_01","inactive",8,15,21,12,13,12,7,10
"5802","G0581","G0581_02","inactive",6,5,8,5,7,17,6,3
"5803","G0581","G0581_03","inactive",2,3,6,1,1,9,0,6
"5804","G0581","G0581_04","inactive",4,19,15,7,14,28,4,13
"5805","G0581","G0581_05","inactive",9,4,20,3,14,5,5,5
"5806","G0581","G0581_06","inactive",6,5,6,11,5,6,1,14
"5807","G0581","G0581_07","inactive",20,38,45,23,52,50,10,30
"5808","G0581","G0581_08","inactive",3,3,4,13,9,8,2,10
"5809","G0581","G0581_09","inactive",3,4,4,9,6,14,1,12
"5810","G0581","G0581_10","inactive",9,7,19,14,19,12,7,7
"5811","G0582","G0582_01","inactive",2,5,12,8,3,6,4,9
"5812","G0582","G0582_02","inactive",19,17,35,13,17,33,3,22
"5813","G0582","G0582_03","inactive",2,5,14,10,5,6,6,11
"5814","G0582","G0582_04","inactive",5,6,7,5,9,5,3,7
"5815","G0582","G0582_05","inactive",5,6,5,6,9,11,4,4
"5816","G0582","G0582_06","inactive",5,11,9,12,3,8,1,9
"5817","G0582","G0582_07","inactive",16,19,30,22,19,29,7,26
"5818","G0582","G0582_08","inactive",1,4,6,2,4,9,2,14
"5819","G0582","G0582_09","inactive",3,3,11,5,7,7,5,8
"5820","G0582","G0582_10","inactive",0,3,7,1,2,4,2,3
"5821","G0583","G0583_01","inactive",2,8,9,3,4,6,3,5
"5822","G0583","G0583_02","inactive",0,2,3,5,2,4,1,12
"5823","G0583","G0583_03","inactive",8,14,26,22,11,25,13,21
"5824","G0583","G0583_04","inactive",1,6,3,4,7,5,2,8
"5825","G0583","G0583_05","inactive",12,16,22,23,19,21,6,22
"5826","G0583","G0583_06","inactive",2,3,6,3,1,7,3,5
"5827","G0583","G0583_07","inactive",3,23,18,8,17,29,0,10
"5828","G0583","G0583_08","inactive",4,8,3,8,3,3,6,5
"5829","G0583","G0583_09","inactive",5,4,15,8,5,13,4,5
"5830","G0583","G0583_10","inactive",7,10,15,21,20,14,4,16
"5831","G0584","G0584_01","inactive",12,12,25,14,11,20,6,13
"5832","G0584","G0584_02","inactive",4,13,2,8,3,19,1,9
"5833","G0584","G0584_03","inactive",3,9,14,5,11,9,7,8
"5834","G0584","G0584_04","inactive",9,18,24,15,9,32,6,15
"5835","G0584","G0584_05","inactive",6,13,8,4,7,7,0,7
"5836","G0584","G0584_06","inactive",8,6,14,8,5,14,2,11
"5837","G0584","G0584_07","inactive",6,5,6,5,7,16,3,13
"5838","G0584","G0584_08","inactive",5,12,19,11,17,25,4,22
"5839","G0584","G0584_09","inactive",10,3,10,8,11,8,1,14
"5840","G0584","G0584_10","inactive",4,1,9,3,1,8,1,3
"5841","G0585","G0585_01","decreasing",10,13,23,10,14,8,11,13
"5842","G0585","G0585_02","decreasing",4,3,8,5,8,10,2,7
"5843","G0585","G0585_03","decreasing",6,7,12,6,11,7,1,8
"5844","G0585","G0585_04","decreasing",13,21,36,19,10,20,9,19
"5845","G0585","G0585_05","decreasing",6,5,10,4,3,5,1,5
"5846","G0585","G0585_06","decreasing",4,9,26,17,5,24,9,7
"5847","G0585","G0585_07","decreasing",2,5,21,16,5,10,2,5
"5848","G0585","G0585_08","decreasing",4,1,5,1,3,4,1,5
"5849","G0585","G0585_09","decreasing",0,3,14,6,2,3,1,9
"5850","G0585","G0585_10","decreasing",4,4,6,5,0,1,3,8
"5851","G0586","G0586_01","inactive",41,32,43,50,44,51,23,66
"5852","G0586","G0586_02","inactive",4,8,6,16,7,5,1,8
"5853","G0586","G0586_03","inactive",2,1,3,5,8,3,1,3
"5854","G0586","G0586_04","inactive",1,4,9,3,5,4,1,4
"5855","G0586","G0586_05","inactive",0,0,1,1,0,1,0,1
"5856","G0586","G0586_06","inactive",3,5,9,4,6,8,1,11
"5857","G0586","G0586_07","inactive",13,15,23,20,19,23,7,8
"5858","G0586","G0586_08","inactive",12,15,12,13,10,16,7,8
"5859","G0586","G0586_09","inactive",4,8,4,13,9,14,1,12
"5860","G0586","G0586_10","inactive",3,1,10,1,12,4,3,10
"5861","G0587","G0587_01","increasing",8,5,14,5,9,11,3,9
"5862","G0587","G0587_02","increasing",17,18,13,21,20,37,8,38
"5863","G0587","G0587_03","increasing",0,2,11,6,5,2,4,9
"5864","G0587","G0587_04","increasing",5,9,17,9,9,19,6,12
"5865","G0587","G0587_05","increasing",5,4,10,8,2,12,0,2
"5866","G0587","G0587_06","increasing",8,14,21,18,19,13,6,14
"5867","G0587","G0587_07","increasing",3,5,17,13,13,14,5,23
"5868","G0587","G0587_08","increasing",3,3,5,3,3,9,5,4
"5869","G0587","G0587_09","increasing",5,3,4,1,1,1,2,0
"5870","G0587","G0587_10","increasing",7,4,13,5,4,8,1,13
"5871","G0588","G0588_01","inactive",2,9,13,11,8,16,3,9
"5872","G0588","G0588_02","inactive",9,4,15,6,6,3,3,3
"5873","G0588","G0588_03","inactive",3,6,8,4,9,7,6,6
"5874","G0588","G0588_04","inactive",3,12,9,6,8,7,6,4
"5875","G0588","G0588_05","inactive",0,5,20,3,2,12,8,4
"5876","G0588","G0588_06","inactive",3,10,27,11,10,16,5,10
"5877","G0588","G0588_07","inactive",19,6,11,17,8,5,8,17
"5878","G0588","G0588_08","inactive",1,2,1,4,3,5,2,2
"5879","G0588","G0588_09","inactive",14,9,28,20,18,13,8,22
"5880","G0588","G0588_10","inactive",1,2,0,1,0,3,2,1
"5881","G0589","G0589_01","inactive",6,8,7,7,8,6,2,11
"5882","G0589","G0589_02","inactive",6,5,7,13,2,13,1,19
"5883","G0589","G0589_03","inactive",8,15,34,30,11,24,13,24
"5884","G0589","G0589_04","inactive",4,9,31,13,9,12,6,13
"5885","G0589","G0589_05","inactive",6,4,10,5,4,5,5,5
"5886","G0589","G0589_06","inactive",6,4,7,8,7,12,4,11
"5887","G0589","G0589_07","inactive",8,10,17,9,16,18,3,16
"5888","G0589","G0589_08","inactive",4,6,6,5,6,5,2,5
"5889","G0589","G0589_09","inactive",10,7,10,11,4,10,2,14
"5890","G0589","G0589_10","inactive",7,6,10,9,7,6,5,12
"5891","G0590","G0590_01","inactive",8,11,15,8,15,30,4,9
"5892","G0590","G0590_02","inactive",6,7,28,10,4,28,8,12
"5893","G0590","G0590_03","inactive",11,37,32,23,22,35,6,14
"5894","G0590","G0590_04","inactive",8,19,11,13,7,37,1,12
"5895","G0590","G0590_05","inactive",10,6,13,16,10,3,5,20
"5896","G0590","G0590_06","inactive",3,3,4,6,8,10,1,12
"5897","G0590","G0590_07","inactive",9,11,33,10,17,30,12,14
"5898","G0590","G0590_08","inactive",4,3,12,2,1,4,4,3
"5899","G0590","G0590_09","inactive",5,3,9,5,8,8,2,7
"5900","G0590","G0590_10","inactive",16,26,22,24,18,36,10,20
"5901","G0591","G0591_01","inactive",5,2,8,4,1,6,2,7
"5902","G0591","G0591_02","inactive",10,8,32,11,7,10,8,19
"5903","G0591","G0591_03","inactive",2,7,9,6,5,5,8,7
"5904","G0591","G0591_04","inactive",25,36,61,28,38,55,20,43
"5905","G0591","G0591_05","inactive",3,9,11,5,4,15,5,8
"5906","G0591","G0591_06","inactive",3,14,7,5,19,21,3,7
"5907","G0591","G0591_07","inactive",18,25,32,32,18,34,24,31
"5908","G0591","G0591_08","inactive",5,22,20,9,15,18,11,11
"5909","G0591","G0591_09","inactive",2,1,0,4,1,2,0,3
"5910","G0591","G0591_10","inactive",12,8,3,12,6,9,4,16
"5911","G0592","G0592_01","inactive",1,3,3,4,0,2,2,6
"5912","G0592","G0592_02","inactive",1,2,0,4,1,1,0,9
"5913","G0592","G0592_03","inactive",26,29,52,46,37,30,17,68
"5914","G0592","G0592_04","inactive",7,6,10,4,5,6,3,8
"5915","G0592","G0592_05","inactive",5,1,8,9,10,10,6,6
"5916","G0592","G0592_06","inactive",9,8,15,10,7,16,14,17
"5917","G0592","G0592_07","inactive",3,4,2,5,5,10,5,2
"5918","G0592","G0592_08","inactive",7,1,4,9,6,5,1,4
"5919","G0592","G0592_09","inactive",4,11,23,13,3,17,8,23
"5920","G0592","G0592_10","inactive",3,11,8,2,7,5,2,4
"5921","G0593","G0593_01","inactive",10,12,16,14,11,8,6,10
"5922","G0593","G0593_02","inactive",18,42,53,34,48,63,8,51
"5923","G0593","G0593_03","inactive",6,12,12,11,8,10,3,11
"5924","G0593","G0593_04","inactive",4,4,22,5,4,11,6,9
"5925","G0593","G0593_05","inactive",0,7,3,9,3,9,2,9
"5926","G0593","G0593_06","inactive",5,5,12,9,6,10,4,4
"5927","G0593","G0593_07","inactive",3,17,7,7,5,7,2,5
"5928","G0593","G0593_08","inactive",5,5,4,4,3,5,1,0
"5929","G0593","G0593_09","inactive",8,16,11,12,8,8,1,12
"5930","G0593","G0593_10","inactive",4,13,6,3,3,12,2,6
"5931","G0594","G0594_01","inactive",20,19,42,19,38,29,21,28
"5932","G0594","G0594_02","inactive",6,9,22,3,6,11,9,16
"5933","G0594","G0594_03","inactive",4,2,5,5,3,1,5,5
"5934","G0594","G0594_04","inactive",14,16,20,11,14,23,13,26
"5935","G0594","G0594_05","inactive",7,5,9,11,6,9,4,16
"5936","G0594","G0594_06","inactive",7,6,23,12,10,14,12,9
"5937","G0594","G0594_07","inactive",7,0,6,8,4,1,1,4
"5938","G0594","G0594_08","inactive",4,5,8,4,6,10,4,4
"5939","G0594","G0594_09","inactive",5,3,17,14,8,12,1,15
"5940","G0594","G0594_10","inactive",8,9,29,23,19,22,13,20
"5941","G0595","G0595_01","inactive",16,27,44,39,38,37,14,38
"5942","G0595","G0595_02","inactive",17,20,20,24,35,38,4,25
"5943","G0595","G0595_03","inactive",5,5,15,7,11,11,3,13
"5944","G0595","G0595_04","inactive",1,6,7,4,5,11,1,4
"5945","G0595","G0595_05","inactive",12,18,14,5,19,19,9,12
"5946","G0595","G0595_06","inactive",1,5,4,3,1,1,3,4
"5947","G0595","G0595_07","inactive",7,10,5,5,5,14,2,7
"5948","G0595","G0595_08","inactive",5,10,19,12,7,14,13,10
"5949","G0595","G0595_09","inactive",8,12,20,11,11,15,7,16
"5950","G0595","G0595_10","inactive",10,13,16,22,18,25,7,14
"5951","G0596","G0596_01","inactive",7,9,21,17,18,16,10,15
"5952","G0596","G0596_02","inactive",4,4,17,6,1,10,6,8
"5953","G0596","G0596_03","inactive",5,10,28,16,10,33,7,8
"5954","G0596","G0596_04","inactive",11,11,17,10,7,15,7,16
"5955","G0596","G0596_05","inactive",12,15,15,8,15,28,4,16
"5956","G0596","G0596_06","inactive",2,6,3,5,3,5,3,4
"5957","G0596","G0596_07","inactive",2,3,2,1,6,0,1,5
"5958","G0596","G0596_08","inactive",9,23,31,22,17,28,11,26
"5959","G0596","G0596_09","inactive",10,6,21,9,8,7,9,15
"5960","G0596","G0596_10","inactive",1,3,6,2,2,5,7,6
"5961","G0597","G0597_01","inactive",2,4,11,7,4,7,1,7
"5962","G0597","G0597_02","inactive",4,5,6,0,4,6,2,1
"5963","G0597","G0597_03","inactive",17,19,40,15,30,29,10,26
"5964","G0597","G0597_04","inactive",8,11,14,8,14,12,4,7
"5965","G0597","G0597_05","inactive",9,10,14,7,11,12,6,15
"5966","G0597","G0597_06","inactive",12,8,12,12,21,11,7,11
"5967","G0597","G0597_07","inactive",5,14,7,10,6,11,2,10
"5968","G0597","G0597_08","inactive",7,7,9,6,8,15,4,7
"5969","G0597","G0597_09","inactive",17,27,35,17,35,35,13,27
"5970","G0597","G0597_10","inactive",1,8,8,11,11,9,5,13
"5971","G0598","G0598_01","inactive",2,2,4,2,2,4,3,3
"5972","G0598","G0598_02","inactive",1,6,3,4,4,12,3,4
"5973","G0598","G0598_03","inactive",4,20,6,6,12,15,4,14
"5974","G0598","G0598_04","inactive",7,21,19,10,11,18,10,12
"5975","G0598","G0598_05","inactive",0,5,5,4,14,7,0,8
"5976","G0598","G0598_06","inactive",6,15,14,8,12,21,5,12
"5977","G0598","G0598_07","inactive",12,10,27,5,5,14,11,7
"5978","G0598","G0598_08","inactive",7,5,9,4,8,13,7,8
"5979","G0598","G0598_09","inactive",7,2,19,6,11,8,8,9
"5980","G0598","G0598_10","inactive",1,11,7,4,10,7,4,5
"5981","G0599","G0599_01","decreasing",7,8,14,5,12,8,4,14
"5982","G0599","G0599_02","decreasing",3,11,28,11,2,24,5,11
"5983","G0599","G0599_03","decreasing",6,7,20,8,5,11,2,6
"5984","G0599","G0599_04","decreasing",9,24,14,20,17,19,5,24
"5985","G0599","G0599_05","decreasing",2,6,6,5,4,7,4,4
"5986","G0599","G0599_06","decreasing",4,5,6,7,5,13,2,4
"5987","G0599","G0599_07","decreasing",20,24,24,21,19,26,6,16
"5988","G0599","G0599_08","decreasing",2,4,10,0,5,6,1,5
"5989","G0599","G0599_09","decreasing",5,9,2,1,10,7,1,1
"5990","G0599","G0599_10","decreasing",14,35,42,44,21,44,9,43
"5991","G0600","G0600_01","inactive",13,17,19,13,10,15,4,24
"5992","G0600","G0600_02","inactive",6,5,5,10,5,14,3,21
"5993","G0600","G0600_03","inactive",13,18,27,23,19,36,6,28
"5994","G0600","G0600_04","inactive",19,30,47,27,22,52,10,25
"5995","G0600","G0600_05","inactive",10,25,25,17,14,20,7,13
"5996","G0600","G0600_06","inactive",13,19,39,24,18,20,11,26
"5997","G0600","G0600_07","inactive",2,8,20,10,9,14,6,9
"5998","G0600","G0600_08","inactive",6,9,6,6,11,13,2,16
"5999","G0600","G0600_09","inactive",7,7,13,10,8,8,8,2
"6000","G0600","G0600_10","inactive",8,14,15,8,13,23,7,15
"6001","G0601","G0601_01","inactive",9,21,21,6,9,13,1,3
"6002","G0601","G0601_02","inactive",4,25,16,17,7,23,5,21
"6003","G0601","G0601_03","inactive",6,17,21,13,5,23,5,15
"6004","G0601","G0601_04","inactive",3,4,12,1,9,5,6,4
"6005","G0601","G0601_05","inactive",16,19,27,18,24,25,5,26
"6006","G0601","G0601_06","inactive",5,2,9,1,3,4,2,4
"6007","G0601","G0601_07","inactive",5,6,11,7,9,9,4,12
"6008","G0601","G0601_08","inactive",10,13,16,12,19,29,6,22
"6009","G0601","G0601_09","inactive",2,3,7,9,4,1,1,3
"6010","G0601","G0601_10","inactive",1,17,12,7,8,15,4,21
"6011","G0602","G0602_01","inactive",4,10,16,5,10,23,6,6
"6012","G0602","G0602_02","inactive",7,19,23,18,9,16,4,17
"6013","G0602","G0602_03","inactive",1,3,6,10,3,10,3,8
"6014","G0602","G0602_04","inactive",1,1,2,2,2,8,4,2
"6015","G0602","G0602_05","inactive",4,6,13,9,10,10,6,10
"6016","G0602","G0602_06","inactive",4,9,12,10,2,6,6,16
"6017","G0602","G0602_07","inactive",12,15,15,6,11,15,5,9
"6018","G0602","G0602_08","inactive",13,3,2,9,11,9,2,11
"6019","G0602","G0602_09","inactive",6,5,10,5,12,10,3,11
"6020","G0602","G0602_10","inactive",3,8,9,6,9,20,5,12
"6021","G0603","G0603_01","negcontrol",6,4,20,5,16,13,9,20
"6022","G0603","G0603_02","negcontrol",6,10,25,8,10,19,9,15
"6023","G0603","G0603_03","negcontrol",15,31,33,27,20,34,11,32
"6024","G0603","G0603_04","negcontrol",5,4,6,5,6,10,0,4
"6025","G0603","G0603_05","negcontrol",6,11,30,19,12,15,7,14
"6026","G0603","G0603_06","negcontrol",50,51,57,45,54,85,20,95
"6027","G0603","G0603_07","negcontrol",2,10,18,4,4,10,1,5
"6028","G0603","G0603_08","negcontrol",4,3,3,1,9,5,0,7
"6029","G0603","G0603_09","negcontrol",3,3,2,5,8,2,3,7
"6030","G0603","G0603_10","negcontrol",3,13,10,20,9,19,4,25
"6031","G0604","G0604_01","decreasing",11,21,22,20,22,25,8,19
"6032","G0604","G0604_02","decreasing",4,4,3,3,0,10,1,2
"6033","G0604","G0604_03","decreasing",1,0,11,1,2,3,1,1
"6034","G0604","G0604_04","decreasing",1,0,3,3,5,2,0,3
"6035","G0604","G0604_05","decreasing",5,6,7,19,2,8,1,14
"6036","G0604","G0604_06","decreasing",11,8,24,16,10,8,2,13
"6037","G0604","G0604_07","decreasing",9,3,4,11,3,2,1,3
"6038","G0604","G0604_08","decreasing",9,11,25,15,10,10,3,4
"6039","G0604","G0604_09","decreasing",0,6,2,4,5,9,1,18
"6040","G0604","G0604_10","decreasing",10,13,21,17,11,18,2,16
"6041","G0605","G0605_01","negcontrol",12,18,39,28,31,35,9,34
"6042","G0605","G0605_02","negcontrol",8,14,16,15,12,9,4,12
"6043","G0605","G0605_03","negcontrol",29,38,53,40,49,51,30,45
"6044","G0605","G0605_04","negcontrol",3,5,12,6,3,14,4,7
"6045","G0605","G0605_05","negcontrol",3,4,12,8,6,15,6,7
"6046","G0605","G0605_06","negcontrol",6,15,15,18,7,17,11,19
"6047","G0605","G0605_07","negcontrol",11,11,39,17,13,18,10,27
"6048","G0605","G0605_08","negcontrol",1,7,8,4,7,7,4,3
"6049","G0605","G0605_09","negcontrol",1,1,9,2,4,8,2,1
"6050","G0605","G0605_10","negcontrol",4,8,3,11,6,7,1,5
"6051","G0606","G0606_01","inactive",3,6,11,8,14,3,2,10
"6052","G0606","G0606_02","inactive",28,19,28,12,16,21,14,16
"6053","G0606","G0606_03","inactive",0,3,4,3,2,3,0,5
"6054","G0606","G0606_04","inactive",0,3,7,0,0,4,0,0
"6055","G0606","G0606_05","inactive",6,13,15,16,15,22,10,18
"6056","G0606","G0606_06","inactive",7,11,12,4,7,16,4,13
"6057","G0606","G0606_07","inactive",1,1,5,6,8,7,1,16
"6058","G0606","G0606_08","inactive",3,17,31,17,13,29,15,12
"6059","G0606","G0606_09","inactive",3,12,6,5,4,21,0,5
"6060","G0606","G0606_10","inactive",7,4,11,6,8,11,5,6
"6061","G0607","G0607_01","inactive",0,0,13,4,11,6,3,12
"6062","G0607","G0607_02","inactive",3,11,10,8,1,4,4,8
"6063","G0607","G0607_03","inactive",9,6,11,9,3,12,10,16
"6064","G0607","G0607_04","inactive",5,9,12,15,8,14,5,18
"6065","G0607","G0607_05","inactive",12,17,26,10,16,19,9,18
"6066","G0607","G0607_06","inactive",2,4,5,1,2,2,1,3
"6067","G0607","G0607_07","inactive",14,15,21,14,22,21,10,9
"6068","G0607","G0607_08","inactive",1,9,4,6,6,4,0,6
"6069","G0607","G0607_09","inactive",11,14,11,13,11,24,4,17
"6070","G0607","G0607_10","inactive",7,14,13,6,11,12,6,13
"6071","G0608","G0608_01","decreasing",6,5,15,19,6,9,5,10
"6072","G0608","G0608_02","decreasing",4,3,6,8,3,2,1,4
"6073","G0608","G0608_03","decreasing",1,3,11,8,1,5,3,4
"6074","G0608","G0608_04","decreasing",14,30,54,28,19,37,9,24
"6075","G0608","G0608_05","decreasing",1,5,7,11,3,6,4,12
"6076","G0608","G0608_06","decreasing",13,11,5,6,8,7,0,0
"6077","G0608","G0608_07","decreasing",1,10,17,17,6,9,5,14
"6078","G0608","G0608_08","decreasing",15,10,43,3,7,18,4,9
"6079","G0608","G0608_09","decreasing",7,6,8,7,2,6,2,4
"6080","G0608","G0608_10","decreasing",6,7,27,19,4,11,6,7
"6081","G0609","G0609_01","inactive",10,19,21,8,15,31,11,22
"6082","G0609","G0609_02","inactive",3,4,11,2,8,6,5,2
"6083","G0609","G0609_03","inactive",2,8,6,1,0,4,3,8
"6084","G0609","G0609_04","inactive",5,5,10,4,10,11,1,12
"6085","G0609","G0609_05","inactive",7,13,17,14,5,24,7,9
"6086","G0609","G0609_06","inactive",8,10,7,8,7,9,4,15
"6087","G0609","G0609_07","inactive",4,7,13,10,9,12,6,6
"6088","G0609","G0609_08","inactive",9,1,8,2,4,8,4,6
"6089","G0609","G0609_09","inactive",11,5,23,15,11,27,4,18
"6090","G0609","G0609_10","inactive",5,15,21,10,6,21,5,23
"6091","G0610","G0610_01","inactive",5,16,18,11,6,16,4,10
"6092","G0610","G0610_02","inactive",2,11,17,6,10,8,9,17
"6093","G0610","G0610_03","inactive",2,5,6,3,5,5,1,4
"6094","G0610","G0610_04","inactive",10,14,26,25,11,13,9,34
"6095","G0610","G0610_05","inactive",18,39,63,26,32,51,29,56
"6096","G0610","G0610_06","inactive",34,36,77,37,44,60,21,58
"6097","G0610","G0610_07","inactive",4,8,8,4,12,11,2,15
"6098","G0610","G0610_08","inactive",8,10,16,7,12,22,9,11
"6099","G0610","G0610_09","inactive",3,5,7,5,9,6,1,6
"6100","G0610","G0610_10","inactive",1,3,5,5,4,3,2,6
"6101","G0611","G0611_01","inactive",0,8,11,3,1,7,2,5
"6102","G0611","G0611_02","inactive",7,7,15,3,6,8,7,7
"6103","G0611","G0611_03","inactive",23,32,37,20,26,38,7,29
"6104","G0611","G0611_04","inactive",1,12,12,7,2,14,7,8
"6105","G0611","G0611_05","inactive",13,10,16,14,14,25,8,24
"6106","G0611","G0611_06","inactive",0,0,3,4,0,1,2,3
"6107","G0611","G0611_07","inactive",6,9,9,13,14,17,6,18
"6108","G0611","G0611_08","inactive",3,3,14,3,10,8,1,15
"6109","G0611","G0611_09","inactive",1,4,4,6,3,9,3,2
"6110","G0611","G0611_10","inactive",4,4,7,3,6,17,4,9
"6111","G0612","G0612_01","increasing",5,6,7,3,7,10,0,5
"6112","G0612","G0612_02","increasing",8,4,14,8,4,9,5,10
"6113","G0612","G0612_03","increasing",3,4,2,1,9,10,2,8
"6114","G0612","G0612_04","increasing",12,8,12,16,19,25,13,17
"6115","G0612","G0612_05","increasing",7,13,18,17,13,19,10,22
"6116","G0612","G0612_06","increasing",1,0,3,1,1,0,0,2
"6117","G0612","G0612_07","increasing",11,6,12,9,10,7,4,10
"6118","G0612","G0612_08","increasing",9,8,13,7,12,25,11,5
"6119","G0612","G0612_09","increasing",2,7,12,2,7,15,2,3
"6120","G0612","G0612_10","increasing",24,45,64,26,38,91,29,54
"6121","G0613","G0613_01","inactive",4,3,12,4,5,5,1,4
"6122","G0613","G0613_02","inactive",3,2,8,7,4,1,0,6
"6123","G0613","G0613_03","inactive",6,9,14,3,5,14,4,9
"6124","G0613","G0613_04","inactive",1,5,12,1,0,2,2,5
"6125","G0613","G0613_05","inactive",14,10,22,12,23,29,11,18
"6126","G0613","G0613_06","inactive",4,3,2,10,5,6,1,3
"6127","G0613","G0613_07","inactive",2,16,28,2,4,15,6,11
"6128","G0613","G0613_08","inactive",4,7,14,6,6,11,2,11
"6129","G0613","G0613_09","inactive",3,9,31,8,7,15,9,26
"6130","G0613","G0613_10","inactive",41,80,69,45,54,80,32,63
"6131","G0614","G0614_01","inactive",1,3,1,4,0,1,1,0
"6132","G0614","G0614_02","inactive",4,2,7,5,2,1,4,5
"6133","G0614","G0614_03","inactive",2,1,7,3,3,0,1,6
"6134","G0614","G0614_04","inactive",3,8,11,3,12,2,3,7
"6135","G0614","G0614_05","inactive",1,3,9,2,6,5,0,3
"6136","G0614","G0614_06","inactive",2,5,14,6,1,7,1,10
"6137","G0614","G0614_07","inactive",3,11,8,11,7,15,4,14
"6138","G0614","G0614_08","inactive",9,14,10,5,1,14,9,11
"6139","G0614","G0614_09","inactive",3,5,4,7,4,6,0,8
"6140","G0614","G0614_10","inactive",3,7,4,5,5,6,3,8
"6141","G0615","G0615_01","inactive",5,3,20,7,8,9,5,12
"6142","G0615","G0615_02","inactive",3,13,9,13,5,14,2,10
"6143","G0615","G0615_03","inactive",10,11,26,13,15,17,8,21
"6144","G0615","G0615_04","inactive",4,6,9,9,7,13,3,9
"6145","G0615","G0615_05","inactive",8,10,21,7,15,18,5,16
"6146","G0615","G0615_06","inactive",8,23,16,13,6,19,8,20
"6147","G0615","G0615_07","inactive",4,13,7,6,17,16,9,12
"6148","G0615","G0615_08","inactive",0,4,5,3,2,9,0,0
"6149","G0615","G0615_09","inactive",8,8,10,7,6,10,7,9
"6150","G0615","G0615_10","inactive",0,10,11,8,16,21,0,8
"6151","G0616","G0616_01","inactive",7,5,15,9,16,7,5,7
"6152","G0616","G0616_02","inactive",4,3,8,4,10,9,2,5
"6153","G0616","G0616_03","inactive",7,7,11,12,10,9,8,7
"6154","G0616","G0616_04","inactive",5,4,9,4,9,5,2,9
"6155","G0616","G0616_05","inactive",9,8,14,4,12,5,2,4
"6156","G0616","G0616_06","inactive",3,13,10,4,14,11,1,7
"6157","G0616","G0616_07","inactive",7,7,17,18,6,15,16,14
"6158","G0616","G0616_08","inactive",27,19,34,24,16,22,14,36
"6159","G0616","G0616_09","inactive",1,3,7,5,1,7,2,2
"6160","G0616","G0616_10","inactive",4,5,3,6,6,9,3,10
"6161","G0617","G0617_01","decreasing",12,22,42,27,8,25,12,30
"6162","G0617","G0617_02","decreasing",2,2,7,5,8,5,2,6
"6163","G0617","G0617_03","decreasing",0,1,5,0,4,3,0,1
"6164","G0617","G0617_04","decreasing",17,43,53,36,10,37,15,16
"6165","G0617","G0617_05","decreasing",15,9,14,20,15,14,6,9
"6166","G0617","G0617_06","decreasing",2,4,11,4,3,6,3,4
"6167","G0617","G0617_07","decreasing",10,14,18,18,9,14,7,15
"6168","G0617","G0617_08","decreasing",3,5,9,3,1,5,2,1
"6169","G0617","G0617_09","decreasing",12,24,11,20,8,22,3,13
"6170","G0617","G0617_10","decreasing",8,24,27,13,7,15,8,9
"6171","G0618","G0618_01","inactive",7,12,20,16,20,6,4,17
"6172","G0618","G0618_02","inactive",11,15,26,20,17,24,9,16
"6173","G0618","G0618_03","inactive",2,1,6,3,5,7,3,5
"6174","G0618","G0618_04","inactive",2,8,10,4,3,12,4,12
"6175","G0618","G0618_05","inactive",5,8,19,8,11,18,2,15
"6176","G0618","G0618_06","inactive",15,21,36,20,31,35,13,33
"6177","G0618","G0618_07","inactive",4,4,11,4,7,6,8,1
"6178","G0618","G0618_08","inactive",4,15,17,9,8,16,1,10
"6179","G0618","G0618_09","inactive",3,13,7,9,8,8,7,11
"6180","G0618","G0618_10","inactive",21,24,41,22,35,32,13,32
"6181","G0619","G0619_01","inactive",5,10,11,8,2,10,1,9
"6182","G0619","G0619_02","inactive",8,14,13,5,7,22,3,5
"6183","G0619","G0619_03","inactive",4,8,6,10,5,8,0,2
"6184","G0619","G0619_04","inactive",6,9,14,8,10,15,4,8
"6185","G0619","G0619_05","inactive",3,8,18,4,9,4,6,6
"6186","G0619","G0619_06","inactive",13,7,14,15,6,14,4,19
"6187","G0619","G0619_07","inactive",3,6,7,3,7,1,2,3
"6188","G0619","G0619_08","inactive",4,9,5,2,4,12,1,2
"6189","G0619","G0619_09","inactive",3,5,16,3,14,6,6,5
"6190","G0619","G0619_10","inactive",9,8,25,6,16,17,6,16
"6191","G0620","G0620_01","inactive",0,0,1,3,0,0,1,1
"6192","G0620","G0620_02","inactive",4,21,25,13,18,31,8,17
"6193","G0620","G0620_03","inactive",8,13,23,4,8,16,6,6
"6194","G0620","G0620_04","inactive",1,8,14,2,2,3,3,5
"6195","G0620","G0620_05","inactive",8,12,23,20,16,16,10,24
"6196","G0620","G0620_06","inactive",4,10,10,5,10,23,3,6
"6197","G0620","G0620_07","inactive",1,4,8,3,1,9,3,3
"6198","G0620","G0620_08","inactive",0,1,1,1,1,0,0,0
"6199","G0620","G0620_09","inactive",3,1,2,2,4,6,0,2
"6200","G0620","G0620_10","inactive",4,3,14,5,3,9,10,10
"6201","G0621","G0621_01","inactive",2,1,7,5,3,4,2,10
"6202","G0621","G0621_02","inactive",1,7,7,4,3,3,2,4
"6203","G0621","G0621_03","inactive",21,21,45,24,33,36,21,19
"6204","G0621","G0621_04","inactive",6,8,4,7,8,7,2,25
"6205","G0621","G0621_05","inactive",13,13,23,16,15,12,12,15
"6206","G0621","G0621_06","inactive",17,14,25,18,23,39,7,35
"6207","G0621","G0621_07","inactive",4,13,5,5,6,13,1,11
"6208","G0621","G0621_08","inactive",4,13,8,13,12,19,3,14
"6209","G0621","G0621_09","inactive",11,15,33,13,15,24,7,26
"6210","G0621","G0621_10","inactive",1,1,3,0,2,1,1,1
"6211","G0622","G0622_01","inactive",9,8,12,8,13,12,3,7
"6212","G0622","G0622_02","inactive",0,2,0,0,3,8,0,1
"6213","G0622","G0622_03","inactive",7,18,14,9,6,18,3,13
"6214","G0622","G0622_04","inactive",2,2,12,5,1,9,7,7
"6215","G0622","G0622_05","inactive",0,2,8,6,4,3,3,7
"6216","G0622","G0622_06","inactive",1,9,4,5,3,7,1,6
"6217","G0622","G0622_07","inactive",6,10,9,6,2,9,1,5
"6218","G0622","G0622_08","inactive",9,15,31,28,10,22,6,21
"6219","G0622","G0622_09","inactive",2,7,19,13,3,13,13,16
"6220","G0622","G0622_10","inactive",7,6,13,18,12,15,8,24
"6221","G0623","G0623_01","inactive",19,28,28,24,26,36,14,41
"6222","G0623","G0623_02","inactive",4,3,8,2,9,9,2,8
"6223","G0623","G0623_03","inactive",4,9,15,6,6,10,3,4
"6224","G0623","G0623_04","inactive",2,1,5,9,5,0,2,10
"6225","G0623","G0623_05","inactive",10,4,7,5,2,6,4,9
"6226","G0623","G0623_06","inactive",1,14,11,11,5,15,5,6
"6227","G0623","G0623_07","inactive",1,2,12,13,6,22,5,9
"6228","G0623","G0623_08","inactive",13,4,14,10,17,11,4,10
"6229","G0623","G0623_09","inactive",20,9,43,22,17,21,8,20
"6230","G0623","G0623_10","inactive",12,33,25,23,12,31,5,14
"6231","G0624","G0624_01","inactive",5,14,15,11,8,28,1,16
"6232","G0624","G0624_02","inactive",5,6,9,15,9,10,4,25
"6233","G0624","G0624_03","inactive",7,7,16,5,14,25,13,16
"6234","G0624","G0624_04","inactive",14,15,21,22,26,17,5,35
"6235","G0624","G0624_05","inactive",4,8,11,9,7,17,6,17
"6236","G0624","G0624_06","inactive",3,11,11,10,7,11,2,6
"6237","G0624","G0624_07","inactive",2,6,11,10,6,11,3,11
"6238","G0624","G0624_08","inactive",3,2,7,10,15,4,2,7
"6239","G0624","G0624_09","inactive",4,7,5,7,3,10,2,9
"6240","G0624","G0624_10","inactive",3,3,4,1,4,11,0,1
"6241","G0625","G0625_01","inactive",8,12,4,7,4,13,1,7
"6242","G0625","G0625_02","inactive",4,8,16,10,2,6,2,11
"6243","G0625","G0625_03","inactive",5,9,22,4,13,19,3,4
"6244","G0625","G0625_04","inactive",5,6,7,5,5,13,2,6
"6245","G0625","G0625_05","inactive",5,6,1,8,12,12,0,10
"6246","G0625","G0625_06","inactive",4,9,1,13,5,2,1,9
"6247","G0625","G0625_07","inactive",2,3,15,9,5,6,4,14
"6248","G0625","G0625_08","inactive",0,4,7,4,1,3,1,4
"6249","G0625","G0625_09","inactive",6,21,18,14,12,22,12,24
"6250","G0625","G0625_10","inactive",5,1,12,15,7,5,4,9
"6251","G0626","G0626_01","negcontrol",11,13,28,30,20,37,10,28
"6252","G0626","G0626_02","negcontrol",4,10,6,12,8,4,4,18
"6253","G0626","G0626_03","negcontrol",11,16,18,11,22,15,6,17
"6254","G0626","G0626_04","negcontrol",4,4,11,7,6,10,2,6
"6255","G0626","G0626_05","negcontrol",7,12,12,8,10,16,2,11
"6256","G0626","G0626_06","negcontrol",9,4,14,9,13,5,0,10
"6257","G0626","G0626_07","negcontrol",5,7,17,7,5,12,5,15
"6258","G0626","G0626_08","negcontrol",10,14,16,10,18,20,3,19
"6259","G0626","G0626_09","negcontrol",6,17,10,3,1,18,3,12
"6260","G0626","G0626_10","negcontrol",1,7,3,5,0,9,1,4
"6261","G0627","G0627_01","inactive",1,0,1,4,0,0,1,4
"6262","G0627","G0627_02","inactive",0,0,1,3,0,1,1,1
"6263","G0627","G0627_03","inactive",19,34,63,43,31,58,22,41
"6264","G0627","G0627_04","inactive",10,19,43,18,11,34,11,16
"6265","G0627","G0627_05","inactive",7,11,19,9,8,24,3,11
"6266","G0627","G0627_06","inactive",28,34,50,31,26,35,9,55
"6267","G0627","G0627_07","inactive",1,0,2,1,2,3,0,7
"6268","G0627","G0627_08","inactive",3,10,5,8,3,6,2,12
"6269","G0627","G0627_09","inactive",3,8,20,11,6,6,7,13
"6270","G0627","G0627_10","inactive",4,4,6,5,7,7,1,1
"6271","G0628","G0628_01","decreasing",7,17,12,13,13,19,9,18
"6272","G0628","G0628_02","decreasing",19,19,15,20,17,18,1,17
"6273","G0628","G0628_03","decreasing",23,31,27,27,18,20,5,23
"6274","G0628","G0628_04","decreasing",7,2,8,4,1,5,1,2
"6275","G0628","G0628_05","decreasing",11,18,17,10,13,23,10,8
"6276","G0628","G0628_06","decreasing",15,26,22,31,24,31,8,24
"6277","G0628","G0628_07","decreasing",12,14,12,12,11,12,4,12
"6278","G0628","G0628_08","decreasing",3,2,14,5,5,2,1,6
"6279","G0628","G0628_09","decreasing",6,6,3,4,0,5,1,3
"6280","G0628","G0628_10","decreasing",6,12,13,4,4,8,3,4
"6281","G0629","G0629_01","inactive",0,1,7,0,1,1,2,1
"6282","G0629","G0629_02","inactive",10,9,27,17,12,21,8,18
"6283","G0629","G0629_03","inactive",7,4,7,2,9,3,3,3
"6284","G0629","G0629_04","inactive",1,1,3,3,0,5,1,0
"6285","G0629","G0629_05","inactive",3,5,8,5,4,9,0,4
"6286","G0629","G0629_06","inactive",10,18,25,13,12,27,8,16
"6287","G0629","G0629_07","inactive",4,2,4,7,5,4,1,5
"6288","G0629","G0629_08","inactive",2,1,6,1,0,6,3,2
"6289","G0629","G0629_09","inactive",8,5,3,7,9,5,3,14
"6290","G0629","G0629_10","inactive",0,4,2,0,2,2,2,4
"6291","G0630","G0630_01","inactive",2,5,9,3,10,6,0,11
"6292","G0630","G0630_02","inactive",5,6,3,2,7,9,1,4
"6293","G0630","G0630_03","inactive",2,2,13,2,2,1,3,1
"6294","G0630","G0630_04","inactive",3,9,13,10,6,7,4,16
"6295","G0630","G0630_05","inactive",6,8,18,7,9,8,2,11
"6296","G0630","G0630_06","inactive",2,3,5,1,1,1,3,0
"6297","G0630","G0630_07","inactive",12,16,38,10,20,22,7,10
"6298","G0630","G0630_08","inactive",12,19,30,15,18,26,10,10
"6299","G0630","G0630_09","inactive",9,13,25,19,19,17,3,16
"6300","G0630","G0630_10","inactive",6,21,24,20,11,23,8,23
"6301","G0631","G0631_01","inactive",3,12,7,10,6,11,2,15
"6302","G0631","G0631_02","inactive",2,2,0,0,5,3,1,2
"6303","G0631","G0631_03","inactive",6,15,18,17,10,21,6,17
"6304","G0631","G0631_04","inactive",1,3,9,2,2,8,4,9
"6305","G0631","G0631_05","inactive",2,8,3,4,2,11,1,16
"6306","G0631","G0631_06","inactive",4,1,10,9,5,1,4,7
"6307","G0631","G0631_07","inactive",9,13,11,9,15,13,3,9
"6308","G0631","G0631_08","inactive",2,4,8,2,6,7,2,5
"6309","G0631","G0631_09","inactive",4,0,3,2,5,2,1,8
"6310","G0631","G0631_10","inactive",5,4,14,12,11,9,8,24
"6311","G0632","G0632_01","inactive",4,3,24,4,7,8,10,9
"6312","G0632","G0632_02","inactive",0,2,7,8,3,7,1,8
"6313","G0632","G0632_03","inactive",10,7,20,8,7,13,7,18
"6314","G0632","G0632_04","inactive",3,9,17,8,7,21,6,17
"6315","G0632","G0632_05","inactive",2,1,0,4,2,9,0,1
"6316","G0632","G0632_06","inactive",5,3,15,3,5,6,5,6
"6317","G0632","G0632_07","inactive",2,4,5,6,1,8,4,4
"6318","G0632","G0632_08","inactive",6,12,9,6,8,6,5,11
"6319","G0632","G0632_09","inactive",42,48,81,68,52,69,28,87
"6320","G0632","G0632_10","inactive",3,8,18,7,2,12,6,5
"6321","G0633","G0633_01","inactive",9,15,14,19,9,20,8,22
"6322","G0633","G0633_02","inactive",5,13,10,6,15,26,8,11
"6323","G0633","G0633_03","inactive",1,4,3,6,5,11,1,10
"6324","G0633","G0633_04","inactive",7,3,7,4,4,5,4,8
"6325","G0633","G0633_05","inactive",6,6,9,9,6,15,3,14
"6326","G0633","G0633_06","inactive",5,3,9,6,4,6,0,3
"6327","G0633","G0633_07","inactive",3,6,4,9,4,19,0,11
"6328","G0633","G0633_08","inactive",5,8,11,10,9,19,7,13
"6329","G0633","G0633_09","inactive",5,6,14,2,3,10,4,6
"6330","G0633","G0633_10","inactive",5,3,12,9,7,13,4,13
"6331","G0634","G0634_01","inactive",7,10,19,5,9,12,8,11
"6332","G0634","G0634_02","inactive",9,10,18,14,10,16,8,25
"6333","G0634","G0634_03","inactive",13,19,18,16,31,24,4,18
"6334","G0634","G0634_04","inactive",1,0,0,1,2,0,0,4
"6335","G0634","G0634_05","inactive",11,8,20,3,15,14,8,6
"6336","G0634","G0634_06","inactive",8,20,22,17,13,15,7,25
"6337","G0634","G0634_07","inactive",2,10,22,3,1,16,9,6
"6338","G0634","G0634_08","inactive",2,3,20,2,5,7,4,7
"6339","G0634","G0634_09","inactive",0,3,1,1,3,5,1,2
"6340","G0634","G0634_10","inactive",2,0,10,13,4,2,2,6
"6341","G0635","G0635_01","inactive",6,12,15,9,1,7,2,12
"6342","G0635","G0635_02","inactive",11,9,5,7,13,11,4,5
"6343","G0635","G0635_03","inactive",2,14,12,6,7,10,1,3
"6344","G0635","G0635_04","inactive",8,9,13,10,8,21,3,19
"6345","G0635","G0635_05","inactive",0,5,5,5,6,7,0,6
"6346","G0635","G0635_06","inactive",9,16,10,18,13,24,8,21
"6347","G0635","G0635_07","inactive",7,6,19,3,8,14,7,7
"6348","G0635","G0635_08","inactive",4,5,5,3,3,6,0,4
"6349","G0635","G0635_09","inactive",1,3,3,1,1,2,3,2
"6350","G0635","G0635_10","inactive",34,40,54,32,25,72,23,51
"6351","G0636","G0636_01","inactive",8,9,14,17,7,17,10,21
"6352","G0636","G0636_02","inactive",1,13,14,2,4,21,2,12
"6353","G0636","G0636_03","inactive",10,13,11,8,5,16,5,16
"6354","G0636","G0636_04","inactive",2,1,0,0,3,3,1,0
"6355","G0636","G0636_05","inactive",1,1,1,3,1,3,1,7
"6356","G0636","G0636_06","inactive",5,21,12,2,6,15,3,20
"6357","G0636","G0636_07","inactive",5,16,18,14,3,19,5,7
"6358","G0636","G0636_08","inactive",13,17,31,18,21,51,11,26
"6359","G0636","G0636_09","inactive",6,3,5,15,11,5,1,15
"6360","G0636","G0636_10","inactive",2,2,2,4,2,14,0,5
"6361","G0637","G0637_01","inactive",3,7,19,9,6,16,6,15
"6362","G0637","G0637_02","inactive",3,1,6,1,8,6,6,3
"6363","G0637","G0637_03","inactive",3,3,1,3,3,2,2,0
"6364","G0637","G0637_04","inactive",4,10,3,1,6,11,0,4
"6365","G0637","G0637_05","inactive",0,2,4,7,2,3,1,8
"6366","G0637","G0637_06","inactive",11,6,18,13,14,16,10,17
"6367","G0637","G0637_07","inactive",15,30,25,25,15,30,6,29
"6368","G0637","G0637_08","inactive",4,4,10,3,9,6,0,4
"6369","G0637","G0637_09","inactive",2,7,8,5,3,5,3,6
"6370","G0637","G0637_10","inactive",3,4,6,3,4,7,2,8
"6371","G0638","G0638_01","inactive",0,4,2,1,2,4,1,1
"6372","G0638","G0638_02","inactive",9,4,10,2,8,13,3,9
"6373","G0638","G0638_03","inactive",27,21,47,36,34,34,15,44
"6374","G0638","G0638_04","inactive",1,0,0,3,2,0,0,2
"6375","G0638","G0638_05","inactive",7,7,13,3,18,10,5,12
"6376","G0638","G0638_06","inactive",12,14,24,13,19,18,11,23
"6377","G0638","G0638_07","inactive",3,7,17,7,18,27,5,16
"6378","G0638","G0638_08","inactive",12,7,13,6,12,15,9,21
"6379","G0638","G0638_09","inactive",1,3,4,1,4,2,1,2
"6380","G0638","G0638_10","inactive",4,15,18,19,12,22,3,20
"6381","G0639","G0639_01","inactive",6,7,16,6,9,11,7,6
"6382","G0639","G0639_02","inactive",7,21,19,21,13,31,14,26
"6383","G0639","G0639_03","inactive",2,6,3,4,7,10,2,6
"6384","G0639","G0639_04","inactive",19,15,41,13,28,19,10,30
"6385","G0639","G0639_05","inactive",4,18,12,4,12,18,7,7
"6386","G0639","G0639_06","inactive",9,17,25,19,14,38,6,19
"6387","G0639","G0639_07","inactive",6,2,4,1,4,3,1,3
"6388","G0639","G0639_08","inactive",2,5,1,3,5,3,0,0
"6389","G0639","G0639_09","inactive",2,4,3,5,2,6,0,8
"6390","G0639","G0639_10","inactive",12,17,26,10,23,22,8,15
"6391","G0640","G0640_01","decreasing",4,13,9,3,7,5,3,1
"6392","G0640","G0640_02","decreasing",2,3,13,2,2,10,4,2
"6393","G0640","G0640_03","decreasing",5,5,1,11,6,6,2,7
"6394","G0640","G0640_04","decreasing",7,9,15,5,6,7,2,7
"6395","G0640","G0640_05","decreasing",3,8,3,2,2,0,1,0
"6396","G0640","G0640_06","decreasing",4,9,1,5,4,4,0,0
"6397","G0640","G0640_07","decreasing",5,11,11,5,3,1,3,5
"6398","G0640","G0640_08","decreasing",9,2,18,3,9,6,5,5
"6399","G0640","G0640_09","decreasing",6,12,23,9,6,8,3,5
"6400","G0640","G0640_10","decreasing",2,10,11,4,3,5,1,4
"6401","G0641","G0641_01","inactive",8,2,9,5,10,11,7,5
"6402","G0641","G0641_02","inactive",15,14,35,21,14,28,7,25
"6403","G0641","G0641_03","inactive",9,19,11,9,11,16,6,18
"6404","G0641","G0641_04","inactive",10,18,11,9,19,31,2,16
"6405","G0641","G0641_05","inactive",2,9,18,11,8,9,2,19
"6406","G0641","G0641_06","inactive",21,23,61,20,37,48,18,32
"6407","G0641","G0641_07","inactive",0,7,3,1,2,2,0,3
"6408","G0641","G0641_08","inactive",7,3,5,7,5,6,4,9
"6409","G0641","G0641_09","inactive",12,8,18,14,15,16,16,21
"6410","G0641","G0641_10","inactive",8,1,18,6,12,13,1,17
"6411","G0642","G0642_01","decreasing",13,26,33,29,14,27,17,23
"6412","G0642","G0642_02","decreasing",6,9,17,14,12,9,4,11
"6413","G0642","G0642_03","decreasing",11,18,26,23,16,33,6,36
"6414","G0642","G0642_04","decreasing",8,13,12,16,1,13,5,10
"6415","G0642","G0642_05","decreasing",3,10,4,4,8,9,0,4
"6416","G0642","G0642_06","decreasing",1,4,9,8,10,6,2,6
"6417","G0642","G0642_07","decreasing",4,10,14,6,1,11,3,4
"6418","G0642","G0642_08","decreasing",1,2,3,8,5,7,0,8
"6419","G0642","G0642_09","decreasing",4,13,19,5,4,23,8,11
"6420","G0642","G0642_10","decreasing",6,9,32,13,10,32,3,9
"6421","G0643","G0643_01","inactive",11,9,10,23,4,23,7,25
"6422","G0643","G0643_02","inactive",5,2,5,5,7,7,1,9
"6423","G0643","G0643_03","inactive",4,10,11,10,8,13,6,11
"6424","G0643","G0643_04","inactive",8,23,21,18,16,13,8,13
"6425","G0643","G0643_05","inactive",3,9,14,6,5,9,4,11
"6426","G0643","G0643_06","inactive",1,4,7,2,3,3,0,3
"6427","G0643","G0643_07","inactive",3,9,8,10,11,16,4,11
"6428","G0643","G0643_08","inactive",4,7,2,1,2,13,2,3
"6429","G0643","G0643_09","inactive",1,6,0,1,3,15,0,5
"6430","G0643","G0643_10","inactive",5,15,29,13,8,23,8,13
"6431","G0644","G0644_01","inactive",0,0,14,1,5,0,2,1
"6432","G0644","G0644_02","inactive",2,15,14,8,13,6,4,18
"6433","G0644","G0644_03","inactive",22,46,42,31,27,60,14,36
"6434","G0644","G0644_04","inactive",6,8,24,17,10,19,7,12
"6435","G0644","G0644_05","inactive",2,0,3,1,0,0,3,0
"6436","G0644","G0644_06","inactive",3,2,5,4,2,2,2,2
"6437","G0644","G0644_07","inactive",7,15,20,3,7,15,8,9
"6438","G0644","G0644_08","inactive",9,14,16,5,7,25,5,11
"6439","G0644","G0644_09","inactive",16,16,12,9,17,17,5,12
"6440","G0644","G0644_10","inactive",52,52,84,35,57,95,28,72
"6441","G0645","G0645_01","inactive",9,8,6,6,5,13,5,8
"6442","G0645","G0645_02","inactive",2,8,3,0,5,8,3,4
"6443","G0645","G0645_03","inactive",11,10,18,12,17,12,3,11
"6444","G0645","G0645_04","inactive",2,3,1,4,2,6,0,4
"6445","G0645","G0645_05","inactive",7,13,14,15,21,16,3,23
"6446","G0645","G0645_06","inactive",1,3,4,0,0,6,1,2
"6447","G0645","G0645_07","inactive",10,6,12,17,11,9,1,9
"6448","G0645","G0645_08","inactive",3,9,10,6,3,25,8,14
"6449","G0645","G0645_09","inactive",3,2,9,3,6,12,1,4
"6450","G0645","G0645_10","inactive",16,15,15,23,14,22,7,30
"6451","G0646","G0646_01","inactive",4,4,4,0,5,11,1,1
"6452","G0646","G0646_02","inactive",4,3,20,4,10,4,2,10
"6453","G0646","G0646_03","inactive",16,37,77,40,38,55,20,55
"6454","G0646","G0646_04","inactive",1,3,8,4,1,7,2,7
"6455","G0646","G0646_05","inactive",16,23,34,26,27,38,15,38
"6456","G0646","G0646_06","inactive",3,2,5,7,3,0,1,4
"6457","G0646","G0646_07","inactive",2,2,12,3,7,12,4,9
"6458","G0646","G0646_08","inactive",1,11,9,8,5,9,1,7
"6459","G0646","G0646_09","inactive",5,9,11,6,7,12,3,9
"6460","G0646","G0646_10","inactive",10,29,26,23,19,43,10,40
"6461","G0647","G0647_01","inactive",37,54,67,56,43,72,19,65
"6462","G0647","G0647_02","inactive",8,9,18,14,14,9,6,12
"6463","G0647","G0647_03","inactive",5,8,24,12,12,11,8,15
"6464","G0647","G0647_04","inactive",5,5,13,3,2,5,6,7
"6465","G0647","G0647_05","inactive",10,8,18,11,19,16,6,20
"6466","G0647","G0647_06","inactive",14,12,4,5,7,12,2,9
"6467","G0647","G0647_07","inactive",13,13,25,19,11,15,9,19
"6468","G0647","G0647_08","inactive",2,1,1,4,5,5,0,2
"6469","G0647","G0647_09","inactive",5,9,13,13,8,7,3,8
"6470","G0647","G0647_10","inactive",6,13,33,15,17,21,2,13
"6471","G0648","G0648_01","inactive",20,28,27,25,21,51,9,42
"6472","G0648","G0648_02","inactive",0,5,5,10,2,8,5,7
"6473","G0648","G0648_03","inactive",10,9,11,6,10,15,3,10
"6474","G0648","G0648_04","inactive",31,45,57,36,29,61,12,43
"6475","G0648","G0648_05","inactive",4,19,13,7,16,39,3,7
"6476","G0648","G0648_06","inactive",8,9,28,10,14,13,6,11
"6477","G0648","G0648_07","inactive",8,8,14,5,9,16,3,9
"6478","G0648","G0648_08","inactive",1,4,6,0,0,4,7,6
"6479","G0648","G0648_09","inactive",9,6,10,11,9,8,3,7
"6480","G0648","G0648_10","inactive",6,16,32,18,18,25,8,29
"6481","G0649","G0649_01","inactive",8,12,18,10,8,19,4,14
"6482","G0649","G0649_02","inactive",11,13,22,10,22,18,3,16
"6483","G0649","G0649_03","inactive",3,5,8,3,4,13,0,4
"6484","G0649","G0649_04","inactive",0,5,3,3,1,4,1,2
"6485","G0649","G0649_05","inactive",1,3,9,9,4,1,0,7
"6486","G0649","G0649_06","inactive",0,4,3,5,1,2,1,2
"6487","G0649","G0649_07","inactive",23,44,59,62,46,70,15,71
"6488","G0649","G0649_08","inactive",8,21,15,11,6,18,5,14
"6489","G0649","G0649_09","inactive",1,1,8,2,0,4,3,1
"6490","G0649","G0649_10","inactive",0,0,1,2,0,0,0,2
"6491","G0650","G0650_01","inactive",14,11,18,11,10,13,6,12
"6492","G0650","G0650_02","inactive",17,17,33,31,25,28,7,42
"6493","G0650","G0650_03","inactive",6,8,3,2,4,11,1,1
"6494","G0650","G0650_04","inactive",8,18,11,12,15,13,4,22
"6495","G0650","G0650_05","inactive",1,14,9,10,11,18,3,13
"6496","G0650","G0650_06","inactive",3,6,10,3,5,4,1,8
"6497","G0650","G0650_07","inactive",3,0,14,0,4,3,4,1
"6498","G0650","G0650_08","inactive",1,10,9,7,1,11,2,7
"6499","G0650","G0650_09","inactive",4,3,2,13,5,5,1,10
"6500","G0650","G0650_10","inactive",19,5,17,11,22,23,8,11
"6501","G0651","G0651_01","inactive",8,23,37,25,22,45,15,33
"6502","G0651","G0651_02","inactive",12,5,12,3,10,9,5,3
"6503","G0651","G0651_03","inactive",14,31,39,23,17,58,7,40
"6504","G0651","G0651_04","inactive",6,13,10,11,9,6,6,12
"6505","G0651","G0651_05","inactive",4,13,15,3,6,10,5,2
"6506","G0651","G0651_06","inactive",8,14,27,8,11,7,5,12
"6507","G0651","G0651_07","inactive",1,4,2,0,3,6,2,0
"6508","G0651","G0651_08","inactive",7,10,11,3,1,9,1,6
"6509","G0651","G0651_09","inactive",3,8,11,5,15,20,4,7
"6510","G0651","G0651_10","inactive",9,16,23,13,16,21,12,12
"6511","G0652","G0652_01","inactive",3,0,3,5,4,3,1,3
"6512","G0652","G0652_02","inactive",9,17,20,11,19,15,7,18
"6513","G0652","G0652_03","inactive",2,2,2,1,6,2,0,1
"6514","G0652","G0652_04","inactive",8,10,32,14,15,22,11,27
"6515","G0652","G0652_05","inactive",9,11,17,9,16,21,1,14
"6516","G0652","G0652_06","inactive",0,1,4,5,3,3,3,7
"6517","G0652","G0652_07","inactive",1,1,8,3,2,3,2,8
"6518","G0652","G0652_08","inactive",0,1,2,1,1,4,0,1
"6519","G0652","G0652_09","inactive",0,2,0,0,4,5,0,5
"6520","G0652","G0652_10","inactive",10,19,11,13,17,31,7,10
"6521","G0653","G0653_01","inactive",11,6,10,13,5,9,9,10
"6522","G0653","G0653_02","inactive",6,7,17,17,12,22,4,26
"6523","G0653","G0653_03","inactive",6,9,23,30,20,28,17,36
"6524","G0653","G0653_04","inactive",3,3,7,0,3,5,1,3
"6525","G0653","G0653_05","inactive",6,11,25,12,11,7,9,12
"6526","G0653","G0653_06","inactive",4,3,9,4,4,15,2,8
"6527","G0653","G0653_07","inactive",1,4,5,3,0,2,1,2
"6528","G0653","G0653_08","inactive",1,7,19,12,6,15,3,9
"6529","G0653","G0653_09","inactive",9,5,20,10,7,6,3,14
"6530","G0653","G0653_10","inactive",10,8,22,14,7,22,6,15
"6531","G0654","G0654_01","decreasing",0,10,7,4,3,5,2,5
"6532","G0654","G0654_02","decreasing",33,32,37,37,26,35,11,45
"6533","G0654","G0654_03","decreasing",7,2,10,16,6,1,0,8
"6534","G0654","G0654_04","decreasing",18,28,37,29,31,28,7,21
"6535","G0654","G0654_05","decreasing",5,9,7,3,4,5,4,3
"6536","G0654","G0654_06","decreasing",7,14,19,14,13,15,7,15
"6537","G0654","G0654_07","decreasing",13,11,15,18,7,12,3,11
"6538","G0654","G0654_08","decreasing",6,10,27,15,14,18,9,16
"6539","G0654","G0654_09","decreasing",7,8,18,11,13,15,4,16
"6540","G0654","G0654_10","decreasing",18,29,38,25,21,28,10,33
"6541","G0655","G0655_01","decreasing",26,49,59,27,21,53,17,42
"6542","G0655","G0655_02","decreasing",16,20,20,17,16,29,5,27
"6543","G0655","G0655_03","decreasing",3,8,10,3,4,4,2,1
"6544","G0655","G0655_04","decreasing",1,2,10,11,4,2,5,7
"6545","G0655","G0655_05","decreasing",4,9,10,4,2,7,2,5
"6546","G0655","G0655_06","decreasing",5,4,24,7,3,9,4,5
"6547","G0655","G0655_07","decreasing",34,42,53,31,41,53,16,37
"6548","G0655","G0655_08","decreasing",15,17,20,25,16,22,3,26
"6549","G0655","G0655_09","decreasing",3,8,10,7,4,6,0,6
"6550","G0655","G0655_10","decreasing",6,9,25,23,9,22,5,22
"6551","G0656","G0656_01","inactive",24,12,24,18,31,18,14,20
"6552","G0656","G0656_02","inactive",21,44,53,26,24,44,17,48
"6553","G0656","G0656_03","inactive",7,15,34,13,20,19,6,20
"6554","G0656","G0656_04","inactive",12,13,17,7,17,15,5,12
"6555","G0656","G0656_05","inactive",5,17,20,10,9,16,8,8
"6556","G0656","G0656_06","inactive",4,9,14,6,11,5,5,3
"6557","G0656","G0656_07","inactive",9,11,22,4,17,23,4,13
"6558","G0656","G0656_08","inactive",6,10,5,11,8,14,3,16
"6559","G0656","G0656_09","inactive",25,47,63,43,31,62,21,56
"6560","G0656","G0656_10","inactive",5,1,8,4,7,4,4,11
"6561","G0657","G0657_01","decreasing",11,8,13,12,1,5,5,8
"6562","G0657","G0657_02","decreasing",6,9,2,10,3,6,1,9
"6563","G0657","G0657_03","decreasing",11,27,22,19,19,13,10,15
"6564","G0657","G0657_04","decreasing",6,27,10,11,6,15,1,11
"6565","G0657","G0657_05","decreasing",9,16,14,7,11,3,1,3
"6566","G0657","G0657_06","decreasing",8,11,9,8,11,15,3,10
"6567","G0657","G0657_07","decreasing",1,4,9,2,1,10,1,2
"6568","G0657","G0657_08","decreasing",4,3,5,18,15,11,0,11
"6569","G0657","G0657_09","decreasing",5,5,20,10,9,6,4,9
"6570","G0657","G0657_10","decreasing",3,4,8,3,4,4,4,1
"6571","G0658","G0658_01","increasing",9,8,7,12,21,11,5,13
"6572","G0658","G0658_02","increasing",2,6,7,7,11,26,3,16
"6573","G0658","G0658_03","increasing",3,6,7,4,6,10,3,8
"6574","G0658","G0658_04","increasing",9,5,11,2,5,10,6,6
"6575","G0658","G0658_05","increasing",5,12,23,4,8,20,11,8
"6576","G0658","G0658_06","increasing",3,3,9,2,4,1,1,6
"6577","G0658","G0658_07","increasing",6,10,11,10,11,21,7,14
"6578","G0658","G0658_08","increasing",17,12,26,18,30,19,14,33
"6579","G0658","G0658_09","increasing",0,3,3,6,1,6,3,3
"6580","G0658","G0658_10","increasing",5,8,7,8,6,25,9,12
"6581","G0659","G0659_01","decreasing",7,10,12,9,4,15,4,15
"6582","G0659","G0659_02","decreasing",11,10,11,7,7,10,0,3
"6583","G0659","G0659_03","decreasing",4,4,3,1,2,8,1,10
"6584","G0659","G0659_04","decreasing",2,9,10,0,7,6,1,1
"6585","G0659","G0659_05","decreasing",7,1,8,4,6,1,3,1
"6586","G0659","G0659_06","decreasing",4,7,6,11,12,8,1,17
"6587","G0659","G0659_07","decreasing",11,20,16,17,3,18,7,16
"6588","G0659","G0659_08","decreasing",8,20,12,13,7,13,6,11
"6589","G0659","G0659_09","decreasing",1,5,0,3,3,10,0,8
"6590","G0659","G0659_10","decreasing",4,4,2,5,1,1,1,7
"6591","G0660","G0660_01","inactive",13,27,33,18,29,48,16,26
"6592","G0660","G0660_02","inactive",7,13,18,13,16,21,1,15
"6593","G0660","G0660_03","inactive",11,1,5,10,7,5,4,2
"6594","G0660","G0660_04","inactive",6,3,3,4,7,6,1,10
"6595","G0660","G0660_05","inactive",24,31,65,35,33,53,24,47
"6596","G0660","G0660_06","inactive",13,7,31,17,21,21,14,26
"6597","G0660","G0660_07","inactive",1,8,2,5,1,5,3,5
"6598","G0660","G0660_08","inactive",6,7,17,6,13,8,3,16
"6599","G0660","G0660_09","inactive",5,7,14,12,11,7,7,10
"6600","G0660","G0660_10","inactive",24,47,52,34,45,53,34,61
"6601","G0661","G0661_01","inactive",1,3,10,5,1,12,2,9
"6602","G0661","G0661_02","inactive",0,0,5,2,7,10,3,7
"6603","G0661","G0661_03","inactive",3,8,16,10,5,22,5,17
"6604","G0661","G0661_04","inactive",6,2,7,16,8,5,1,7
"6605","G0661","G0661_05","inactive",19,22,34,15,27,25,13,22
"6606","G0661","G0661_06","inactive",8,7,15,10,7,11,4,16
"6607","G0661","G0661_07","inactive",7,8,12,14,9,17,8,16
"6608","G0661","G0661_08","inactive",1,2,4,1,1,5,1,2
"6609","G0661","G0661_09","inactive",1,4,15,14,3,10,7,11
"6610","G0661","G0661_10","inactive",2,4,12,7,3,21,4,17
"6611","G0662","G0662_01","inactive",18,17,38,21,32,40,17,25
"6612","G0662","G0662_02","inactive",12,12,34,16,6,27,9,23
"6613","G0662","G0662_03","inactive",4,5,8,8,6,9,1,15
"6614","G0662","G0662_04","inactive",23,22,36,35,50,47,14,39
"6615","G0662","G0662_05","inactive",6,18,12,15,10,23,4,20
"6616","G0662","G0662_06","inactive",6,19,27,20,18,27,5,18
"6617","G0662","G0662_07","inactive",9,11,9,12,12,19,4,15
"6618","G0662","G0662_08","inactive",26,20,43,30,27,50,16,46
"6619","G0662","G0662_09","inactive",6,5,13,7,0,5,7,8
"6620","G0662","G0662_10","inactive",7,2,2,5,8,7,2,1
"6621","G0663","G0663_01","negcontrol",7,14,29,27,10,16,12,17
"6622","G0663","G0663_02","negcontrol",7,8,11,6,2,18,4,3
"6623","G0663","G0663_03","negcontrol",3,2,2,1,0,4,1,2
"6624","G0663","G0663_04","negcontrol",1,4,5,4,2,4,2,4
"6625","G0663","G0663_05","negcontrol",11,10,28,20,10,21,7,20
"6626","G0663","G0663_06","negcontrol",6,2,4,3,3,4,0,2
"6627","G0663","G0663_07","negcontrol",8,10,15,5,3,12,5,4
"6628","G0663","G0663_08","negcontrol",6,6,8,8,7,5,2,8
"6629","G0663","G0663_09","negcontrol",5,5,8,7,10,3,3,11
"6630","G0663","G0663_10","negcontrol",1,2,7,7,7,6,3,1
"6631","G0664","G0664_01","inactive",18,10,30,21,20,27,7,28
"6632","G0664","G0664_02","inactive",8,11,23,17,10,9,4,19
"6633","G0664","G0664_03","inactive",7,8,13,6,4,4,1,5
"6634","G0664","G0664_04","inactive",4,5,5,3,5,3,0,7
"6635","G0664","G0664_05","inactive",4,3,2,1,5,2,0,1
"6636","G0664","G0664_06","inactive",7,6,17,8,10,11,7,11
"6637","G0664","G0664_07","inactive",5,2,12,9,2,3,1,4
"6638","G0664","G0664_08","inactive",2,3,8,4,1,8,1,4
"6639","G0664","G0664_09","inactive",5,6,15,2,11,13,2,10
"6640","G0664","G0664_10","inactive",8,17,14,21,13,27,6,23
"6641","G0665","G0665_01","negcontrol",8,13,18,17,10,16,6,16
"6642","G0665","G0665_02","negcontrol",9,25,15,12,16,14,5,11
"6643","G0665","G0665_03","negcontrol",3,10,8,3,5,15,2,4
"6644","G0665","G0665_04","negcontrol",31,32,84,47,36,64,28,58
"6645","G0665","G0665_05","negcontrol",4,11,20,5,4,16,5,18
"6646","G0665","G0665_06","negcontrol",7,7,22,6,12,6,12,4
"6647","G0665","G0665_07","negcontrol",24,26,54,34,40,44,15,55
"6648","G0665","G0665_08","negcontrol",13,15,20,11,19,28,7,19
"6649","G0665","G0665_09","negcontrol",21,15,28,23,24,29,6,26
"6650","G0665","G0665_10","negcontrol",16,14,39,16,27,25,11,14
"6651","G0666","G0666_01","decreasing",7,5,12,12,10,5,2,8
"6652","G0666","G0666_02","decreasing",6,11,6,6,6,9,1,6
"6653","G0666","G0666_03","decreasing",5,8,2,2,1,10,2,1
"6654","G0666","G0666_04","decreasing",5,9,19,4,5,7,3,1
"6655","G0666","G0666_05","decreasing",1,1,5,7,2,2,1,10
"6656","G0666","G0666_06","decreasing",11,12,8,16,15,17,6,17
"6657","G0666","G0666_07","decreasing",9,8,9,11,13,5,6,8
"6658","G0666","G0666_08","decreasing",24,19,34,23,23,25,9,23
"6659","G0666","G0666_09","decreasing",2,1,3,3,6,11,2,10
"6660","G0666","G0666_10","decreasing",3,5,14,3,6,4,4,3
"6661","G0667","G0667_01","inactive",6,5,7,10,10,6,5,7
"6662","G0667","G0667_02","inactive",3,5,8,2,9,5,7,9
"6663","G0667","G0667_03","inactive",8,7,8,3,10,7,4,2
"6664","G0667","G0667_04","inactive",0,1,2,2,2,1,1,4
"6665","G0667","G0667_05","inactive",8,2,1,3,10,7,3,5
"6666","G0667","G0667_06","inactive",8,8,10,18,8,24,3,13
"6667","G0667","G0667_07","inactive",1,1,4,4,1,6,0,6
"6668","G0667","G0667_08","inactive",5,6,8,9,7,5,1,6
"6669","G0667","G0667_09","inactive",4,3,4,4,4,1,1,6
"6670","G0667","G0667_10","inactive",3,10,29,11,11,20,6,17
"6671","G0668","G0668_01","inactive",10,17,29,13,9,20,10,20
"6672","G0668","G0668_02","inactive",6,5,5,17,6,2,1,11
"6673","G0668","G0668_03","inactive",6,8,12,7,12,13,5,4
"6674","G0668","G0668_04","inactive",3,8,12,10,1,16,1,3
"6675","G0668","G0668_05","inactive",2,7,3,3,4,5,0,1
"6676","G0668","G0668_06","inactive",3,4,10,5,11,6,1,4
"6677","G0668","G0668_07","inactive",4,3,9,1,4,10,1,7
"6678","G0668","G0668_08","inactive",6,13,5,6,5,13,1,8
"6679","G0668","G0668_09","inactive",16,24,33,13,19,33,10,17
"6680","G0668","G0668_10","inactive",2,9,11,8,12,9,7,9
"6681","G0669","G0669_01","inactive",8,4,10,7,7,5,2,1
"6682","G0669","G0669_02","inactive",6,6,12,6,6,8,5,5
"6683","G0669","G0669_03","inactive",18,27,26,29,14,34,8,30
"6684","G0669","G0669_04","inactive",3,11,12,13,14,12,4,19
"6685","G0669","G0669_05","inactive",5,6,5,8,16,6,1,5
"6686","G0669","G0669_06","inactive",12,5,10,9,16,18,5,14
"6687","G0669","G0669_07","inactive",4,4,13,6,16,10,2,11
"6688","G0669","G0669_08","inactive",1,3,8,7,3,3,0,7
"6689","G0669","G0669_09","inactive",2,7,17,9,9,11,3,17
"6690","G0669","G0669_10","inactive",14,9,7,8,6,6,0,21
"6691","G0670","G0670_01","inactive",9,14,14,11,8,16,7,10
"6692","G0670","G0670_02","inactive",18,17,29,23,13,18,9,23
"6693","G0670","G0670_03","inactive",11,20,32,13,10,28,19,30
"6694","G0670","G0670_04","inactive",8,13,25,14,9,20,10,16
"6695","G0670","G0670_05","inactive",1,0,4,0,3,2,1,1
"6696","G0670","G0670_06","inactive",21,11,33,16,15,21,15,25
"6697","G0670","G0670_07","inactive",1,3,13,7,7,6,4,9
"6698","G0670","G0670_08","inactive",34,69,83,46,48,77,18,55
"6699","G0670","G0670_09","inactive",4,13,9,17,8,17,3,10
"6700","G0670","G0670_10","inactive",7,3,12,5,12,6,5,7
"6701","G0671","G0671_01","inactive",4,3,8,3,5,8,4,8
"6702","G0671","G0671_02","inactive",13,21,35,24,14,31,13,23
"6703","G0671","G0671_03","inactive",3,7,1,5,7,6,0,1
"6704","G0671","G0671_04","inactive",3,12,9,7,11,8,3,15
"6705","G0671","G0671_05","inactive",6,2,7,4,8,5,1,7
"6706","G0671","G0671_06","inactive",2,5,14,8,5,18,1,14
"6707","G0671","G0671_07","inactive",1,1,3,11,4,5,2,4
"6708","G0671","G0671_08","inactive",1,9,6,5,6,6,3,5
"6709","G0671","G0671_09","inactive",10,3,15,4,16,11,3,9
"6710","G0671","G0671_10","inactive",3,9,13,10,6,11,6,21
"6711","G0672","G0672_01","inactive",25,25,32,26,27,30,11,36
"6712","G0672","G0672_02","inactive",2,1,2,1,2,0,0,1
"6713","G0672","G0672_03","inactive",3,2,1,1,3,0,1,7
"6714","G0672","G0672_04","inactive",26,25,38,41,22,47,10,43
"6715","G0672","G0672_05","inactive",4,14,8,3,5,21,0,7
"6716","G0672","G0672_06","inactive",5,7,3,3,5,8,1,5
"6717","G0672","G0672_07","inactive",6,13,12,7,9,28,2,13
"6718","G0672","G0672_08","inactive",2,9,17,2,1,8,6,5
"6719","G0672","G0672_09","inactive",5,11,5,4,10,14,5,13
"6720","G0672","G0672_10","inactive",9,19,10,6,10,15,0,12
"6721","G0673","G0673_01","inactive",10,8,21,10,4,6,8,18
"6722","G0673","G0673_02","inactive",7,3,18,8,5,7,4,19
"6723","G0673","G0673_03","inactive",1,2,8,8,1,1,2,6
"6724","G0673","G0673_04","inactive",22,20,38,36,27,24,20,34
"6725","G0673","G0673_05","inactive",4,7,4,3,6,7,3,7
"6726","G0673","G0673_06","inactive",7,4,9,9,3,8,1,14
"6727","G0673","G0673_07","inactive",9,5,13,5,3,9,5,6
"6728","G0673","G0673_08","inactive",3,3,2,2,3,6,1,6
"6729","G0673","G0673_09","inactive",3,1,5,4,4,3,0,6
"6730","G0673","G0673_10","inactive",23,13,41,17,20,25,6,17
"6731","G0674","G0674_01","decreasing",7,8,10,4,14,8,2,6
"6732","G0674","G0674_02","decreasing",10,17,20,8,13,17,7,5
"6733","G0674","G0674_03","decreasing",5,4,8,9,6,12,5,6
"6734","G0674","G0674_04","decreasing",10,7,20,10,10,13,4,11
"6735","G0674","G0674_05","decreasing",1,6,2,2,2,5,0,1
"6736","G0674","G0674_06","decreasing",6,5,4,5,5,10,0,8
"6737","G0674","G0674_07","decreasing",9,20,31,25,6,20,9,14
"6738","G0674","G0674_08","decreasing",7,4,9,7,2,19,1,12
"6739","G0674","G0674_09","decreasing",6,8,15,20,6,8,6,11
"6740","G0674","G0674_10","decreasing",25,34,65,39,37,35,7,45
"6741","G0675","G0675_01","inactive",0,2,2,5,4,4,1,8
"6742","G0675","G0675_02","inactive",3,4,4,13,2,3,6,13
"6743","G0675","G0675_03","inactive",1,0,0,2,2,0,0,1
"6744","G0675","G0675_04","inactive",5,6,7,9,9,14,9,10
"6745","G0675","G0675_05","inactive",9,9,27,14,12,16,9,25
"6746","G0675","G0675_06","inactive",26,45,34,27,33,60,13,25
"6747","G0675","G0675_07","inactive",5,3,1,6,4,3,1,3
"6748","G0675","G0675_08","inactive",6,8,7,7,8,7,5,5
"6749","G0675","G0675_09","inactive",5,5,8,1,6,6,2,4
"6750","G0675","G0675_10","inactive",8,12,5,5,9,8,0,13
"6751","G0676","G0676_01","inactive",6,3,7,4,7,10,1,3
"6752","G0676","G0676_02","inactive",8,5,14,5,3,11,5,6
"6753","G0676","G0676_03","inactive",9,22,19,14,7,16,8,17
"6754","G0676","G0676_04","inactive",3,10,8,3,2,15,3,7
"6755","G0676","G0676_05","inactive",7,5,6,8,9,12,2,8
"6756","G0676","G0676_06","inactive",7,3,15,2,7,13,5,9
"6757","G0676","G0676_07","inactive",5,13,21,17,8,12,6,14
"6758","G0676","G0676_08","inactive",5,7,9,10,10,10,1,12
"6759","G0676","G0676_09","inactive",15,18,25,14,17,39,5,32
"6760","G0676","G0676_10","inactive",1,9,8,3,4,6,4,5
"6761","G0677","G0677_01","inactive",14,5,9,8,20,10,2,19
"6762","G0677","G0677_02","inactive",9,4,15,4,7,10,5,8
"6763","G0677","G0677_03","inactive",25,32,39,24,33,40,14,39
"6764","G0677","G0677_04","inactive",1,9,0,3,2,7,0,3
"6765","G0677","G0677_05","inactive",4,1,5,4,3,3,5,3
"6766","G0677","G0677_06","inactive",8,11,7,8,12,21,4,18
"6767","G0677","G0677_07","inactive",22,28,53,21,21,52,11,31
"6768","G0677","G0677_08","inactive",14,5,32,20,12,21,5,22
"6769","G0677","G0677_09","inactive",2,4,10,1,3,10,5,3
"6770","G0677","G0677_10","inactive",2,3,1,2,8,11,3,5
"6771","G0678","G0678_01","inactive",2,3,6,8,2,9,0,10
"6772","G0678","G0678_02","inactive",0,0,2,2,3,1,2,4
"6773","G0678","G0678_03","inactive",3,3,9,8,3,8,1,5
"6774","G0678","G0678_04","inactive",0,2,1,0,1,3,0,0
"6775","G0678","G0678_05","inactive",13,26,30,29,19,40,12,28
"6776","G0678","G0678_06","inactive",5,4,4,4,7,5,2,9
"6777","G0678","G0678_07","inactive",30,34,61,37,36,47,21,61
"6778","G0678","G0678_08","inactive",8,11,16,8,9,15,6,15
"6779","G0678","G0678_09","inactive",26,22,21,21,23,22,11,24
"6780","G0678","G0678_10","inactive",6,16,10,13,12,16,1,15
"6781","G0679","G0679_01","inactive",11,11,15,9,4,6,2,11
"6782","G0679","G0679_02","inactive",7,14,31,12,6,32,9,8
"6783","G0679","G0679_03","inactive",4,4,7,12,12,13,1,7
"6784","G0679","G0679_04","inactive",4,14,5,6,6,12,4,10
"6785","G0679","G0679_05","inactive",3,2,8,8,2,8,1,5
"6786","G0679","G0679_06","inactive",14,16,27,20,17,26,6,26
"6787","G0679","G0679_07","inactive",20,15,37,25,36,21,19,31
"6788","G0679","G0679_08","inactive",4,1,7,2,3,6,1,2
"6789","G0679","G0679_09","inactive",8,30,28,5,13,28,7,11
"6790","G0679","G0679_10","inactive",4,3,6,4,5,13,3,10
"6791","G0680","G0680_01","inactive",15,23,13,13,19,28,6,23
"6792","G0680","G0680_02","inactive",3,4,7,7,8,16,2,6
"6793","G0680","G0680_03","inactive",10,21,40,20,10,23,8,35
"6794","G0680","G0680_04","inactive",12,10,16,25,26,21,7,25
"6795","G0680","G0680_05","inactive",4,13,18,15,13,16,6,11
"6796","G0680","G0680_06","inactive",6,15,22,15,13,21,9,15
"6797","G0680","G0680_07","inactive",10,18,25,16,12,23,6,16
"6798","G0680","G0680_08","inactive",13,11,17,20,17,22,13,27
"6799","G0680","G0680_09","inactive",3,4,16,7,9,4,1,10
"6800","G0680","G0680_10","inactive",10,11,19,5,8,16,2,7
"6801","G0681","G0681_01","inactive",8,7,10,3,6,9,3,7
"6802","G0681","G0681_02","inactive",2,3,2,5,1,0,2,10
"6803","G0681","G0681_03","inactive",1,4,6,8,6,19,4,14
"6804","G0681","G0681_04","inactive",3,2,7,8,2,6,2,11
"6805","G0681","G0681_05","inactive",11,18,26,16,24,37,15,25
"6806","G0681","G0681_06","inactive",7,8,24,4,8,12,9,8
"6807","G0681","G0681_07","inactive",3,7,12,6,7,5,0,4
"6808","G0681","G0681_08","inactive",8,9,13,15,19,14,5,13
"6809","G0681","G0681_09","inactive",2,10,5,6,6,10,5,13
"6810","G0681","G0681_10","inactive",5,7,17,4,11,11,3,11
"6811","G0682","G0682_01","inactive",3,7,6,6,2,10,3,11
"6812","G0682","G0682_02","inactive",5,4,5,6,8,9,3,8
"6813","G0682","G0682_03","inactive",4,14,5,6,5,7,2,4
"6814","G0682","G0682_04","inactive",20,15,18,15,23,30,10,50
"6815","G0682","G0682_05","inactive",3,2,2,3,2,3,0,1
"6816","G0682","G0682_06","inactive",1,0,7,1,4,0,2,5
"6817","G0682","G0682_07","inactive",1,6,3,0,4,4,1,3
"6818","G0682","G0682_08","inactive",4,1,9,3,5,7,1,14
"6819","G0682","G0682_09","inactive",2,4,2,8,0,11,1,3
"6820","G0682","G0682_10","inactive",13,11,19,19,27,30,6,28
"6821","G0683","G0683_01","inactive",21,28,38,21,33,27,9,34
"6822","G0683","G0683_02","inactive",11,10,23,24,16,35,9,24
"6823","G0683","G0683_03","inactive",5,11,8,20,16,12,5,13
"6824","G0683","G0683_04","inactive",14,8,27,12,14,15,3,17
"6825","G0683","G0683_05","inactive",16,18,27,18,20,32,10,22
"6826","G0683","G0683_06","inactive",10,9,26,5,16,15,3,9
"6827","G0683","G0683_07","inactive",7,19,37,9,14,22,5,15
"6828","G0683","G0683_08","inactive",8,4,13,8,22,7,1,22
"6829","G0683","G0683_09","inactive",7,9,6,6,13,5,5,11
"6830","G0683","G0683_10","inactive",2,4,1,2,1,5,0,1
"6831","G0684","G0684_01","inactive",10,4,7,16,1,8,4,7
"6832","G0684","G0684_02","inactive",26,47,68,64,39,71,20,59
"6833","G0684","G0684_03","inactive",3,9,22,6,4,22,7,8
"6834","G0684","G0684_04","inactive",2,0,1,0,2,8,2,4
"6835","G0684","G0684_05","inactive",10,9,23,9,20,18,5,20
"6836","G0684","G0684_06","inactive",8,13,21,8,12,15,9,18
"6837","G0684","G0684_07","inactive",21,36,63,27,41,52,19,52
"6838","G0684","G0684_08","inactive",3,1,0,1,1,4,0,0
"6839","G0684","G0684_09","inactive",5,8,15,10,5,11,4,12
"6840","G0684","G0684_10","inactive",9,8,8,9,10,8,1,7
"6841","G0685","G0685_01","increasing",3,12,14,10,12,21,6,16
"6842","G0685","G0685_02","increasing",3,6,5,4,8,10,3,4
"6843","G0685","G0685_03","increasing",2,8,5,4,5,14,4,17
"6844","G0685","G0685_04","increasing",7,10,7,14,10,12,1,4
"6845","G0685","G0685_05","increasing",9,10,22,19,24,35,12,25
"6846","G0685","G0685_06","increasing",7,10,16,9,13,14,4,20
"6847","G0685","G0685_07","increasing",12,12,14,13,15,10,4,15
"6848","G0685","G0685_08","increasing",8,13,11,5,15,17,6,15
"6849","G0685","G0685_09","increasing",4,6,11,0,7,11,3,6
"6850","G0685","G0685_10","increasing",4,4,6,3,1,9,3,4
"6851","G0686","G0686_01","increasing",5,1,4,3,4,6,1,5
"6852","G0686","G0686_02","increasing",3,2,7,5,6,6,3,8
"6853","G0686","G0686_03","increasing",2,4,9,4,3,10,3,5
"6854","G0686","G0686_04","increasing",2,9,15,9,4,15,8,13
"6855","G0686","G0686_05","increasing",8,20,13,14,11,22,1,35
"6856","G0686","G0686_06","increasing",1,6,4,6,9,8,1,1
"6857","G0686","G0686_07","increasing",5,6,12,1,7,9,6,7
"6858","G0686","G0686_08","increasing",20,25,50,32,46,49,22,49
"6859","G0686","G0686_09","increasing",13,17,19,24,22,38,14,23
"6860","G0686","G0686_10","increasing",5,2,9,8,3,6,1,7
"6861","G0687","G0687_01","inactive",9,4,12,9,16,10,3,15
"6862","G0687","G0687_02","inactive",9,10,6,8,7,12,1,9
"6863","G0687","G0687_03","inactive",2,4,15,1,7,10,3,7
"6864","G0687","G0687_04","inactive",1,1,5,4,1,4,1,3
"6865","G0687","G0687_05","inactive",9,17,32,19,10,28,8,35
"6866","G0687","G0687_06","inactive",5,13,4,14,6,18,3,13
"6867","G0687","G0687_07","inactive",6,0,5,3,3,5,3,5
"6868","G0687","G0687_08","inactive",6,8,13,8,10,11,2,16
"6869","G0687","G0687_09","inactive",10,9,10,7,21,15,10,18
"6870","G0687","G0687_10","inactive",2,1,8,7,4,7,5,4
"6871","G0688","G0688_01","inactive",2,8,7,12,3,21,8,9
"6872","G0688","G0688_02","inactive",6,8,23,11,3,16,5,5
"6873","G0688","G0688_03","inactive",3,3,5,4,2,5,1,3
"6874","G0688","G0688_04","inactive",5,3,13,3,8,3,5,13
"6875","G0688","G0688_05","inactive",14,17,25,20,24,23,7,27
"6876","G0688","G0688_06","inactive",1,2,4,11,5,6,1,9
"6877","G0688","G0688_07","inactive",5,10,7,2,5,18,3,6
"6878","G0688","G0688_08","inactive",3,4,7,2,5,8,1,4
"6879","G0688","G0688_09","inactive",6,5,18,2,11,6,6,1
"6880","G0688","G0688_10","inactive",2,2,7,7,1,5,2,4
"6881","G0689","G0689_01","increasing",3,1,6,2,0,3,1,4
"6882","G0689","G0689_02","increasing",8,23,33,11,15,31,17,35
"6883","G0689","G0689_03","increasing",14,16,30,19,21,35,6,37
"6884","G0689","G0689_04","increasing",10,7,21,11,12,16,10,30
"6885","G0689","G0689_05","increasing",7,10,16,10,12,15,9,13
"6886","G0689","G0689_06","increasing",11,23,17,18,32,60,12,28
"6887","G0689","G0689_07","increasing",13,14,20,8,43,25,9,39
"6888","G0689","G0689_08","increasing",4,4,32,6,10,13,6,15
"6889","G0689","G0689_09","increasing",3,5,21,13,11,26,11,16
"6890","G0689","G0689_10","increasing",13,14,32,22,41,44,11,33
"6891","G0690","G0690_01","negcontrol",3,9,2,3,3,6,1,7
"6892","G0690","G0690_02","negcontrol",4,2,4,9,3,6,1,6
"6893","G0690","G0690_03","negcontrol",2,1,0,4,3,2,1,1
"6894","G0690","G0690_04","negcontrol",8,6,15,5,3,8,5,7
"6895","G0690","G0690_05","negcontrol",0,4,1,1,1,4,0,1
"6896","G0690","G0690_06","negcontrol",3,11,8,5,1,15,1,4
"6897","G0690","G0690_07","negcontrol",3,3,5,2,5,5,3,1
"6898","G0690","G0690_08","negcontrol",4,8,3,2,3,11,3,4
"6899","G0690","G0690_09","negcontrol",5,10,12,11,17,31,3,14
"6900","G0690","G0690_10","negcontrol",3,6,1,4,8,10,1,2
"6901","G0691","G0691_01","inactive",7,11,7,7,7,18,2,12
"6902","G0691","G0691_02","inactive",16,14,10,13,14,24,2,24
"6903","G0691","G0691_03","inactive",8,4,10,11,12,7,4,17
"6904","G0691","G0691_04","inactive",5,8,6,29,4,20,3,19
"6905","G0691","G0691_05","inactive",12,20,14,20,13,19,8,28
"6906","G0691","G0691_06","inactive",17,15,29,16,25,32,12,23
"6907","G0691","G0691_07","inactive",0,2,3,4,4,1,4,9
"6908","G0691","G0691_08","inactive",3,3,13,4,8,17,12,6
"6909","G0691","G0691_09","inactive",9,23,27,29,15,20,17,22
"6910","G0691","G0691_10","inactive",1,3,5,3,1,6,2,6
"6911","G0692","G0692_01","inactive",12,24,37,19,23,40,11,26
"6912","G0692","G0692_02","inactive",4,7,19,12,19,20,3,5
"6913","G0692","G0692_03","inactive",16,22,24,31,21,35,14,31
"6914","G0692","G0692_04","inactive",10,12,13,15,26,25,8,28
"6915","G0692","G0692_05","inactive",11,14,12,11,11,23,3,11
"6916","G0692","G0692_06","inactive",24,27,40,17,28,42,14,40
"6917","G0692","G0692_07","inactive",15,22,14,20,11,35,4,15
"6918","G0692","G0692_08","inactive",4,0,1,1,5,0,1,5
"6919","G0692","G0692_09","inactive",24,40,77,34,53,65,28,41
"6920","G0692","G0692_10","inactive",13,18,28,22,14,28,7,30
"6921","G0693","G0693_01","inactive",3,13,26,23,13,25,11,31
"6922","G0693","G0693_02","inactive",7,9,8,13,5,24,4,15
"6923","G0693","G0693_03","inactive",2,3,5,5,7,4,2,3
"6924","G0693","G0693_04","inactive",9,9,19,15,12,12,4,18
"6925","G0693","G0693_05","inactive",2,2,0,3,1,3,1,3
"6926","G0693","G0693_06","inactive",2,3,4,6,3,2,1,1
"6927","G0693","G0693_07","inactive",3,2,3,4,1,1,0,4
"6928","G0693","G0693_08","inactive",3,7,5,1,5,12,6,8
"6929","G0693","G0693_09","inactive",11,18,7,24,11,30,11,14
"6930","G0693","G0693_10","inactive",28,29,49,22,36,30,8,34
"6931","G0694","G0694_01","inactive",3,4,10,1,5,6,3,3
"6932","G0694","G0694_02","inactive",2,3,13,5,5,8,1,7
"6933","G0694","G0694_03","inactive",4,14,19,9,13,13,1,8
"6934","G0694","G0694_04","inactive",4,6,14,3,3,7,2,5
"6935","G0694","G0694_05","inactive",9,26,25,16,20,34,9,13
"6936","G0694","G0694_06","inactive",2,5,4,5,5,13,0,13
"6937","G0694","G0694_07","inactive",5,14,4,2,6,11,2,14
"6938","G0694","G0694_08","inactive",2,5,5,2,1,6,3,2
"6939","G0694","G0694_09","inactive",12,8,12,7,6,13,3,11
"6940","G0694","G0694_10","inactive",13,8,10,6,9,17,6,14
"6941","G0695","G0695_01","inactive",3,5,8,10,7,14,1,8
"6942","G0695","G0695_02","inactive",13,6,18,11,10,15,5,7
"6943","G0695","G0695_03","inactive",5,1,2,6,3,4,1,2
"6944","G0695","G0695_04","inactive",9,3,14,2,15,9,3,9
"6945","G0695","G0695_05","inactive",2,4,7,0,3,5,0,6
"6946","G0695","G0695_06","inactive",10,17,30,7,13,31,10,22
"6947","G0695","G0695_07","inactive",9,5,14,2,4,13,2,2
"6948","G0695","G0695_08","inactive",0,1,0,1,2,4,0,2
"6949","G0695","G0695_09","inactive",11,17,11,15,17,17,8,15
"6950","G0695","G0695_10","inactive",0,3,5,1,1,8,2,5
"6951","G0696","G0696_01","inactive",4,16,13,5,6,19,7,10
"6952","G0696","G0696_02","inactive",5,10,12,10,14,28,3,15
"6953","G0696","G0696_03","inactive",3,3,4,6,11,2,3,9
"6954","G0696","G0696_04","inactive",2,6,18,14,8,13,5,11
"6955","G0696","G0696_05","inactive",9,6,6,4,16,20,2,14
"6956","G0696","G0696_06","inactive",9,9,27,14,8,7,2,14
"6957","G0696","G0696_07","inactive",10,17,26,7,11,25,11,21
"6958","G0696","G0696_08","inactive",27,48,55,58,55,38,32,60
"6959","G0696","G0696_09","inactive",7,4,5,7,7,5,1,10
"6960","G0696","G0696_10","inactive",7,6,3,1,8,8,2,3
"6961","G0697","G0697_01","decreasing",16,15,26,13,6,14,9,17
"6962","G0697","G0697_02","decreasing",6,6,23,19,3,15,3,23
"6963","G0697","G0697_03","decreasing",28,41,70,48,26,51,15,38
"6964","G0697","G0697_04","decreasing",7,9,12,11,8,9,2,8
"6965","G0697","G0697_05","decreasing",3,7,9,5,0,13,4,5
"6966","G0697","G0697_06","decreasing",2,5,2,0,1,5,1,3
"6967","G0697","G0697_07","decreasing",2,4,8,10,0,14,1,7
"6968","G0697","G0697_08","decreasing",1,4,9,2,0,9,1,4
"6969","G0697","G0697_09","decreasing",12,5,8,3,4,5,4,4
"6970","G0697","G0697_10","decreasing",2,4,5,9,2,6,2,11
"6971","G0698","G0698_01","negcontrol",6,20,13,6,10,26,5,12
"6972","G0698","G0698_02","negcontrol",8,32,26,20,14,34,15,26
"6973","G0698","G0698_03","negcontrol",15,20,16,14,18,28,2,26
"6974","G0698","G0698_04","negcontrol",4,13,25,13,7,13,4,14
"6975","G0698","G0698_05","negcontrol",6,8,20,8,13,18,7,10
"6976","G0698","G0698_06","negcontrol",15,13,16,11,14,21,1,13
"6977","G0698","G0698_07","negcontrol",9,6,24,9,19,14,6,18
"6978","G0698","G0698_08","negcontrol",13,17,17,6,25,18,4,15
"6979","G0698","G0698_09","negcontrol",1,0,0,6,2,1,0,10
"6980","G0698","G0698_10","negcontrol",8,20,23,17,24,25,5,17
"6981","G0699","G0699_01","inactive",18,16,27,17,11,27,11,17
"6982","G0699","G0699_02","inactive",13,15,15,11,9,26,1,13
"6983","G0699","G0699_03","inactive",0,8,7,8,3,10,9,2
"6984","G0699","G0699_04","inactive",7,14,12,8,2,16,7,12
"6985","G0699","G0699_05","inactive",3,8,13,5,6,13,5,8
"6986","G0699","G0699_06","inactive",18,18,19,18,15,20,11,19
"6987","G0699","G0699_07","inactive",5,4,4,4,5,7,5,8
"6988","G0699","G0699_08","inactive",6,7,14,13,10,24,4,15
"6989","G0699","G0699_09","inactive",1,7,5,2,2,5,1,3
"6990","G0699","G0699_10","inactive",5,14,36,20,14,25,4,27
"6991","G0700","G0700_01","inactive",2,5,3,4,5,11,0,5
"6992","G0700","G0700_02","inactive",3,5,9,2,8,8,5,10
"6993","G0700","G0700_03","inactive",10,11,22,10,18,22,1,26
"6994","G0700","G0700_04","inactive",3,1,10,0,3,5,2,1
"6995","G0700","G0700_05","inactive",5,5,9,8,13,11,4,4
"6996","G0700","G0700_06","inactive",7,12,10,11,13,10,6,22
"6997","G0700","G0700_07","inactive",9,6,18,13,6,12,8,21
"6998","G0700","G0700_08","inactive",16,14,26,15,30,20,7,15
"6999","G0700","G0700_09","inactive",3,5,9,4,5,4,4,1
"7000","G0700","G0700_10","inactive",3,0,1,1,2,0,0,1
"7001","G0701","G0701_01","inactive",4,9,4,5,15,13,3,13
"7002","G0701","G0701_02","inactive",2,4,7,3,2,13,4,7
"7003","G0701","G0701_03","inactive",12,9,17,9,23,13,4,13
"7004","G0701","G0701_04","inactive",1,2,3,0,1,2,1,3
"7005","G0701","G0701_05","inactive",5,2,9,5,3,11,0,15
"7006","G0701","G0701_06","inactive",7,4,18,7,6,12,5,9
"7007","G0701","G0701_07","inactive",8,3,7,6,9,6,6,4
"7008","G0701","G0701_08","inactive",10,14,22,18,18,28,7,24
"7009","G0701","G0701_09","inactive",16,24,50,15,17,28,19,27
"7010","G0701","G0701_10","inactive",9,12,21,12,6,12,8,17
"7011","G0702","G0702_01","decreasing",5,8,13,5,10,7,3,10
"7012","G0702","G0702_02","decreasing",7,15,17,13,10,23,10,22
"7013","G0702","G0702_03","decreasing",11,5,13,11,6,7,8,17
"7014","G0702","G0702_04","decreasing",4,13,21,7,5,20,3,16
"7015","G0702","G0702_05","decreasing",11,19,21,8,14,16,8,13
"7016","G0702","G0702_06","decreasing",2,1,3,4,2,7,2,9
"7017","G0702","G0702_07","decreasing",4,7,6,4,4,10,5,10
"7018","G0702","G0702_08","decreasing",7,8,13,8,6,13,4,8
"7019","G0702","G0702_09","decreasing",10,11,5,5,4,13,1,6
"7020","G0702","G0702_10","decreasing",23,34,54,34,32,29,13,29
"7021","G0703","G0703_01","inactive",17,8,16,10,10,10,3,5
"7022","G0703","G0703_02","inactive",3,3,8,6,5,8,1,10
"7023","G0703","G0703_03","inactive",2,0,3,6,10,1,2,6
"7024","G0703","G0703_04","inactive",7,7,11,12,5,7,6,15
"7025","G0703","G0703_05","inactive",8,1,16,8,16,12,9,14
"7026","G0703","G0703_06","inactive",2,8,11,9,2,10,2,10
"7027","G0703","G0703_07","inactive",0,3,1,1,4,3,0,4
"7028","G0703","G0703_08","inactive",5,7,6,2,8,7,4,1
"7029","G0703","G0703_09","inactive",3,6,10,6,3,13,2,14
"7030","G0703","G0703_10","inactive",2,2,3,3,2,1,0,1
"7031","G0704","G0704_01","inactive",8,18,25,17,17,32,12,24
"7032","G0704","G0704_02","inactive",13,18,29,21,16,24,11,30
"7033","G0704","G0704_03","inactive",10,21,29,27,23,25,8,26
"7034","G0704","G0704_04","inactive",2,2,5,5,8,5,2,13
"7035","G0704","G0704_05","inactive",9,11,2,2,7,6,3,3
"7036","G0704","G0704_06","inactive",3,5,5,15,9,5,5,13
"7037","G0704","G0704_07","inactive",10,12,15,15,26,13,3,14
"7038","G0704","G0704_08","inactive",1,1,9,2,4,5,0,4
"7039","G0704","G0704_09","inactive",10,15,17,21,26,17,2,24
"7040","G0704","G0704_10","inactive",2,6,9,9,7,14,1,7
"7041","G0705","G0705_01","inactive",9,15,27,18,21,42,10,32
"7042","G0705","G0705_02","inactive",16,16,23,13,18,24,10,23
"7043","G0705","G0705_03","inactive",2,3,5,5,5,7,2,6
"7044","G0705","G0705_04","inactive",2,15,12,13,4,10,1,7
"7045","G0705","G0705_05","inactive",5,9,1,5,3,11,2,6
"7046","G0705","G0705_06","inactive",6,10,29,22,10,8,12,19
"7047","G0705","G0705_07","inactive",7,12,30,17,8,19,13,14
"7048","G0705","G0705_08","inactive",3,10,4,3,4,17,4,6
"7049","G0705","G0705_09","inactive",13,15,16,7,9,15,3,7
"7050","G0705","G0705_10","inactive",12,12,8,15,9,24,6,22
"7051","G0706","G0706_01","inactive",3,8,3,8,7,11,2,6
"7052","G0706","G0706_02","inactive",0,7,3,2,0,5,2,5
"7053","G0706","G0706_03","inactive",3,5,5,9,4,10,0,9
"7054","G0706","G0706_04","inactive",8,5,13,10,9,12,8,11
"7055","G0706","G0706_05","inactive",4,6,2,5,1,6,4,12
"7056","G0706","G0706_06","inactive",12,5,12,6,20,17,5,10
"7057","G0706","G0706_07","inactive",4,14,6,3,10,12,3,11
"7058","G0706","G0706_08","inactive",36,26,42,26,24,52,11,46
"7059","G0706","G0706_09","inactive",10,8,14,8,12,11,2,18
"7060","G0706","G0706_10","inactive",6,10,16,10,3,9,5,11
"7061","G0707","G0707_01","decreasing",4,10,9,20,8,8,1,16
"7062","G0707","G0707_02","decreasing",1,8,4,4,1,6,0,1
"7063","G0707","G0707_03","decreasing",4,12,17,3,4,7,5,5
"7064","G0707","G0707_04","decreasing",12,17,28,21,19,17,7,34
"7065","G0707","G0707_05","decreasing",19,22,23,12,30,32,6,23
"7066","G0707","G0707_06","decreasing",7,6,20,6,3,3,4,10
"7067","G0707","G0707_07","decreasing",3,7,8,3,9,8,3,5
"7068","G0707","G0707_08","decreasing",4,2,11,4,2,4,3,4
"7069","G0707","G0707_09","decreasing",11,17,28,29,11,29,13,25
"7070","G0707","G0707_10","decreasing",6,3,7,1,5,2,1,1
"7071","G0708","G0708_01","inactive",9,3,11,5,10,8,2,9
"7072","G0708","G0708_02","inactive",8,4,6,2,13,6,5,7
"7073","G0708","G0708_03","inactive",6,16,16,18,16,23,11,19
"7074","G0708","G0708_04","inactive",11,17,29,6,17,35,15,9
"7075","G0708","G0708_05","inactive",10,17,42,29,19,30,3,35
"7076","G0708","G0708_06","inactive",5,11,24,7,7,18,12,13
"7077","G0708","G0708_07","inactive",8,12,22,20,17,30,7,27
"7078","G0708","G0708_08","inactive",3,3,3,0,6,5,0,10
"7079","G0708","G0708_09","inactive",11,7,13,5,8,18,2,8
"7080","G0708","G0708_10","inactive",16,17,24,12,27,31,5,8
"7081","G0709","G0709_01","inactive",2,5,13,5,7,8,6,4
"7082","G0709","G0709_02","inactive",10,8,12,8,13,25,3,7
"7083","G0709","G0709_03","inactive",12,7,29,12,18,15,9,17
"7084","G0709","G0709_04","inactive",3,4,9,4,6,8,2,7
"7085","G0709","G0709_05","inactive",1,0,4,3,1,1,1,2
"7086","G0709","G0709_06","inactive",10,11,17,12,13,20,6,21
"7087","G0709","G0709_07","inactive",10,19,63,24,27,47,16,56
"7088","G0709","G0709_08","inactive",4,4,14,6,6,9,2,2
"7089","G0709","G0709_09","inactive",5,7,8,11,8,9,0,3
"7090","G0709","G0709_10","inactive",6,11,10,6,10,13,2,9
"7091","G0710","G0710_01","inactive",6,3,11,15,9,9,2,12
"7092","G0710","G0710_02","inactive",11,10,19,14,14,26,8,23
"7093","G0710","G0710_03","inactive",9,12,15,14,14,20,11,11
"7094","G0710","G0710_04","inactive",7,4,7,3,2,10,2,6
"7095","G0710","G0710_05","inactive",18,22,44,17,17,45,18,32
"7096","G0710","G0710_06","inactive",4,4,8,12,6,6,4,4
"7097","G0710","G0710_07","inactive",6,3,0,8,10,4,1,8
"7098","G0710","G0710_08","inactive",3,3,5,7,3,0,2,7
"7099","G0710","G0710_09","inactive",4,5,16,9,5,14,5,8
"7100","G0710","G0710_10","inactive",20,16,38,23,27,27,4,11
"7101","G0711","G0711_01","inactive",12,15,21,6,13,27,6,8
"7102","G0711","G0711_02","inactive",3,6,6,7,4,5,0,4
"7103","G0711","G0711_03","inactive",0,7,0,10,0,6,0,7
"7104","G0711","G0711_04","inactive",5,9,12,4,11,16,0,8
"7105","G0711","G0711_05","inactive",1,3,1,8,2,10,4,12
"7106","G0711","G0711_06","inactive",6,3,15,5,9,5,3,6
"7107","G0711","G0711_07","inactive",3,5,9,9,11,14,5,10
"7108","G0711","G0711_08","inactive",9,20,35,19,15,28,8,23
"7109","G0711","G0711_09","inactive",1,4,13,1,1,5,2,6
"7110","G0711","G0711_10","inactive",5,6,8,7,7,7,3,12
"7111","G0712","G0712_01","inactive",2,7,9,9,4,10,0,11
"7112","G0712","G0712_02","inactive",2,5,8,2,2,18,0,3
"7113","G0712","G0712_03","inactive",1,2,1,1,1,2,1,1
"7114","G0712","G0712_04","inactive",8,16,16,14,11,35,6,24
"7115","G0712","G0712_05","inactive",4,1,2,7,0,1,0,10
"7116","G0712","G0712_06","inactive",12,10,18,7,13,8,13,5
"7117","G0712","G0712_07","inactive",5,1,3,6,5,1,1,3
"7118","G0712","G0712_08","inactive",3,5,9,4,2,17,4,8
"7119","G0712","G0712_09","inactive",5,7,18,12,8,6,4,10
"7120","G0712","G0712_10","inactive",1,3,9,0,3,2,3,2
"7121","G0713","G0713_01","inactive",25,31,38,21,39,39,16,28
"7122","G0713","G0713_02","inactive",6,19,20,7,7,20,10,9
"7123","G0713","G0713_03","inactive",9,17,13,13,10,25,7,11
"7124","G0713","G0713_04","inactive",12,15,28,21,12,29,1,25
"7125","G0713","G0713_05","inactive",4,4,10,6,4,5,1,5
"7126","G0713","G0713_06","inactive",12,20,12,7,19,24,5,16
"7127","G0713","G0713_07","inactive",22,29,64,42,32,37,22,45
"7128","G0713","G0713_08","inactive",4,12,20,16,4,25,12,16
"7129","G0713","G0713_09","inactive",6,1,4,1,1,6,3,5
"7130","G0713","G0713_10","inactive",2,5,4,3,3,2,1,6
"7131","G0714","G0714_01","increasing",1,6,4,6,7,2,0,5
"7132","G0714","G0714_02","increasing",10,13,18,11,16,19,8,16
"7133","G0714","G0714_03","increasing",0,2,1,3,2,10,3,6
"7134","G0714","G0714_04","increasing",6,6,8,6,8,10,6,5
"7135","G0714","G0714_05","increasing",15,4,10,6,10,13,7,12
"7136","G0714","G0714_06","increasing",0,5,2,3,3,6,0,7
"7137","G0714","G0714_07","increasing",1,2,1,0,0,2,1,0
"7138","G0714","G0714_08","increasing",4,6,5,3,1,20,7,16
"7139","G0714","G0714_09","increasing",2,10,7,4,5,13,4,8
"7140","G0714","G0714_10","increasing",12,12,24,14,21,25,16,32
"7141","G0715","G0715_01","inactive",5,7,4,9,7,10,5,6
"7142","G0715","G0715_02","inactive",3,0,3,3,1,3,2,5
"7143","G0715","G0715_03","inactive",3,6,6,6,1,2,3,4
"7144","G0715","G0715_04","inactive",12,28,25,27,25,27,8,31
"7145","G0715","G0715_05","inactive",8,9,10,9,15,12,9,10
"7146","G0715","G0715_06","inactive",6,9,13,4,9,14,6,4
"7147","G0715","G0715_07","inactive",0,9,13,2,4,13,3,5
"7148","G0715","G0715_08","inactive",8,10,14,7,6,13,6,4
"7149","G0715","G0715_09","inactive",1,1,4,4,1,1,1,0
"7150","G0715","G0715_10","inactive",6,5,6,4,5,4,3,7
"7151","G0716","G0716_01","inactive",3,9,10,2,5,11,6,4
"7152","G0716","G0716_02","inactive",4,5,6,4,5,2,2,6
"7153","G0716","G0716_03","inactive",3,3,10,5,2,4,5,2
"7154","G0716","G0716_04","inactive",4,2,3,4,12,10,2,2
"7155","G0716","G0716_05","inactive",9,20,26,9,14,33,10,11
"7156","G0716","G0716_06","inactive",3,6,6,7,9,8,1,17
"7157","G0716","G0716_07","inactive",7,18,25,19,18,24,8,32
"7158","G0716","G0716_08","inactive",5,7,7,2,6,6,2,10
"7159","G0716","G0716_09","inactive",0,1,3,5,4,7,1,3
"7160","G0716","G0716_10","inactive",1,2,9,2,5,3,1,0
"7161","G0717","G0717_01","increasing",8,14,16,5,21,17,2,13
"7162","G0717","G0717_02","increasing",4,9,15,4,13,8,10,18
"7163","G0717","G0717_03","increasing",2,2,6,3,7,10,0,6
"7164","G0717","G0717_04","increasing",7,9,9,12,11,14,6,19
"7165","G0717","G0717_05","increasing",9,8,8,11,15,11,9,18
"7166","G0717","G0717_06","increasing",6,6,9,6,10,19,5,9
"7167","G0717","G0717_07","increasing",21,24,19,12,16,50,8,41
"7168","G0717","G0717_08","increasing",10,16,11,17,14,27,6,22
"7169","G0717","G0717_09","increasing",1,0,8,4,10,2,5,7
"7170","G0717","G0717_10","increasing",2,2,5,4,2,7,2,12
"7171","G0718","G0718_01","decreasing",5,1,5,4,6,13,1,5
"7172","G0718","G0718_02","decreasing",4,1,8,3,9,7,3,2
"7173","G0718","G0718_03","decreasing",3,7,6,6,7,6,3,3
"7174","G0718","G0718_04","decreasing",4,1,0,4,2,2,2,2
"7175","G0718","G0718_05","decreasing",3,4,11,6,8,7,3,8
"7176","G0718","G0718_06","decreasing",4,4,4,12,3,15,1,6
"7177","G0718","G0718_07","decreasing",1,9,12,15,4,7,4,15
"7178","G0718","G0718_08","decreasing",3,8,5,8,7,11,3,3
"7179","G0718","G0718_09","decreasing",11,11,21,23,7,16,8,29
"7180","G0718","G0718_10","decreasing",7,11,25,18,12,15,8,16
"7181","G0719","G0719_01","inactive",3,2,12,6,7,6,1,8
"7182","G0719","G0719_02","inactive",10,13,26,10,18,19,2,15
"7183","G0719","G0719_03","inactive",1,1,7,2,2,2,1,5
"7184","G0719","G0719_04","inactive",9,11,20,14,13,17,10,19
"7185","G0719","G0719_05","inactive",0,1,2,1,0,5,0,5
"7186","G0719","G0719_06","inactive",9,27,47,19,20,36,9,23
"7187","G0719","G0719_07","inactive",15,15,18,18,14,18,8,12
"7188","G0719","G0719_08","inactive",3,3,4,2,8,7,3,3
"7189","G0719","G0719_09","inactive",3,4,8,18,12,19,3,22
"7190","G0719","G0719_10","inactive",6,9,19,15,11,13,11,15
"7191","G0720","G0720_01","increasing",2,2,0,8,3,5,1,7
"7192","G0720","G0720_02","increasing",26,34,48,37,50,71,38,72
"7193","G0720","G0720_03","increasing",4,5,3,8,3,11,1,15
"7194","G0720","G0720_04","increasing",6,1,1,5,2,13,5,4
"7195","G0720","G0720_05","increasing",3,3,1,6,6,13,4,8
"7196","G0720","G0720_06","increasing",11,19,31,17,18,18,3,16
"7197","G0720","G0720_07","increasing",2,5,9,3,2,10,3,8
"7198","G0720","G0720_08","increasing",5,1,4,3,4,11,2,22
"7199","G0720","G0720_09","increasing",19,20,18,14,14,29,8,18
"7200","G0720","G0720_10","increasing",5,9,23,1,15,21,6,15
"7201","G0721","G0721_01","inactive",4,2,2,1,6,7,2,1
"7202","G0721","G0721_02","inactive",6,5,10,11,8,8,9,13
"7203","G0721","G0721_03","inactive",7,1,4,6,14,4,3,7
"7204","G0721","G0721_04","inactive",4,6,3,4,2,7,6,6
"7205","G0721","G0721_05","inactive",9,5,11,7,10,9,6,9
"7206","G0721","G0721_06","inactive",4,4,4,4,3,2,2,8
"7207","G0721","G0721_07","inactive",29,27,42,35,32,30,10,42
"7208","G0721","G0721_08","inactive",10,9,15,7,11,5,2,10
"7209","G0721","G0721_09","inactive",5,19,13,16,18,21,6,17
"7210","G0721","G0721_10","inactive",4,5,12,8,6,6,0,11
"7211","G0722","G0722_01","inactive",3,5,7,8,5,2,3,1
"7212","G0722","G0722_02","inactive",0,4,2,0,3,5,1,1
"7213","G0722","G0722_03","inactive",5,9,12,13,12,29,8,15
"7214","G0722","G0722_04","inactive",5,9,3,5,6,11,3,2
"7215","G0722","G0722_05","inactive",4,6,19,10,7,20,4,6
"7216","G0722","G0722_06","inactive",7,4,10,2,0,6,0,1
"7217","G0722","G0722_07","inactive",1,0,0,0,2,1,0,1
"7218","G0722","G0722_08","inactive",11,18,32,14,22,31,6,23
"7219","G0722","G0722_09","inactive",2,8,12,7,7,12,2,16
"7220","G0722","G0722_10","inactive",10,9,22,25,19,17,5,26
"7221","G0723","G0723_01","inactive",0,2,6,5,0,1,1,6
"7222","G0723","G0723_02","inactive",8,23,12,9,12,17,8,14
"7223","G0723","G0723_03","inactive",5,12,13,6,12,19,7,15
"7224","G0723","G0723_04","inactive",6,5,10,4,4,5,2,6
"7225","G0723","G0723_05","inactive",7,6,7,9,4,10,4,5
"7226","G0723","G0723_06","inactive",1,5,12,6,3,4,0,5
"7227","G0723","G0723_07","inactive",20,36,20,31,21,25,5,35
"7228","G0723","G0723_08","inactive",4,11,16,11,11,23,6,10
"7229","G0723","G0723_09","inactive",14,24,34,36,30,37,18,28
"7230","G0723","G0723_10","inactive",3,8,17,12,3,9,7,4
"7231","G0724","G0724_01","increasing",2,3,7,3,6,12,4,8
"7232","G0724","G0724_02","increasing",6,2,7,17,14,8,5,27
"7233","G0724","G0724_03","increasing",0,1,8,4,1,1,6,9
"7234","G0724","G0724_04","increasing",2,4,9,2,1,9,1,7
"7235","G0724","G0724_05","increasing",3,3,5,5,5,6,2,5
"7236","G0724","G0724_06","increasing",7,10,16,10,21,29,8,20
"7237","G0724","G0724_07","increasing",0,5,7,6,5,8,4,2
"7238","G0724","G0724_08","increasing",7,32,33,24,12,57,18,36
"7239","G0724","G0724_09","increasing",23,24,49,31,40,72,23,53
"7240","G0724","G0724_10","increasing",13,16,22,10,23,31,7,13
"7241","G0725","G0725_01","increasing",4,7,8,10,6,6,5,4
"7242","G0725","G0725_02","increasing",5,4,1,3,6,7,2,2
"7243","G0725","G0725_03","increasing",0,1,3,2,5,7,1,6
"7244","G0725","G0725_04","increasing",6,12,15,7,12,13,12,31
"7245","G0725","G0725_05","increasing",1,3,6,3,8,14,5,8
"7246","G0725","G0725_06","increasing",13,10,27,10,13,23,8,10
"7247","G0725","G0725_07","increasing",6,6,16,8,11,7,4,20
"7248","G0725","G0725_08","increasing",1,7,1,5,5,13,0,3
"7249","G0725","G0725_09","increasing",6,3,4,13,7,11,3,17
"7250","G0725","G0725_10","increasing",5,6,5,13,7,16,5,16
"7251","G0726","G0726_01","increasing",4,4,7,4,7,8,1,3
"7252","G0726","G0726_02","increasing",10,15,17,14,18,29,9,29
"7253","G0726","G0726_03","increasing",12,20,19,13,22,45,12,30
"7254","G0726","G0726_04","increasing",3,7,5,0,6,18,6,7
"7255","G0726","G0726_05","increasing",13,24,31,17,23,46,17,36
"7256","G0726","G0726_06","increasing",4,5,7,2,5,7,1,8
"7257","G0726","G0726_07","increasing",4,10,6,9,5,17,1,9
"7258","G0726","G0726_08","increasing",8,7,18,17,19,17,7,27
"7259","G0726","G0726_09","increasing",11,14,27,23,25,30,19,28
"7260","G0726","G0726_10","increasing",2,10,8,5,18,14,4,9
"7261","G0727","G0727_01","inactive",6,13,22,10,6,9,7,13
"7262","G0727","G0727_02","inactive",10,7,28,21,16,20,7,19
"7263","G0727","G0727_03","inactive",3,12,14,13,4,13,3,15
"7264","G0727","G0727_04","inactive",3,5,2,3,3,5,0,2
"7265","G0727","G0727_05","inactive",9,12,9,8,5,19,8,22
"7266","G0727","G0727_06","inactive",5,14,22,14,13,17,5,11
"7267","G0727","G0727_07","inactive",4,9,21,11,10,16,6,6
"7268","G0727","G0727_08","inactive",6,22,9,11,8,27,2,14
"7269","G0727","G0727_09","inactive",2,4,2,1,1,10,1,3
"7270","G0727","G0727_10","inactive",10,13,25,16,15,23,8,19
"7271","G0728","G0728_01","inactive",8,11,9,11,9,17,2,18
"7272","G0728","G0728_02","inactive",4,4,11,6,9,7,3,9
"7273","G0728","G0728_03","inactive",9,31,31,13,19,43,11,18
"7274","G0728","G0728_04","inactive",9,19,31,15,15,27,15,28
"7275","G0728","G0728_05","inactive",8,12,16,11,12,16,4,7
"7276","G0728","G0728_06","inactive",0,0,6,1,0,4,1,4
"7277","G0728","G0728_07","inactive",4,5,13,5,10,14,4,10
"7278","G0728","G0728_08","inactive",8,16,5,4,8,14,2,10
"7279","G0728","G0728_09","inactive",0,4,5,3,8,8,0,7
"7280","G0728","G0728_10","inactive",2,5,6,5,6,13,5,12
"7281","G0729","G0729_01","inactive",1,2,3,3,3,3,1,9
"7282","G0729","G0729_02","inactive",4,9,13,6,3,8,3,10
"7283","G0729","G0729_03","inactive",4,4,9,3,10,12,4,3
"7284","G0729","G0729_04","inactive",4,15,16,10,4,20,8,10
"7285","G0729","G0729_05","inactive",2,2,11,4,4,8,3,3
"7286","G0729","G0729_06","inactive",6,3,7,13,4,17,3,14
"7287","G0729","G0729_07","inactive",14,32,50,39,34,45,18,36
"7288","G0729","G0729_08","inactive",17,28,40,42,32,40,13,33
"7289","G0729","G0729_09","inactive",2,7,5,4,4,9,2,5
"7290","G0729","G0729_10","inactive",2,6,12,8,1,10,3,10
"7291","G0730","G0730_01","inactive",4,13,6,3,5,16,7,10
"7292","G0730","G0730_02","inactive",9,22,37,9,15,22,9,18
"7293","G0730","G0730_03","inactive",8,9,6,15,15,16,4,10
"7294","G0730","G0730_04","inactive",12,19,17,9,12,19,6,22
"7295","G0730","G0730_05","inactive",10,24,36,10,14,28,8,9
"7296","G0730","G0730_06","inactive",2,8,5,1,7,3,1,2
"7297","G0730","G0730_07","inactive",5,8,18,9,7,10,3,8
"7298","G0730","G0730_08","inactive",6,13,24,20,12,39,13,23
"7299","G0730","G0730_09","inactive",14,21,24,22,18,47,8,21
"7300","G0730","G0730_10","inactive",10,6,13,12,7,11,7,11
"7301","G0731","G0731_01","increasing",6,5,6,6,16,19,7,10
"7302","G0731","G0731_02","increasing",12,6,17,9,14,18,9,13
"7303","G0731","G0731_03","increasing",9,7,6,7,9,15,1,16
"7304","G0731","G0731_04","increasing",9,15,16,7,17,27,8,13
"7305","G0731","G0731_05","increasing",4,4,7,4,11,10,3,10
"7306","G0731","G0731_06","increasing",15,19,13,16,20,27,7,33
"7307","G0731","G0731_07","increasing",5,8,10,4,11,16,6,9
"7308","G0731","G0731_08","increasing",3,5,2,5,3,7,3,6
"7309","G0731","G0731_09","increasing",6,13,8,4,9,21,5,2
"7310","G0731","G0731_10","increasing",5,7,3,5,5,5,1,12
"7311","G0732","G0732_01","inactive",0,5,10,2,6,13,3,8
"7312","G0732","G0732_02","inactive",4,10,25,15,13,21,6,32
"7313","G0732","G0732_03","inactive",14,18,29,15,17,24,11,22
"7314","G0732","G0732_04","inactive",1,4,4,6,2,3,2,4
"7315","G0732","G0732_05","inactive",3,5,8,6,17,7,5,13
"7316","G0732","G0732_06","inactive",6,10,13,9,1,19,3,5
"7317","G0732","G0732_07","inactive",2,8,8,5,8,4,5,10
"7318","G0732","G0732_08","inactive",10,8,14,17,14,18,6,15
"7319","G0732","G0732_09","inactive",1,1,5,2,2,0,3,1
"7320","G0732","G0732_10","inactive",17,22,36,17,20,48,8,25
"7321","G0733","G0733_01","inactive",4,5,11,2,13,15,2,9
"7322","G0733","G0733_02","inactive",7,7,16,9,18,8,9,21
"7323","G0733","G0733_03","inactive",2,6,1,8,4,3,1,2
"7324","G0733","G0733_04","inactive",1,3,5,8,2,3,3,7
"7325","G0733","G0733_05","inactive",12,25,36,20,23,26,9,34
"7326","G0733","G0733_06","inactive",3,7,9,10,11,16,2,8
"7327","G0733","G0733_07","inactive",12,14,26,16,14,18,15,23
"7328","G0733","G0733_08","inactive",10,4,18,14,21,9,6,17
"7329","G0733","G0733_09","inactive",6,6,13,13,1,7,2,6
"7330","G0733","G0733_10","inactive",2,2,6,6,7,7,2,4
"7331","G0734","G0734_01","inactive",3,11,13,3,14,10,2,5
"7332","G0734","G0734_02","inactive",0,2,4,0,1,0,1,4
"7333","G0734","G0734_03","inactive",2,9,23,12,14,20,5,18
"7334","G0734","G0734_04","inactive",1,8,12,11,1,14,6,17
"7335","G0734","G0734_05","inactive",4,0,0,5,6,4,0,4
"7336","G0734","G0734_06","inactive",1,1,1,2,4,4,0,5
"7337","G0734","G0734_07","inactive",2,8,11,3,3,4,4,1
"7338","G0734","G0734_08","inactive",14,14,26,12,20,26,6,35
"7339","G0734","G0734_09","inactive",20,30,35,18,32,39,10,26
"7340","G0734","G0734_10","inactive",21,32,34,19,29,51,13,23
"7341","G0735","G0735_01","inactive",2,5,7,8,8,7,2,7
"7342","G0735","G0735_02","inactive",4,7,3,8,5,8,1,7
"7343","G0735","G0735_03","inactive",10,18,22,16,18,30,11,17
"7344","G0735","G0735_04","inactive",12,14,26,15,14,21,3,14
"7345","G0735","G0735_05","inactive",9,6,10,20,7,10,2,18
"7346","G0735","G0735_06","inactive",9,21,20,17,13,29,12,25
"7347","G0735","G0735_07","inactive",22,29,45,35,27,33,20,32
"7348","G0735","G0735_08","inactive",5,5,8,8,11,8,4,13
"7349","G0735","G0735_09","inactive",2,15,13,4,5,22,4,7
"7350","G0735","G0735_10","inactive",10,12,27,7,15,20,6,16
"7351","G0736","G0736_01","inactive",2,8,5,3,4,8,4,12
"7352","G0736","G0736_02","inactive",1,4,8,4,3,2,0,5
"7353","G0736","G0736_03","inactive",3,3,6,3,4,3,2,12
"7354","G0736","G0736_04","inactive",6,14,12,4,1,18,5,14
"7355","G0736","G0736_05","inactive",4,5,4,2,6,6,1,9
"7356","G0736","G0736_06","inactive",2,2,6,6,3,4,0,2
"7357","G0736","G0736_07","inactive",4,7,7,4,5,10,4,4
"7358","G0736","G0736_08","inactive",1,10,7,8,7,19,2,11
"7359","G0736","G0736_09","inactive",3,0,5,5,3,2,0,0
"7360","G0736","G0736_10","inactive",5,4,7,4,7,10,5,5
"7361","G0737","G0737_01","inactive",17,16,35,15,21,24,12,19
"7362","G0737","G0737_02","inactive",2,14,15,14,10,21,2,17
"7363","G0737","G0737_03","inactive",3,4,4,9,8,12,3,16
"7364","G0737","G0737_04","inactive",0,2,16,8,5,12,3,12
"7365","G0737","G0737_05","inactive",10,4,15,14,5,10,6,26
"7366","G0737","G0737_06","inactive",6,6,18,5,14,7,6,9
"7367","G0737","G0737_07","inactive",6,6,9,6,5,13,2,15
"7368","G0737","G0737_08","inactive",7,21,23,12,12,32,8,18
"7369","G0737","G0737_09","inactive",13,11,16,9,12,26,4,20
"7370","G0737","G0737_10","inactive",6,15,12,8,11,21,7,19
"7371","G0738","G0738_01","inactive",1,5,5,1,11,5,0,10
"7372","G0738","G0738_02","inactive",18,32,26,28,26,39,15,35
"7373","G0738","G0738_03","inactive",3,9,4,3,4,10,1,9
"7374","G0738","G0738_04","inactive",8,11,13,4,9,16,7,7
"7375","G0738","G0738_05","inactive",18,9,12,10,19,12,2,11
"7376","G0738","G0738_06","inactive",10,9,11,11,7,13,8,6
"7377","G0738","G0738_07","inactive",5,6,23,16,4,19,7,10
"7378","G0738","G0738_08","inactive",1,2,8,1,1,6,0,8
"7379","G0738","G0738_09","inactive",4,7,9,6,3,8,4,11
"7380","G0738","G0738_10","inactive",3,3,18,6,9,11,2,10
"7381","G0739","G0739_01","inactive",13,35,40,12,22,44,7,21
"7382","G0739","G0739_02","inactive",0,5,1,0,2,5,1,0
"7383","G0739","G0739_03","inactive",17,13,29,9,26,33,1,19
"7384","G0739","G0739_04","inactive",2,3,4,6,3,6,2,3
"7385","G0739","G0739_05","inactive",0,3,5,3,5,2,0,4
"7386","G0739","G0739_06","inactive",2,6,14,2,12,10,6,2
"7387","G0739","G0739_07","inactive",15,24,20,20,25,26,5,22
"7388","G0739","G0739_08","inactive",8,28,21,24,21,57,10,40
"7389","G0739","G0739_09","inactive",10,15,17,10,8,18,4,17
"7390","G0739","G0739_10","inactive",2,3,5,0,2,6,4,1
"7391","G0740","G0740_01","inactive",4,1,7,1,8,4,2,3
"7392","G0740","G0740_02","inactive",22,29,28,26,26,34,11,34
"7393","G0740","G0740_03","inactive",2,1,1,3,5,1,1,1
"7394","G0740","G0740_04","inactive",4,12,11,8,6,16,1,5
"7395","G0740","G0740_05","inactive",4,4,11,8,3,2,2,12
"7396","G0740","G0740_06","inactive",5,5,4,5,5,8,3,7
"7397","G0740","G0740_07","inactive",6,15,15,16,12,24,5,18
"7398","G0740","G0740_08","inactive",11,9,10,13,12,21,5,13
"7399","G0740","G0740_09","inactive",7,13,19,8,10,30,10,16
"7400","G0740","G0740_10","inactive",23,30,44,31,24,34,7,34
"7401","G0741","G0741_01","negcontrol",7,16,7,10,6,10,9,22
"7402","G0741","G0741_02","negcontrol",5,6,14,3,11,11,3,7
"7403","G0741","G0741_03","negcontrol",8,14,13,11,11,22,9,5
"7404","G0741","G0741_04","negcontrol",11,14,32,23,15,39,9,31
"7405","G0741","G0741_05","negcontrol",0,2,7,7,0,4,3,5
"7406","G0741","G0741_06","negcontrol",2,0,1,2,6,3,0,4
"7407","G0741","G0741_07","negcontrol",12,25,49,30,21,30,22,39
"7408","G0741","G0741_08","negcontrol",22,24,39,22,22,42,14,38
"7409","G0741","G0741_09","negcontrol",8,9,16,18,7,15,7,16
"7410","G0741","G0741_10","negcontrol",11,21,29,21,15,17,5,31
"7411","G0742","G0742_01","increasing",6,4,7,5,5,10,5,13
"7412","G0742","G0742_02","increasing",2,7,5,4,7,11,2,5
"7413","G0742","G0742_03","increasing",2,4,12,4,10,11,7,8
"7414","G0742","G0742_04","increasing",8,9,25,9,20,26,16,22
"7415","G0742","G0742_05","increasing",1,15,13,9,8,19,3,14
"7416","G0742","G0742_06","increasing",4,6,6,3,5,11,2,4
"7417","G0742","G0742_07","increasing",10,12,17,14,24,27,7,26
"7418","G0742","G0742_08","increasing",4,4,12,3,4,5,5,7
"7419","G0742","G0742_09","increasing",13,21,21,19,13,22,7,27
"7420","G0742","G0742_10","increasing",2,2,7,6,1,9,2,6
"7421","G0743","G0743_01","inactive",8,23,15,19,11,25,2,22
"7422","G0743","G0743_02","inactive",2,2,11,5,3,9,0,6
"7423","G0743","G0743_03","inactive",6,8,7,9,5,6,3,6
"7424","G0743","G0743_04","inactive",3,10,13,3,8,13,0,3
"7425","G0743","G0743_05","inactive",55,38,65,54,43,73,28,56
"7426","G0743","G0743_06","inactive",7,13,28,13,11,18,11,21
"7427","G0743","G0743_07","inactive",4,9,14,8,10,22,3,13
"7428","G0743","G0743_08","inactive",7,21,18,11,18,13,2,19
"7429","G0743","G0743_09","inactive",11,11,23,17,14,23,8,34
"7430","G0743","G0743_10","inactive",31,41,42,30,31,42,9,35
"7431","G0744","G0744_01","inactive",7,25,26,14,17,40,6,18
"7432","G0744","G0744_02","inactive",11,41,33,22,19,43,14,36
"7433","G0744","G0744_03","inactive",15,14,28,20,14,23,12,18
"7434","G0744","G0744_04","inactive",7,15,16,9,16,20,9,22
"7435","G0744","G0744_05","inactive",1,9,5,7,3,9,0,10
"7436","G0744","G0744_06","inactive",3,7,15,9,3,9,2,8
"7437","G0744","G0744_07","inactive",0,2,7,2,2,5,1,5
"7438","G0744","G0744_08","inactive",2,2,8,4,2,5,2,3
"7439","G0744","G0744_09","inactive",2,2,15,5,5,9,6,3
"7440","G0744","G0744_10","inactive",4,6,11,4,10,11,1,5
"7441","G0745","G0745_01","inactive",20,12,25,14,12,22,8,22
"7442","G0745","G0745_02","inactive",1,4,2,1,1,3,2,0
"7443","G0745","G0745_03","inactive",1,1,6,3,2,10,0,4
"7444","G0745","G0745_04","inactive",5,10,7,8,5,9,2,10
"7445","G0745","G0745_05","inactive",3,5,7,2,4,5,0,3
"7446","G0745","G0745_06","inactive",8,15,18,22,8,21,9,34
"7447","G0745","G0745_07","inactive",12,24,34,25,29,36,12,24
"7448","G0745","G0745_08","inactive",0,1,11,1,3,7,3,2
"7449","G0745","G0745_09","inactive",11,14,15,18,29,36,8,22
"7450","G0745","G0745_10","inactive",2,2,7,4,2,9,2,5
"7451","G0746","G0746_01","inactive",13,5,3,10,12,17,5,13
"7452","G0746","G0746_02","inactive",2,4,7,3,2,10,1,8
"7453","G0746","G0746_03","inactive",8,4,4,4,3,13,0,3
"7454","G0746","G0746_04","inactive",17,19,27,13,10,20,5,18
"7455","G0746","G0746_05","inactive",16,11,14,24,30,32,11,32
"7456","G0746","G0746_06","inactive",11,14,13,6,8,18,13,22
"7457","G0746","G0746_07","inactive",0,4,8,4,1,6,1,3
"7458","G0746","G0746_08","inactive",3,3,11,1,5,14,7,13
"7459","G0746","G0746_09","inactive",5,6,20,10,2,6,9,15
"7460","G0746","G0746_10","inactive",4,10,8,10,10,6,2,7
"7461","G0747","G0747_01","decreasing",6,9,9,16,9,10,3,11
"7462","G0747","G0747_02","decreasing",14,12,34,29,18,21,8,18
"7463","G0747","G0747_03","decreasing",4,13,14,10,12,4,3,23
"7464","G0747","G0747_04","decreasing",3,4,13,16,11,5,3,12
"7465","G0747","G0747_05","decreasing",2,14,8,4,4,6,0,6
"7466","G0747","G0747_06","decreasing",4,8,8,12,13,15,1,14
"7467","G0747","G0747_07","decreasing",5,12,15,8,3,15,5,6
"7468","G0747","G0747_08","decreasing",5,5,12,8,3,8,1,2
"7469","G0747","G0747_09","decreasing",24,21,27,11,30,23,5,19
"7470","G0747","G0747_10","decreasing",12,23,21,12,16,25,3,13
"7471","G0748","G0748_01","inactive",2,3,7,1,1,5,4,8
"7472","G0748","G0748_02","inactive",15,12,34,22,19,25,11,18
"7473","G0748","G0748_03","inactive",3,0,3,0,3,4,1,0
"7474","G0748","G0748_04","inactive",3,10,12,7,3,10,7,15
"7475","G0748","G0748_05","inactive",8,4,10,4,9,12,1,9
"7476","G0748","G0748_06","inactive",10,8,13,14,13,11,5,14
"7477","G0748","G0748_07","inactive",11,18,33,17,23,30,11,23
"7478","G0748","G0748_08","inactive",2,8,9,11,5,14,2,11
"7479","G0748","G0748_09","inactive",4,8,11,14,4,16,4,9
"7480","G0748","G0748_10","inactive",1,7,9,6,4,12,4,13
"7481","G0749","G0749_01","inactive",11,16,16,17,15,24,6,14
"7482","G0749","G0749_02","inactive",4,11,19,18,12,15,6,22
"7483","G0749","G0749_03","inactive",13,13,18,11,11,18,6,26
"7484","G0749","G0749_04","inactive",3,3,10,2,5,13,3,5
"7485","G0749","G0749_05","inactive",1,2,1,2,2,0,2,4
"7486","G0749","G0749_06","inactive",0,5,8,4,3,8,0,7
"7487","G0749","G0749_07","inactive",1,2,6,6,0,3,1,6
"7488","G0749","G0749_08","inactive",1,5,6,3,4,5,1,11
"7489","G0749","G0749_09","inactive",5,1,13,4,7,6,2,2
"7490","G0749","G0749_10","inactive",7,4,13,8,9,9,6,13
"7491","G0750","G0750_01","inactive",5,17,2,4,9,9,2,12
"7492","G0750","G0750_02","inactive",9,36,44,28,17,42,14,29
"7493","G0750","G0750_03","inactive",1,4,2,9,1,12,2,12
"7494","G0750","G0750_04","inactive",10,9,12,7,10,12,4,11
"7495","G0750","G0750_05","inactive",2,8,7,6,2,12,1,9
"7496","G0750","G0750_06","inactive",9,18,19,19,12,18,15,35
"7497","G0750","G0750_07","inactive",2,8,12,3,5,15,4,10
"7498","G0750","G0750_08","inactive",30,43,64,53,34,56,24,65
"7499","G0750","G0750_09","inactive",3,5,9,9,6,17,2,13
"7500","G0750","G0750_10","inactive",9,15,31,26,22,40,12,22
"7501","G0751","G0751_01","inactive",28,49,70,33,47,60,17,44
"7502","G0751","G0751_02","inactive",2,2,3,5,3,12,1,9
"7503","G0751","G0751_03","inactive",1,4,6,3,3,4,6,1
"7504","G0751","G0751_04","inactive",4,5,6,0,1,5,1,4
"7505","G0751","G0751_05","inactive",6,12,9,2,4,17,6,7
"7506","G0751","G0751_06","inactive",6,10,20,11,3,7,5,8
"7507","G0751","G0751_07","inactive",5,8,14,2,9,11,2,25
"7508","G0751","G0751_08","inactive",2,4,4,8,7,7,5,10
"7509","G0751","G0751_09","inactive",49,57,140,70,58,96,38,97
"7510","G0751","G0751_10","inactive",4,6,7,8,6,10,3,12
"7511","G0752","G0752_01","inactive",3,3,15,3,12,7,3,11
"7512","G0752","G0752_02","inactive",8,9,10,13,12,12,0,22
"7513","G0752","G0752_03","inactive",4,3,12,6,6,6,2,12
"7514","G0752","G0752_04","inactive",7,17,19,6,17,27,4,11
"7515","G0752","G0752_05","inactive",27,29,55,32,18,54,13,46
"7516","G0752","G0752_06","inactive",9,10,11,12,8,9,6,15
"7517","G0752","G0752_07","inactive",8,16,30,16,14,22,8,18
"7518","G0752","G0752_08","inactive",13,17,8,20,11,20,4,28
"7519","G0752","G0752_09","inactive",4,8,6,10,9,6,1,17
"7520","G0752","G0752_10","inactive",17,38,42,22,31,46,11,20
"7521","G0753","G0753_01","inactive",2,5,11,8,9,18,3,9
"7522","G0753","G0753_02","inactive",3,9,12,2,17,14,3,10
"7523","G0753","G0753_03","inactive",2,1,0,0,2,0,1,0
"7524","G0753","G0753_04","inactive",7,6,9,3,11,10,7,14
"7525","G0753","G0753_05","inactive",1,8,4,5,4,7,1,10
"7526","G0753","G0753_06","inactive",4,12,6,5,8,12,4,6
"7527","G0753","G0753_07","inactive",3,4,6,6,3,7,2,6
"7528","G0753","G0753_08","inactive",4,6,6,7,4,8,6,6
"7529","G0753","G0753_09","inactive",2,6,5,3,8,9,0,4
"7530","G0753","G0753_10","inactive",9,25,18,10,9,31,4,22
"7531","G0754","G0754_01","inactive",1,1,4,1,2,1,1,8
"7532","G0754","G0754_02","inactive",12,13,21,17,10,24,10,16
"7533","G0754","G0754_03","inactive",0,2,1,3,1,2,2,5
"7534","G0754","G0754_04","inactive",10,12,17,15,9,14,3,13
"7535","G0754","G0754_05","inactive",7,4,5,3,4,8,4,7
"7536","G0754","G0754_06","inactive",3,3,10,3,3,16,4,11
"7537","G0754","G0754_07","inactive",7,6,5,8,15,11,9,2
"7538","G0754","G0754_08","inactive",5,3,7,6,4,7,0,4
"7539","G0754","G0754_09","inactive",0,9,6,11,3,8,1,16
"7540","G0754","G0754_10","inactive",1,5,14,19,2,17,6,17
"7541","G0755","G0755_01","inactive",7,23,30,13,17,34,9,26
"7542","G0755","G0755_02","inactive",5,2,2,3,13,4,0,11
"7543","G0755","G0755_03","inactive",4,4,8,6,5,4,2,7
"7544","G0755","G0755_04","inactive",12,13,9,5,13,18,2,13
"7545","G0755","G0755_05","inactive",12,23,27,23,20,34,9,30
"7546","G0755","G0755_06","inactive",5,2,13,5,11,6,2,10
"7547","G0755","G0755_07","inactive",2,3,8,3,5,6,0,9
"7548","G0755","G0755_08","inactive",8,8,15,3,14,9,8,6
"7549","G0755","G0755_09","inactive",11,12,29,17,9,9,6,23
"7550","G0755","G0755_10","inactive",7,4,3,2,11,2,0,7
"7551","G0756","G0756_01","increasing",6,5,7,11,8,14,8,14
"7552","G0756","G0756_02","increasing",7,8,16,8,9,17,5,11
"7553","G0756","G0756_03","increasing",3,6,6,5,2,6,5,11
"7554","G0756","G0756_04","increasing",4,7,5,2,10,17,5,6
"7555","G0756","G0756_05","increasing",2,6,15,14,7,19,12,23
"7556","G0756","G0756_06","increasing",22,40,42,40,29,73,12,65
"7557","G0756","G0756_07","increasing",1,3,5,1,6,13,7,12
"7558","G0756","G0756_08","increasing",6,4,6,1,1,8,0,3
"7559","G0756","G0756_09","increasing",2,2,2,3,5,3,2,7
"7560","G0756","G0756_10","increasing",5,6,10,12,9,13,2,13
"7561","G0757","G0757_01","inactive",4,4,3,2,9,1,4,3
"7562","G0757","G0757_02","inactive",13,15,18,14,8,21,9,28
"7563","G0757","G0757_03","inactive",4,12,27,8,21,19,6,18
"7564","G0757","G0757_04","inactive",8,15,29,5,20,25,2,21
"7565","G0757","G0757_05","inactive",2,1,2,0,3,7,2,2
"7566","G0757","G0757_06","inactive",12,14,37,22,18,18,9,38
"7567","G0757","G0757_07","inactive",2,6,5,3,3,7,2,7
"7568","G0757","G0757_08","inactive",3,2,18,2,7,4,4,6
"7569","G0757","G0757_09","inactive",8,11,18,7,13,15,7,18
"7570","G0757","G0757_10","inactive",11,13,27,12,14,23,9,26
"7571","G0758","G0758_01","inactive",10,9,14,4,9,14,2,4
"7572","G0758","G0758_02","inactive",6,6,14,6,0,11,1,4
"7573","G0758","G0758_03","inactive",4,8,8,4,5,6,2,6
"7574","G0758","G0758_04","inactive",2,3,3,4,0,5,0,5
"7575","G0758","G0758_05","inactive",21,11,19,20,27,23,5,26
"7576","G0758","G0758_06","inactive",2,10,12,9,5,10,4,8
"7577","G0758","G0758_07","inactive",2,3,7,2,1,6,1,5
"7578","G0758","G0758_08","inactive",1,4,6,2,2,9,2,2
"7579","G0758","G0758_09","inactive",8,10,27,11,12,15,8,15
"7580","G0758","G0758_10","inactive",6,6,24,8,15,15,7,9
"7581","G0759","G0759_01","increasing",5,10,16,4,10,22,9,13
"7582","G0759","G0759_02","increasing",1,9,1,2,5,9,1,4
"7583","G0759","G0759_03","increasing",10,13,21,5,19,17,10,15
"7584","G0759","G0759_04","increasing",13,11,34,17,23,16,5,23
"7585","G0759","G0759_05","increasing",3,12,7,2,4,17,5,11
"7586","G0759","G0759_06","increasing",0,6,12,14,11,8,6,15
"7587","G0759","G0759_07","increasing",2,3,6,4,4,8,1,5
"7588","G0759","G0759_08","increasing",13,5,11,7,21,10,11,11
"7589","G0759","G0759_09","increasing",9,4,7,8,5,9,5,21
"7590","G0759","G0759_10","increasing",4,2,2,1,14,4,4,2
"7591","G0760","G0760_01","inactive",1,0,3,1,1,3,0,4
"7592","G0760","G0760_02","inactive",2,0,2,1,0,2,2,2
"7593","G0760","G0760_03","inactive",2,2,7,4,5,10,6,12
"7594","G0760","G0760_04","inactive",4,6,14,8,2,6,2,10
"7595","G0760","G0760_05","inactive",6,4,8,5,4,1,3,4
"7596","G0760","G0760_06","inactive",7,4,14,5,15,5,4,9
"7597","G0760","G0760_07","inactive",7,2,6,10,8,5,3,13
"7598","G0760","G0760_08","inactive",1,8,7,5,8,16,1,4
"7599","G0760","G0760_09","inactive",1,0,3,4,1,6,1,3
"7600","G0760","G0760_10","inactive",14,13,19,20,16,24,10,20
"7601","G0761","G0761_01","inactive",3,4,25,6,13,3,1,4
"7602","G0761","G0761_02","inactive",3,8,6,5,5,6,2,11
"7603","G0761","G0761_03","inactive",1,1,7,3,8,2,2,5
"7604","G0761","G0761_04","inactive",13,20,29,21,10,27,6,27
"7605","G0761","G0761_05","inactive",13,7,16,12,11,19,4,19
"7606","G0761","G0761_06","inactive",2,2,2,3,0,4,0,3
"7607","G0761","G0761_07","inactive",4,2,14,7,10,12,5,12
"7608","G0761","G0761_08","inactive",11,11,27,12,18,28,10,9
"7609","G0761","G0761_09","inactive",7,5,14,3,7,15,1,4
"7610","G0761","G0761_10","inactive",2,0,7,1,2,6,4,1
"7611","G0762","G0762_01","inactive",1,8,1,5,2,8,1,5
"7612","G0762","G0762_02","inactive",11,4,13,9,13,10,1,9
"7613","G0762","G0762_03","inactive",5,2,6,1,2,4,0,1
"7614","G0762","G0762_04","inactive",0,2,3,3,0,4,2,7
"7615","G0762","G0762_05","inactive",0,12,15,7,0,22,3,13
"7616","G0762","G0762_06","inactive",10,9,15,17,10,13,12,14
"7617","G0762","G0762_07","inactive",6,14,15,9,9,17,2,16
"7618","G0762","G0762_08","inactive",7,13,4,5,6,15,3,14
"7619","G0762","G0762_09","inactive",7,9,5,9,13,12,4,5
"7620","G0762","G0762_10","inactive",3,5,6,9,6,4,2,11
"7621","G0763","G0763_01","inactive",7,4,15,9,7,6,5,11
"7622","G0763","G0763_02","inactive",2,6,9,7,0,3,0,11
"7623","G0763","G0763_03","inactive",5,7,5,3,5,9,0,3
"7624","G0763","G0763_04","inactive",5,6,14,7,2,15,6,10
"7625","G0763","G0763_05","inactive",4,21,28,25,13,21,10,28
"7626","G0763","G0763_06","inactive",1,4,0,1,5,6,2,4
"7627","G0763","G0763_07","inactive",2,1,3,6,5,0,0,6
"7628","G0763","G0763_08","inactive",11,16,31,13,19,28,7,24
"7629","G0763","G0763_09","inactive",6,6,10,7,13,7,2,7
"7630","G0763","G0763_10","inactive",10,14,22,13,14,32,9,24
"7631","G0764","G0764_01","inactive",10,21,18,5,16,17,3,13
"7632","G0764","G0764_02","inactive",3,1,1,6,4,2,0,5
"7633","G0764","G0764_03","inactive",36,46,49,33,56,74,23,36
"7634","G0764","G0764_04","inactive",13,14,33,13,16,22,6,15
"7635","G0764","G0764_05","inactive",18,13,25,11,22,15,13,15
"7636","G0764","G0764_06","inactive",1,2,3,3,2,4,1,1
"7637","G0764","G0764_07","inactive",12,7,5,14,13,13,2,7
"7638","G0764","G0764_08","inactive",11,28,36,22,30,23,14,25
"7639","G0764","G0764_09","inactive",7,7,11,12,10,9,4,16
"7640","G0764","G0764_10","inactive",6,6,20,17,10,12,6,20
"7641","G0765","G0765_01","negcontrol",1,3,3,2,3,7,1,4
"7642","G0765","G0765_02","negcontrol",3,8,5,4,2,10,0,12
"7643","G0765","G0765_03","negcontrol",1,0,11,3,14,5,5,7
"7644","G0765","G0765_04","negcontrol",11,13,27,21,15,30,4,18
"7645","G0765","G0765_05","negcontrol",1,10,8,13,9,8,5,15
"7646","G0765","G0765_06","negcontrol",12,4,15,10,13,9,8,11
"7647","G0765","G0765_07","negcontrol",2,3,9,5,7,2,4,5
"7648","G0765","G0765_08","negcontrol",3,5,10,4,1,10,0,5
"7649","G0765","G0765_09","negcontrol",1,5,3,3,5,2,2,2
"7650","G0765","G0765_10","negcontrol",6,1,5,1,2,1,1,2
"7651","G0766","G0766_01","inactive",8,22,29,30,21,35,10,26
"7652","G0766","G0766_02","inactive",8,10,22,22,23,42,5,31
"7653","G0766","G0766_03","inactive",8,5,13,4,10,9,4,6
"7654","G0766","G0766_04","inactive",6,2,7,13,13,9,2,13
"7655","G0766","G0766_05","inactive",48,53,92,64,49,85,24,84
"7656","G0766","G0766_06","inactive",8,10,20,6,11,13,4,16
"7657","G0766","G0766_07","inactive",1,3,10,1,1,6,1,1
"7658","G0766","G0766_08","inactive",10,13,13,17,12,20,8,22
"7659","G0766","G0766_09","inactive",9,8,13,10,5,13,5,10
"7660","G0766","G0766_10","inactive",6,7,8,17,8,8,2,10
"7661","G0767","G0767_01","inactive",7,12,5,9,3,9,0,15
"7662","G0767","G0767_02","inactive",19,14,31,18,17,22,13,17
"7663","G0767","G0767_03","inactive",5,2,9,7,4,15,2,13
"7664","G0767","G0767_04","inactive",2,1,6,12,1,4,0,6
"7665","G0767","G0767_05","inactive",3,4,4,5,5,8,0,4
"7666","G0767","G0767_06","inactive",6,34,49,27,18,50,16,22
"7667","G0767","G0767_07","inactive",5,5,12,15,8,7,3,13
"7668","G0767","G0767_08","inactive",20,20,42,24,23,28,10,37
"7669","G0767","G0767_09","inactive",6,18,9,7,9,23,2,10
"7670","G0767","G0767_10","inactive",2,9,5,4,2,17,3,15
"7671","G0768","G0768_01","inactive",7,1,2,4,7,8,3,10
"7672","G0768","G0768_02","inactive",2,14,10,2,5,16,3,4
"7673","G0768","G0768_03","inactive",10,9,15,5,14,14,4,11
"7674","G0768","G0768_04","inactive",12,23,39,24,37,53,6,49
"7675","G0768","G0768_05","inactive",8,12,13,10,15,10,7,13
"7676","G0768","G0768_06","inactive",2,3,5,4,5,11,4,2
"7677","G0768","G0768_07","inactive",2,2,5,1,8,4,3,1
"7678","G0768","G0768_08","inactive",2,4,6,7,7,14,2,8
"7679","G0768","G0768_09","inactive",7,6,14,7,18,11,6,16
"7680","G0768","G0768_10","inactive",3,6,23,6,5,14,5,8
"7681","G0769","G0769_01","increasing",4,7,9,11,10,24,7,18
"7682","G0769","G0769_02","increasing",3,4,23,6,4,5,6,18
"7683","G0769","G0769_03","increasing",15,27,34,19,31,51,15,54
"7684","G0769","G0769_04","increasing",28,33,54,17,42,70,21,30
"7685","G0769","G0769_05","increasing",13,11,25,29,40,28,9,51
"7686","G0769","G0769_06","increasing",28,24,71,45,37,65,16,54
"7687","G0769","G0769_07","increasing",10,13,11,11,9,24,11,18
"7688","G0769","G0769_08","increasing",19,20,29,14,24,44,13,29
"7689","G0769","G0769_09","increasing",3,11,8,8,7,19,6,4
"7690","G0769","G0769_10","increasing",12,16,9,16,19,24,9,28
"7691","G0770","G0770_01","increasing",5,11,19,7,20,34,11,21
"7692","G0770","G0770_02","increasing",4,7,10,5,7,12,8,7
"7693","G0770","G0770_03","increasing",26,21,37,29,31,55,14,47
"7694","G0770","G0770_04","increasing",4,9,9,6,8,29,6,8
"7695","G0770","G0770_05","increasing",23,20,30,20,44,30,17,44
"7696","G0770","G0770_06","increasing",10,17,18,22,25,30,12,31
"7697","G0770","G0770_07","increasing",7,1,12,4,8,11,8,15
"7698","G0770","G0770_08","increasing",6,14,12,11,7,28,6,11
"7699","G0770","G0770_09","increasing",12,6,19,12,22,16,10,25
"7700","G0770","G0770_10","increasing",4,6,11,3,7,16,7,7
"7701","G0771","G0771_01","inactive",3,3,8,11,7,7,2,12
"7702","G0771","G0771_02","inactive",10,4,8,4,3,3,1,2
"7703","G0771","G0771_03","inactive",7,8,8,16,9,11,7,12
"7704","G0771","G0771_04","inactive",3,12,14,13,15,20,6,14
"7705","G0771","G0771_05","inactive",0,7,9,9,6,13,2,8
"7706","G0771","G0771_06","inactive",7,16,24,15,18,25,6,9
"7707","G0771","G0771_07","inactive",10,21,35,6,13,29,1,22
"7708","G0771","G0771_08","inactive",4,9,19,13,24,20,7,18
"7709","G0771","G0771_09","inactive",3,6,16,3,5,12,4,7
"7710","G0771","G0771_10","inactive",15,24,38,16,19,36,15,24
"7711","G0772","G0772_01","inactive",10,11,8,12,9,20,5,14
"7712","G0772","G0772_02","inactive",48,40,64,41,46,64,16,40
"7713","G0772","G0772_03","inactive",2,9,3,5,7,5,1,3
"7714","G0772","G0772_04","inactive",14,22,22,21,27,46,7,21
"7715","G0772","G0772_05","inactive",24,28,38,33,37,36,11,26
"7716","G0772","G0772_06","inactive",0,7,7,7,0,2,1,8
"7717","G0772","G0772_07","inactive",5,8,8,3,5,6,2,6
"7718","G0772","G0772_08","inactive",14,11,29,17,14,19,12,15
"7719","G0772","G0772_09","inactive",6,7,11,9,6,19,0,24
"7720","G0772","G0772_10","inactive",14,22,25,27,25,19,8,25
"7721","G0773","G0773_01","increasing",6,9,25,17,10,29,6,31
"7722","G0773","G0773_02","increasing",0,2,2,2,0,4,0,0
"7723","G0773","G0773_03","increasing",7,10,21,12,21,15,8,18
"7724","G0773","G0773_04","increasing",8,3,4,4,4,6,5,2
"7725","G0773","G0773_05","increasing",1,10,2,12,1,5,1,7
"7726","G0773","G0773_06","increasing",9,24,33,11,24,45,19,29
"7727","G0773","G0773_07","increasing",0,5,9,6,4,26,8,13
"7728","G0773","G0773_08","increasing",3,3,7,2,1,12,2,2
"7729","G0773","G0773_09","increasing",3,9,0,0,3,6,0,2
"7730","G0773","G0773_10","increasing",8,5,8,8,11,12,3,16
"7731","G0774","G0774_01","inactive",0,5,4,3,2,3,1,5
"7732","G0774","G0774_02","inactive",4,2,3,1,4,6,2,6
"7733","G0774","G0774_03","inactive",1,3,5,4,1,1,3,3
"7734","G0774","G0774_04","inactive",6,10,12,10,12,4,4,4
"7735","G0774","G0774_05","inactive",16,29,45,36,19,30,13,35
"7736","G0774","G0774_06","inactive",3,11,21,10,5,6,4,17
"7737","G0774","G0774_07","inactive",2,3,0,2,0,11,2,4
"7738","G0774","G0774_08","inactive",18,14,33,20,27,33,10,31
"7739","G0774","G0774_09","inactive",13,16,22,17,11,24,8,31
"7740","G0774","G0774_10","inactive",10,17,11,10,9,18,6,14
"7741","G0775","G0775_01","inactive",15,9,14,16,11,12,4,12
"7742","G0775","G0775_02","inactive",10,14,22,6,11,23,5,11
"7743","G0775","G0775_03","inactive",3,5,11,4,6,13,3,11
"7744","G0775","G0775_04","inactive",10,8,14,6,5,19,3,9
"7745","G0775","G0775_05","inactive",4,1,8,3,4,7,4,6
"7746","G0775","G0775_06","inactive",8,12,7,8,3,22,7,8
"7747","G0775","G0775_07","inactive",15,19,46,18,33,31,17,25
"7748","G0775","G0775_08","inactive",12,29,27,24,13,35,9,25
"7749","G0775","G0775_09","inactive",9,2,14,7,7,3,4,10
"7750","G0775","G0775_10","inactive",0,6,8,3,2,6,1,5
"7751","G0776","G0776_01","inactive",1,4,4,3,1,5,2,7
"7752","G0776","G0776_02","inactive",5,3,5,7,1,11,4,5
"7753","G0776","G0776_03","inactive",2,7,9,6,5,12,0,11
"7754","G0776","G0776_04","inactive",2,4,9,3,4,7,0,6
"7755","G0776","G0776_05","inactive",1,2,1,5,1,2,1,5
"7756","G0776","G0776_06","inactive",9,7,12,15,11,17,4,14
"7757","G0776","G0776_07","inactive",11,12,41,18,18,28,11,29
"7758","G0776","G0776_08","inactive",14,17,14,12,9,20,9,20
"7759","G0776","G0776_09","inactive",13,18,27,17,23,28,10,26
"7760","G0776","G0776_10","inactive",4,4,5,5,8,2,0,8
"7761","G0777","G0777_01","inactive",10,16,12,15,6,24,3,17
"7762","G0777","G0777_02","inactive",19,49,76,30,24,61,19,38
"7763","G0777","G0777_03","inactive",7,5,9,2,9,4,6,4
"7764","G0777","G0777_04","inactive",8,19,19,25,23,29,10,20
"7765","G0777","G0777_05","inactive",2,8,9,1,1,5,3,3
"7766","G0777","G0777_06","inactive",4,3,13,9,8,20,4,9
"7767","G0777","G0777_07","inactive",2,4,1,1,0,7,2,3
"7768","G0777","G0777_08","inactive",3,4,5,6,6,10,2,2
"7769","G0777","G0777_09","inactive",9,5,14,3,12,12,7,8
"7770","G0777","G0777_10","inactive",11,14,41,28,28,31,11,40
"7771","G0778","G0778_01","decreasing",3,1,7,2,4,1,1,1
"7772","G0778","G0778_02","decreasing",3,5,19,10,4,8,3,7
"7773","G0778","G0778_03","decreasing",12,11,11,7,3,13,4,8
"7774","G0778","G0778_04","decreasing",2,13,11,5,1,17,3,9
"7775","G0778","G0778_05","decreasing",10,12,13,11,3,6,5,4
"7776","G0778","G0778_06","decreasing",4,6,10,2,2,2,2,3
"7777","G0778","G0778_07","decreasing",2,3,6,6,6,5,2,3
"7778","G0778","G0778_08","decreasing",8,6,11,9,2,5,3,8
"7779","G0778","G0778_09","decreasing",12,25,27,9,5,18,3,18
"7780","G0778","G0778_10","decreasing",4,3,18,7,6,3,3,4
"7781","G0779","G0779_01","decreasing",7,13,22,10,7,16,9,15
"7782","G0779","G0779_02","decreasing",3,3,5,3,2,4,0,2
"7783","G0779","G0779_03","decreasing",15,21,35,23,16,17,13,18
"7784","G0779","G0779_04","decreasing",5,0,2,0,3,5,0,1
"7785","G0779","G0779_05","decreasing",21,33,36,40,20,25,7,27
"7786","G0779","G0779_06","decreasing",5,13,14,12,7,11,1,12
"7787","G0779","G0779_07","decreasing",8,4,4,4,11,5,0,1
"7788","G0779","G0779_08","decreasing",0,5,5,0,0,3,0,3
"7789","G0779","G0779_09","decreasing",4,7,7,13,6,6,1,5
"7790","G0779","G0779_10","decreasing",4,8,12,3,1,10,3,10
"7791","G0780","G0780_01","inactive",1,0,7,0,4,0,2,2
"7792","G0780","G0780_02","inactive",5,4,18,8,6,12,5,10
"7793","G0780","G0780_03","inactive",13,15,20,18,12,21,4,19
"7794","G0780","G0780_04","inactive",2,2,1,1,2,2,2,2
"7795","G0780","G0780_05","inactive",0,13,10,4,6,9,2,8
"7796","G0780","G0780_06","inactive",5,6,18,12,9,7,11,10
"7797","G0780","G0780_07","inactive",5,2,15,4,11,4,5,7
"7798","G0780","G0780_08","inactive",3,9,9,7,7,23,4,11
"7799","G0780","G0780_09","inactive",13,9,18,12,7,15,2,12
"7800","G0780","G0780_10","inactive",9,16,15,12,14,22,6,20
"7801","G0781","G0781_01","inactive",16,19,24,17,18,26,7,27
"7802","G0781","G0781_02","inactive",4,5,20,6,11,9,5,13
"7803","G0781","G0781_03","inactive",12,7,11,15,12,15,9,14
"7804","G0781","G0781_04","inactive",13,21,32,31,17,42,8,40
"7805","G0781","G0781_05","inactive",0,6,9,13,7,16,2,12
"7806","G0781","G0781_06","inactive",4,3,9,11,7,13,1,6
"7807","G0781","G0781_07","inactive",9,13,25,17,15,10,11,26
"7808","G0781","G0781_08","inactive",1,1,0,1,1,0,0,1
"7809","G0781","G0781_09","inactive",5,2,5,5,11,14,4,4
"7810","G0781","G0781_10","inactive",6,11,7,13,6,17,3,17
"7811","G0782","G0782_01","decreasing",11,22,28,10,18,15,12,23
"7812","G0782","G0782_02","decreasing",7,13,7,9,5,7,1,10
"7813","G0782","G0782_03","decreasing",8,9,23,8,12,7,4,15
"7814","G0782","G0782_04","decreasing",1,3,6,7,5,7,1,7
"7815","G0782","G0782_05","decreasing",5,4,12,13,5,9,2,8
"7816","G0782","G0782_06","decreasing",5,9,4,5,3,10,2,6
"7817","G0782","G0782_07","decreasing",1,3,11,1,3,4,2,4
"7818","G0782","G0782_08","decreasing",7,4,13,3,0,2,4,5
"7819","G0782","G0782_09","decreasing",6,0,9,5,9,5,1,9
"7820","G0782","G0782_10","decreasing",12,23,34,11,21,29,4,27
"7821","G0783","G0783_01","inactive",1,2,5,4,6,3,2,5
"7822","G0783","G0783_02","inactive",9,16,36,29,15,35,9,31
"7823","G0783","G0783_03","inactive",25,22,40,24,20,34,13,31
"7824","G0783","G0783_04","inactive",19,16,25,18,20,23,3,19
"7825","G0783","G0783_05","inactive",18,15,32,14,11,26,9,21
"7826","G0783","G0783_06","inactive",7,16,26,21,11,21,12,31
"7827","G0783","G0783_07","inactive",5,6,14,6,3,4,1,7
"7828","G0783","G0783_08","inactive",4,6,9,5,0,12,2,14
"7829","G0783","G0783_09","inactive",5,7,11,10,12,7,4,13
"7830","G0783","G0783_10","inactive",1,4,4,1,3,6,6,6
"7831","G0784","G0784_01","decreasing",1,0,2,2,1,0,1,0
"7832","G0784","G0784_02","decreasing",10,12,13,11,15,10,4,7
"7833","G0784","G0784_03","decreasing",0,7,7,3,1,11,1,7
"7834","G0784","G0784_04","decreasing",15,23,31,29,28,19,6,31
"7835","G0784","G0784_05","decreasing",7,2,6,6,4,5,4,1
"7836","G0784","G0784_06","decreasing",1,3,5,13,3,4,0,9
"7837","G0784","G0784_07","decreasing",3,13,17,14,4,6,0,4
"7838","G0784","G0784_08","decreasing",2,23,13,5,7,21,5,2
"7839","G0784","G0784_09","decreasing",3,2,1,1,1,7,1,1
"7840","G0784","G0784_10","decreasing",9,12,20,7,11,17,7,7
"7841","G0785","G0785_01","decreasing",45,57,74,52,48,54,16,36
"7842","G0785","G0785_02","decreasing",5,17,14,12,3,13,0,4
"7843","G0785","G0785_03","decreasing",0,0,8,0,1,1,0,0
"7844","G0785","G0785_04","decreasing",10,8,23,16,13,11,5,17
"7845","G0785","G0785_05","decreasing",7,7,5,9,7,6,0,9
"7846","G0785","G0785_06","decreasing",8,10,19,5,6,12,3,11
"7847","G0785","G0785_07","decreasing",3,1,5,11,6,6,2,13
"7848","G0785","G0785_08","decreasing",13,7,22,14,9,9,4,13
"7849","G0785","G0785_09","decreasing",11,12,19,14,8,15,5,13
"7850","G0785","G0785_10","decreasing",5,3,4,5,1,7,1,2
"7851","G0786","G0786_01","inactive",1,1,1,5,2,2,0,4
"7852","G0786","G0786_02","inactive",20,24,30,29,21,38,13,35
"7853","G0786","G0786_03","inactive",15,15,25,28,14,27,5,29
"7854","G0786","G0786_04","inactive",0,5,3,2,1,4,0,0
"7855","G0786","G0786_05","inactive",3,7,23,12,7,7,4,6
"7856","G0786","G0786_06","inactive",1,2,5,6,1,4,1,4
"7857","G0786","G0786_07","inactive",6,5,42,15,12,30,8,25
"7858","G0786","G0786_08","inactive",4,8,8,6,8,9,2,7
"7859","G0786","G0786_09","inactive",8,16,16,12,4,25,8,30
"7860","G0786","G0786_10","inactive",9,4,10,1,12,9,2,8
"7861","G0787","G0787_01","inactive",4,24,11,16,7,28,5,27
"7862","G0787","G0787_02","inactive",5,6,7,7,3,2,3,7
"7863","G0787","G0787_03","inactive",11,16,16,15,14,22,5,9
"7864","G0787","G0787_04","inactive",8,6,10,4,7,10,4,7
"7865","G0787","G0787_05","inactive",0,1,8,3,0,1,2,0
"7866","G0787","G0787_06","inactive",2,8,4,2,1,12,0,1
"7867","G0787","G0787_07","inactive",1,2,7,7,7,9,1,12
"7868","G0787","G0787_08","inactive",7,9,9,14,11,4,1,16
"7869","G0787","G0787_09","inactive",8,13,14,12,15,21,4,17
"7870","G0787","G0787_10","inactive",8,4,6,4,10,19,7,10
"7871","G0788","G0788_01","inactive",8,6,9,3,10,7,6,5
"7872","G0788","G0788_02","inactive",3,10,6,6,1,6,5,17
"7873","G0788","G0788_03","inactive",8,12,18,7,12,13,12,19
"7874","G0788","G0788_04","inactive",5,1,0,5,6,9,1,4
"7875","G0788","G0788_05","inactive",6,15,10,9,10,13,4,7
"7876","G0788","G0788_06","inactive",3,6,6,3,3,3,2,2
"7877","G0788","G0788_07","inactive",9,1,16,8,14,3,1,9
"7878","G0788","G0788_08","inactive",0,0,3,0,0,0,1,0
"7879","G0788","G0788_09","inactive",1,9,14,5,3,3,2,5
"7880","G0788","G0788_10","inactive",26,29,48,26,20,40,14,22
"7881","G0789","G0789_01","inactive",1,4,4,1,1,2,1,0
"7882","G0789","G0789_02","inactive",4,7,7,9,2,10,2,8
"7883","G0789","G0789_03","inactive",2,4,13,7,7,7,4,4
"7884","G0789","G0789_04","inactive",0,0,2,0,0,1,0,1
"7885","G0789","G0789_05","inactive",5,4,9,8,6,4,7,7
"7886","G0789","G0789_06","inactive",8,7,16,7,11,10,5,13
"7887","G0789","G0789_07","inactive",5,6,5,3,6,8,3,10
"7888","G0789","G0789_08","inactive",19,23,28,18,42,32,10,27
"7889","G0789","G0789_09","inactive",12,18,43,11,28,31,20,32
"7890","G0789","G0789_10","inactive",3,5,23,18,8,13,3,17
"7891","G0790","G0790_01","inactive",9,6,20,8,13,12,4,16
"7892","G0790","G0790_02","inactive",20,26,40,23,18,28,12,34
"7893","G0790","G0790_03","inactive",12,19,16,25,15,29,12,28
"7894","G0790","G0790_04","inactive",5,10,12,11,7,15,5,13
"7895","G0790","G0790_05","inactive",0,7,3,2,2,4,0,2
"7896","G0790","G0790_06","inactive",2,1,2,4,7,9,5,2
"7897","G0790","G0790_07","inactive",8,1,13,6,5,5,2,9
"7898","G0790","G0790_08","inactive",8,13,15,9,18,38,5,11
"7899","G0790","G0790_09","inactive",3,5,2,4,8,6,1,3
"7900","G0790","G0790_10","inactive",2,0,6,5,6,3,2,4
"7901","G0791","G0791_01","negcontrol",4,6,1,5,7,9,1,12
"7902","G0791","G0791_02","negcontrol",1,4,2,2,2,2,0,3
"7903","G0791","G0791_03","negcontrol",13,27,37,28,28,53,13,40
"7904","G0791","G0791_04","negcontrol",2,18,18,12,18,22,6,31
"7905","G0791","G0791_05","negcontrol",1,10,15,9,3,10,4,4
"7906","G0791","G0791_06","negcontrol",0,4,0,1,0,8,0,0
"7907","G0791","G0791_07","negcontrol",6,4,1,3,2,10,0,4
"7908","G0791","G0791_08","negcontrol",2,5,2,7,3,3,0,6
"7909","G0791","G0791_09","negcontrol",6,17,10,6,6,22,5,14
"7910","G0791","G0791_10","negcontrol",7,8,4,10,6,16,0,23
"7911","G0792","G0792_01","inactive",15,21,29,15,20,36,10,31
"7912","G0792","G0792_02","inactive",11,34,22,18,16,32,13,25
"7913","G0792","G0792_03","inactive",7,11,19,9,5,12,2,22
"7914","G0792","G0792_04","inactive",22,35,30,17,25,48,15,37
"7915","G0792","G0792_05","inactive",11,17,18,21,14,28,13,30
"7916","G0792","G0792_06","inactive",0,7,3,3,0,5,3,6
"7917","G0792","G0792_07","inactive",4,8,7,9,7,14,0,14
"7918","G0792","G0792_08","inactive",7,4,8,8,15,12,2,13
"7919","G0792","G0792_09","inactive",3,4,7,6,4,6,1,3
"7920","G0792","G0792_10","inactive",10,13,25,20,16,21,8,15
"7921","G0793","G0793_01","inactive",8,18,20,15,13,23,5,19
"7922","G0793","G0793_02","inactive",3,6,2,7,6,5,1,8
"7923","G0793","G0793_03","inactive",3,3,6,7,4,10,1,4
"7924","G0793","G0793_04","inactive",23,26,30,15,18,30,11,35
"7925","G0793","G0793_05","inactive",11,12,28,12,13,23,10,7
"7926","G0793","G0793_06","inactive",2,14,10,9,6,14,3,6
"7927","G0793","G0793_07","inactive",9,7,21,11,9,15,5,13
"7928","G0793","G0793_08","inactive",5,3,14,4,3,3,0,12
"7929","G0793","G0793_09","inactive",4,6,21,6,1,10,5,16
"7930","G0793","G0793_10","inactive",3,11,11,15,5,14,9,22
"7931","G0794","G0794_01","decreasing",3,2,2,4,5,2,0,2
"7932","G0794","G0794_02","decreasing",14,21,22,33,14,21,11,29
"7933","G0794","G0794_03","decreasing",10,7,26,11,9,18,4,14
"7934","G0794","G0794_04","decreasing",2,13,17,15,18,21,9,16
"7935","G0794","G0794_05","decreasing",7,19,15,8,8,30,8,11
"7936","G0794","G0794_06","decreasing",1,8,3,3,6,5,1,4
"7937","G0794","G0794_07","decreasing",0,3,16,9,4,10,2,6
"7938","G0794","G0794_08","decreasing",10,3,14,0,6,5,2,10
"7939","G0794","G0794_09","decreasing",5,3,1,2,4,7,3,2
"7940","G0794","G0794_10","decreasing",6,6,9,3,1,7,4,3
"7941","G0795","G0795_01","inactive",4,11,17,2,10,7,8,8
"7942","G0795","G0795_02","inactive",8,19,33,16,13,38,4,12
"7943","G0795","G0795_03","inactive",5,10,10,5,10,15,2,11
"7944","G0795","G0795_04","inactive",10,6,13,6,7,9,3,15
"7945","G0795","G0795_05","inactive",2,2,18,5,4,7,1,0
"7946","G0795","G0795_06","inactive",18,24,28,23,20,22,18,37
"7947","G0795","G0795_07","inactive",0,5,3,2,1,2,2,6
"7948","G0795","G0795_08","inactive",13,21,16,17,17,20,3,34
"7949","G0795","G0795_09","inactive",6,3,13,5,8,13,3,10
"7950","G0795","G0795_10","inactive",1,4,7,7,2,8,2,3
"7951","G0796","G0796_01","inactive",2,7,14,11,4,9,2,10
"7952","G0796","G0796_02","inactive",3,6,8,2,9,6,1,10
"7953","G0796","G0796_03","inactive",8,16,23,7,8,25,8,19
"7954","G0796","G0796_04","inactive",9,17,15,13,13,22,12,9
"7955","G0796","G0796_05","inactive",8,13,8,6,8,7,1,17
"7956","G0796","G0796_06","inactive",4,6,7,11,2,5,2,12
"7957","G0796","G0796_07","inactive",0,4,4,0,2,6,0,1
"7958","G0796","G0796_08","inactive",10,14,14,15,8,22,5,20
"7959","G0796","G0796_09","inactive",3,4,13,3,10,10,3,5
"7960","G0796","G0796_10","inactive",9,15,29,27,24,29,12,12
"7961","G0797","G0797_01","inactive",12,14,15,16,18,12,7,9
"7962","G0797","G0797_02","inactive",4,2,3,5,5,4,4,7
"7963","G0797","G0797_03","inactive",1,4,5,6,3,7,1,4
"7964","G0797","G0797_04","inactive",9,7,11,6,10,17,4,12
"7965","G0797","G0797_05","inactive",0,3,5,4,1,3,4,4
"7966","G0797","G0797_06","inactive",9,9,18,2,13,15,8,9
"7967","G0797","G0797_07","inactive",3,13,9,6,2,14,4,14
"7968","G0797","G0797_08","inactive",18,13,24,12,13,9,10,17
"7969","G0797","G0797_09","inactive",8,8,17,5,12,27,8,12
"7970","G0797","G0797_10","inactive",19,30,39,28,26,42,9,31
"7971","G0798","G0798_01","inactive",14,11,29,20,11,17,9,15
"7972","G0798","G0798_02","inactive",3,2,6,2,5,5,4,1
"7973","G0798","G0798_03","inactive",44,75,86,50,49,86,28,108
"7974","G0798","G0798_04","inactive",5,7,9,5,3,7,1,9
"7975","G0798","G0798_05","inactive",1,4,15,8,4,7,6,10
"7976","G0798","G0798_06","inactive",12,21,29,8,8,20,7,13
"7977","G0798","G0798_07","inactive",8,4,9,8,9,9,5,12
"7978","G0798","G0798_08","inactive",2,6,6,3,9,3,4,4
"7979","G0798","G0798_09","inactive",2,3,15,4,7,3,4,8
"7980","G0798","G0798_10","inactive",3,1,5,2,4,0,0,4
"7981","G0799","G0799_01","inactive",59,80,126,72,68,109,46,93
"7982","G0799","G0799_02","inactive",15,11,32,11,13,23,9,16
"7983","G0799","G0799_03","inactive",5,3,13,3,3,9,2,2
"7984","G0799","G0799_04","inactive",13,13,12,9,14,7,4,12
"7985","G0799","G0799_05","inactive",2,13,3,12,10,11,2,11
"7986","G0799","G0799_06","inactive",4,4,4,2,4,1,2,3
"7987","G0799","G0799_07","inactive",13,14,17,13,14,22,7,38
"7988","G0799","G0799_08","inactive",6,5,7,1,9,2,5,1
"7989","G0799","G0799_09","inactive",9,6,22,9,10,17,3,11
"7990","G0799","G0799_10","inactive",1,6,2,5,1,10,1,4
"7991","G0800","G0800_01","inactive",19,21,40,22,17,57,19,36
"7992","G0800","G0800_02","inactive",4,1,11,4,2,7,6,6
"7993","G0800","G0800_03","inactive",1,9,12,8,14,13,8,11
"7994","G0800","G0800_04","inactive",7,8,14,13,16,8,4,9
"7995","G0800","G0800_05","inactive",2,8,9,8,3,7,3,3
"7996","G0800","G0800_06","inactive",13,17,21,12,13,11,8,13
"7997","G0800","G0800_07","inactive",8,18,32,29,22,39,9,31
"7998","G0800","G0800_08","inactive",4,4,6,2,5,2,4,4
"7999","G0800","G0800_09","inactive",1,3,4,1,1,2,1,13
"8000","G0800","G0800_10","inactive",5,13,25,10,7,28,5,16
"8001","G0801","G0801_01","inactive",0,4,2,1,0,5,3,0
"8002","G0801","G0801_02","inactive",20,27,34,13,14,36,8,22
"8003","G0801","G0801_03","inactive",11,21,19,16,15,32,10,11
"8004","G0801","G0801_04","inactive",6,7,20,9,7,6,8,8
"8005","G0801","G0801_05","inactive",19,8,21,15,13,19,8,27
"8006","G0801","G0801_06","inactive",11,14,46,19,10,34,7,13
"8007","G0801","G0801_07","inactive",9,13,16,16,16,18,3,14
"8008","G0801","G0801_08","inactive",12,11,27,15,21,20,7,20
"8009","G0801","G0801_09","inactive",19,30,22,24,19,35,15,37
"8010","G0801","G0801_10","inactive",1,0,0,0,0,0,0,0
"8011","G0802","G0802_01","inactive",4,5,10,8,4,12,7,15
"8012","G0802","G0802_02","inactive",5,3,7,4,10,10,3,4
"8013","G0802","G0802_03","inactive",3,4,6,1,6,6,1,0
"8014","G0802","G0802_04","inactive",2,2,4,5,6,4,3,4
"8015","G0802","G0802_05","inactive",8,11,15,6,8,10,0,9
"8016","G0802","G0802_06","inactive",7,7,11,7,10,8,2,15
"8017","G0802","G0802_07","inactive",2,7,14,3,6,8,2,6
"8018","G0802","G0802_08","inactive",6,10,11,6,4,7,2,9
"8019","G0802","G0802_09","inactive",5,5,7,3,4,2,2,5
"8020","G0802","G0802_10","inactive",7,11,13,11,26,12,5,12
"8021","G0803","G0803_01","inactive",1,4,4,1,0,2,0,6
"8022","G0803","G0803_02","inactive",11,10,30,17,17,25,12,29
"8023","G0803","G0803_03","inactive",4,8,13,15,11,14,9,20
"8024","G0803","G0803_04","inactive",6,12,9,18,16,5,6,13
"8025","G0803","G0803_05","inactive",15,16,13,13,13,25,4,14
"8026","G0803","G0803_06","inactive",10,4,19,4,15,12,3,10
"8027","G0803","G0803_07","inactive",2,14,9,11,4,9,1,9
"8028","G0803","G0803_08","inactive",5,11,15,9,8,18,3,3
"8029","G0803","G0803_09","inactive",4,6,9,12,3,7,5,7
"8030","G0803","G0803_10","inactive",3,5,8,1,5,6,1,8
"8031","G0804","G0804_01","negcontrol",14,3,8,19,6,5,4,12
"8032","G0804","G0804_02","negcontrol",3,7,8,11,5,2,1,15
"8033","G0804","G0804_03","negcontrol",5,11,15,19,10,13,7,23
"8034","G0804","G0804_04","negcontrol",32,36,49,32,34,57,23,38
"8035","G0804","G0804_05","negcontrol",4,3,4,1,6,3,1,0
"8036","G0804","G0804_06","negcontrol",7,6,14,8,12,11,4,12
"8037","G0804","G0804_07","negcontrol",6,17,10,20,17,16,6,15
"8038","G0804","G0804_08","negcontrol",0,4,3,3,4,10,1,2
"8039","G0804","G0804_09","negcontrol",5,4,7,4,14,10,4,8
"8040","G0804","G0804_10","negcontrol",6,2,10,9,3,5,2,6
"8041","G0805","G0805_01","inactive",1,5,5,9,3,10,1,12
"8042","G0805","G0805_02","inactive",1,10,9,6,7,12,2,7
"8043","G0805","G0805_03","inactive",3,12,18,15,8,14,5,23
"8044","G0805","G0805_04","inactive",7,3,3,5,8,5,4,6
"8045","G0805","G0805_05","inactive",8,21,33,22,10,23,11,23
"8046","G0805","G0805_06","inactive",5,18,23,12,9,21,8,18
"8047","G0805","G0805_07","inactive",3,6,13,6,4,3,8,6
"8048","G0805","G0805_08","inactive",6,9,23,13,6,15,10,19
"8049","G0805","G0805_09","inactive",1,9,20,7,9,8,4,13
"8050","G0805","G0805_10","inactive",0,2,0,0,2,4,0,1
"8051","G0806","G0806_01","inactive",1,3,11,2,5,10,3,4
"8052","G0806","G0806_02","inactive",6,14,15,15,2,14,10,19
"8053","G0806","G0806_03","inactive",0,0,5,2,0,0,1,2
"8054","G0806","G0806_04","inactive",2,15,9,8,9,14,3,20
"8055","G0806","G0806_05","inactive",9,13,19,13,15,17,9,15
"8056","G0806","G0806_06","inactive",19,33,40,36,23,59,17,44
"8057","G0806","G0806_07","inactive",7,10,8,14,11,8,4,10
"8058","G0806","G0806_08","inactive",12,14,28,13,18,32,10,20
"8059","G0806","G0806_09","inactive",3,4,6,2,4,11,1,1
"8060","G0806","G0806_10","inactive",3,9,18,11,9,12,12,18
"8061","G0807","G0807_01","inactive",2,9,7,9,8,14,3,11
"8062","G0807","G0807_02","inactive",11,15,9,8,9,17,4,12
"8063","G0807","G0807_03","inactive",6,4,6,1,11,4,2,3
"8064","G0807","G0807_04","inactive",10,4,16,12,18,15,3,14
"8065","G0807","G0807_05","inactive",2,7,4,9,5,8,3,8
"8066","G0807","G0807_06","inactive",33,28,44,32,50,42,13,47
"8067","G0807","G0807_07","inactive",9,6,28,9,7,20,8,12
"8068","G0807","G0807_08","inactive",13,14,30,27,15,27,12,24
"8069","G0807","G0807_09","inactive",10,20,25,26,10,28,11,21
"8070","G0807","G0807_10","inactive",3,5,8,5,10,9,5,5
"8071","G0808","G0808_01","inactive",7,9,20,18,7,15,10,27
"8072","G0808","G0808_02","inactive",9,35,42,32,31,36,20,50
"8073","G0808","G0808_03","inactive",6,4,8,1,3,4,5,5
"8074","G0808","G0808_04","inactive",4,2,13,3,6,15,2,3
"8075","G0808","G0808_05","inactive",6,19,18,2,5,12,7,16
"8076","G0808","G0808_06","inactive",1,4,4,1,6,6,1,5
"8077","G0808","G0808_07","inactive",4,9,21,16,12,16,8,20
"8078","G0808","G0808_08","inactive",5,19,23,15,11,29,4,17
"8079","G0808","G0808_09","inactive",6,4,11,11,14,8,4,13
"8080","G0808","G0808_10","inactive",9,9,7,8,11,20,3,6
"8081","G0809","G0809_01","increasing",13,21,25,25,28,59,13,48
"8082","G0809","G0809_02","increasing",5,13,15,9,20,16,4,21
"8083","G0809","G0809_03","increasing",26,42,74,40,46,74,24,86
"8084","G0809","G0809_04","increasing",2,6,4,5,14,5,7,14
"8085","G0809","G0809_05","increasing",1,7,6,7,5,14,6,8
"8086","G0809","G0809_06","increasing",4,3,0,3,12,7,0,11
"8087","G0809","G0809_07","increasing",6,5,9,6,4,4,2,4
"8088","G0809","G0809_08","increasing",2,8,24,9,13,23,10,12
"8089","G0809","G0809_09","increasing",14,12,24,12,17,25,6,28
"8090","G0809","G0809_10","increasing",4,4,4,9,23,10,1,14
"8091","G0810","G0810_01","inactive",5,3,2,6,11,1,2,8
"8092","G0810","G0810_02","inactive",16,26,46,34,34,40,8,43
"8093","G0810","G0810_03","inactive",3,7,15,16,6,11,7,22
"8094","G0810","G0810_04","inactive",7,7,17,14,5,17,8,11
"8095","G0810","G0810_05","inactive",1,3,3,12,2,4,2,6
"8096","G0810","G0810_06","inactive",17,25,15,14,30,32,7,29
"8097","G0810","G0810_07","inactive",6,6,22,6,9,22,11,20
"8098","G0810","G0810_08","inactive",13,17,19,12,25,21,7,11
"8099","G0810","G0810_09","inactive",3,3,13,2,4,4,3,4
"8100","G0810","G0810_10","inactive",9,13,18,10,20,23,7,19
"8101","G0811","G0811_01","inactive",7,8,11,8,6,10,4,5
"8102","G0811","G0811_02","inactive",7,8,6,3,7,7,4,5
"8103","G0811","G0811_03","inactive",11,16,16,10,21,24,6,25
"8104","G0811","G0811_04","inactive",4,8,9,4,7,11,5,7
"8105","G0811","G0811_05","inactive",5,3,1,5,5,6,0,4
"8106","G0811","G0811_06","inactive",5,4,3,13,11,8,2,5
"8107","G0811","G0811_07","inactive",27,27,54,35,30,72,24,28
"8108","G0811","G0811_08","inactive",1,0,0,0,0,3,1,1
"8109","G0811","G0811_09","inactive",1,3,5,5,3,3,2,3
"8110","G0811","G0811_10","inactive",22,40,51,49,40,56,23,52
"8111","G0812","G0812_01","inactive",4,14,17,1,8,14,2,8
"8112","G0812","G0812_02","inactive",5,7,8,2,7,9,2,2
"8113","G0812","G0812_03","inactive",9,16,17,20,13,20,7,15
"8114","G0812","G0812_04","inactive",16,19,51,15,21,46,9,40
"8115","G0812","G0812_05","inactive",8,3,24,6,14,8,8,14
"8116","G0812","G0812_06","inactive",4,14,17,3,9,15,2,10
"8117","G0812","G0812_07","inactive",11,4,20,16,11,21,10,15
"8118","G0812","G0812_08","inactive",3,6,4,4,8,4,5,8
"8119","G0812","G0812_09","inactive",5,2,7,2,9,4,2,6
"8120","G0812","G0812_10","inactive",2,3,10,7,4,4,0,1
"8121","G0813","G0813_01","inactive",10,10,14,11,4,13,5,12
"8122","G0813","G0813_02","inactive",8,2,19,8,13,6,7,6
"8123","G0813","G0813_03","inactive",20,30,47,20,35,49,17,26
"8124","G0813","G0813_04","inactive",18,18,28,7,18,16,18,23
"8125","G0813","G0813_05","inactive",4,0,6,1,2,0,2,2
"8126","G0813","G0813_06","inactive",4,6,13,9,12,20,3,20
"8127","G0813","G0813_07","inactive",2,5,4,5,2,12,2,2
"8128","G0813","G0813_08","inactive",7,5,9,4,10,9,4,7
"8129","G0813","G0813_09","inactive",1,3,12,5,7,11,3,6
"8130","G0813","G0813_10","inactive",2,6,5,3,4,8,1,13
"8131","G0814","G0814_01","inactive",8,15,8,7,3,13,2,16
"8132","G0814","G0814_02","inactive",1,15,1,7,1,7,1,4
"8133","G0814","G0814_03","inactive",10,10,19,17,21,21,10,19
"8134","G0814","G0814_04","inactive",21,18,41,20,18,34,18,36
"8135","G0814","G0814_05","inactive",11,6,16,4,9,8,5,8
"8136","G0814","G0814_06","inactive",2,4,2,0,0,9,0,3
"8137","G0814","G0814_07","inactive",16,33,57,32,28,46,12,32
"8138","G0814","G0814_08","inactive",14,7,13,12,15,17,7,16
"8139","G0814","G0814_09","inactive",21,42,63,34,46,74,17,46
"8140","G0814","G0814_10","inactive",4,7,13,7,2,4,4,12
"8141","G0815","G0815_01","inactive",14,11,9,6,3,6,5,7
"8142","G0815","G0815_02","inactive",1,8,5,2,5,7,2,4
"8143","G0815","G0815_03","inactive",7,10,15,5,8,16,5,7
"8144","G0815","G0815_04","inactive",6,4,6,6,3,6,1,7
"8145","G0815","G0815_05","inactive",3,0,6,2,5,4,3,5
"8146","G0815","G0815_06","inactive",30,36,55,43,45,71,19,55
"8147","G0815","G0815_07","inactive",4,4,6,0,2,5,1,6
"8148","G0815","G0815_08","inactive",12,25,32,17,21,19,11,28
"8149","G0815","G0815_09","inactive",14,14,14,12,11,9,1,18
"8150","G0815","G0815_10","inactive",7,9,7,3,14,13,5,14
"8151","G0816","G0816_01","inactive",2,2,8,0,6,2,3,2
"8152","G0816","G0816_02","inactive",9,8,23,14,15,14,7,13
"8153","G0816","G0816_03","inactive",2,7,20,6,0,19,3,12
"8154","G0816","G0816_04","inactive",6,9,12,2,6,18,5,13
"8155","G0816","G0816_05","inactive",5,4,12,10,1,6,9,17
"8156","G0816","G0816_06","inactive",2,1,6,5,4,12,5,3
"8157","G0816","G0816_07","inactive",3,6,3,1,3,9,3,15
"8158","G0816","G0816_08","inactive",24,28,37,30,39,39,12,46
"8159","G0816","G0816_09","inactive",7,8,12,6,7,14,1,5
"8160","G0816","G0816_10","inactive",12,22,17,21,13,39,9,15
"8161","G0817","G0817_01","inactive",0,5,5,0,0,3,1,1
"8162","G0817","G0817_02","inactive",5,7,23,9,16,21,8,14
"8163","G0817","G0817_03","inactive",7,7,20,12,19,20,4,20
"8164","G0817","G0817_04","inactive",5,1,12,6,6,6,2,10
"8165","G0817","G0817_05","inactive",11,30,47,27,19,36,15,33
"8166","G0817","G0817_06","inactive",31,37,69,28,39,62,17,37
"8167","G0817","G0817_07","inactive",2,8,7,11,3,13,2,11
"8168","G0817","G0817_08","inactive",5,15,10,7,5,19,7,15
"8169","G0817","G0817_09","inactive",15,24,59,35,21,42,17,36
"8170","G0817","G0817_10","inactive",1,5,0,0,2,3,0,0
"8171","G0818","G0818_01","inactive",2,3,2,4,6,3,3,6
"8172","G0818","G0818_02","inactive",0,7,20,7,4,9,4,11
"8173","G0818","G0818_03","inactive",17,30,41,20,23,24,14,28
"8174","G0818","G0818_04","inactive",11,13,28,14,18,22,7,13
"8175","G0818","G0818_05","inactive",5,6,11,5,10,15,0,4
"8176","G0818","G0818_06","inactive",11,18,16,7,7,17,4,10
"8177","G0818","G0818_07","inactive",3,2,3,5,0,5,1,9
"8178","G0818","G0818_08","inactive",12,14,13,13,12,28,3,23
"8179","G0818","G0818_09","inactive",7,0,12,9,1,8,5,8
"8180","G0818","G0818_10","inactive",1,1,1,4,0,0,0,8
"8181","G0819","G0819_01","decreasing",7,3,8,6,1,3,0,3
"8182","G0819","G0819_02","decreasing",12,6,16,8,12,15,2,7
"8183","G0819","G0819_03","decreasing",29,37,48,43,29,25,9,37
"8184","G0819","G0819_04","decreasing",6,19,18,11,0,15,3,5
"8185","G0819","G0819_05","decreasing",11,18,26,19,10,21,11,13
"8186","G0819","G0819_06","decreasing",7,7,1,6,5,7,1,5
"8187","G0819","G0819_07","decreasing",16,16,19,14,15,8,3,8
"8188","G0819","G0819_08","decreasing",9,12,13,13,7,16,5,7
"8189","G0819","G0819_09","decreasing",3,1,2,1,1,3,1,0
"8190","G0819","G0819_10","decreasing",16,10,20,15,11,20,3,18
"8191","G0820","G0820_01","inactive",3,5,6,3,8,6,1,6
"8192","G0820","G0820_02","inactive",4,7,15,10,10,13,1,7
"8193","G0820","G0820_03","inactive",6,7,7,4,2,7,2,10
"8194","G0820","G0820_04","inactive",2,8,4,1,5,4,4,4
"8195","G0820","G0820_05","inactive",7,10,17,7,7,11,4,13
"8196","G0820","G0820_06","inactive",6,8,5,7,10,2,2,6
"8197","G0820","G0820_07","inactive",7,8,21,11,7,14,3,21
"8198","G0820","G0820_08","inactive",7,13,4,7,9,15,4,6
"8199","G0820","G0820_09","inactive",3,11,9,10,5,13,5,9
"8200","G0820","G0820_10","inactive",13,9,24,10,14,20,5,16
"8201","G0821","G0821_01","decreasing",6,10,13,9,8,8,3,6
"8202","G0821","G0821_02","decreasing",9,7,11,10,5,15,4,8
"8203","G0821","G0821_03","decreasing",6,4,14,14,5,8,6,7
"8204","G0821","G0821_04","decreasing",9,6,21,7,17,17,2,13
"8205","G0821","G0821_05","decreasing",4,10,9,22,3,9,5,11
"8206","G0821","G0821_06","decreasing",0,0,4,1,0,2,1,1
"8207","G0821","G0821_07","decreasing",0,4,9,11,2,5,1,9
"8208","G0821","G0821_08","decreasing",39,58,82,53,46,41,21,57
"8209","G0821","G0821_09","decreasing",5,12,6,2,4,11,1,9
"8210","G0821","G0821_10","decreasing",3,3,6,13,8,1,0,9
"8211","G0822","G0822_01","inactive",11,17,20,26,7,25,4,17
"8212","G0822","G0822_02","inactive",3,5,5,6,4,11,2,4
"8213","G0822","G0822_03","inactive",5,4,7,9,8,11,5,12
"8214","G0822","G0822_04","inactive",1,6,7,5,3,7,1,5
"8215","G0822","G0822_05","inactive",5,7,15,5,10,20,7,7
"8216","G0822","G0822_06","inactive",7,4,7,6,5,6,0,7
"8217","G0822","G0822_07","inactive",10,8,9,5,6,8,2,12
"8218","G0822","G0822_08","inactive",4,4,4,5,1,12,2,7
"8219","G0822","G0822_09","inactive",3,1,8,6,7,2,5,5
"8220","G0822","G0822_10","inactive",1,0,2,3,6,1,2,5
"8221","G0823","G0823_01","inactive",7,16,8,6,14,21,4,5
"8222","G0823","G0823_02","inactive",1,2,2,5,1,2,0,3
"8223","G0823","G0823_03","inactive",1,8,4,0,0,4,5,6
"8224","G0823","G0823_04","inactive",0,5,3,1,1,1,5,5
"8225","G0823","G0823_05","inactive",2,3,7,6,4,11,3,8
"8226","G0823","G0823_06","inactive",1,1,5,5,3,1,0,3
"8227","G0823","G0823_07","inactive",5,3,6,3,2,1,0,2
"8228","G0823","G0823_08","inactive",4,13,9,8,8,22,2,9
"8229","G0823","G0823_09","inactive",28,41,36,23,33,46,10,30
"8230","G0823","G0823_10","inactive",6,11,11,1,6,8,4,6
"8231","G0824","G0824_01","inactive",15,11,14,18,10,13,1,27
"8232","G0824","G0824_02","inactive",6,4,9,9,6,6,3,11
"8233","G0824","G0824_03","inactive",2,9,6,1,5,8,4,2
"8234","G0824","G0824_04","inactive",11,11,24,13,16,19,1,20
"8235","G0824","G0824_05","inactive",1,3,2,0,5,4,0,3
"8236","G0824","G0824_06","inactive",8,5,0,3,9,8,2,5
"8237","G0824","G0824_07","inactive",11,16,22,15,25,24,9,18
"8238","G0824","G0824_08","inactive",7,11,7,7,2,6,2,3
"8239","G0824","G0824_09","inactive",2,4,7,2,3,4,1,5
"8240","G0824","G0824_10","inactive",11,10,8,11,10,12,3,19
"8241","G0825","G0825_01","negcontrol",11,15,23,24,17,18,2,30
"8242","G0825","G0825_02","negcontrol",5,12,10,6,18,5,4,12
"8243","G0825","G0825_03","negcontrol",2,11,10,11,5,8,1,12
"8244","G0825","G0825_04","negcontrol",15,20,18,26,18,35,7,30
"8245","G0825","G0825_05","negcontrol",5,10,18,8,10,11,2,7
"8246","G0825","G0825_06","negcontrol",4,12,11,11,6,17,1,13
"8247","G0825","G0825_07","negcontrol",7,9,6,4,6,7,7,6
"8248","G0825","G0825_08","negcontrol",11,21,31,21,13,18,9,24
"8249","G0825","G0825_09","negcontrol",9,10,10,7,9,4,4,10
"8250","G0825","G0825_10","negcontrol",6,6,5,4,18,6,0,5
"8251","G0826","G0826_01","inactive",9,2,10,16,10,8,1,10
"8252","G0826","G0826_02","inactive",8,17,18,12,9,29,6,25
"8253","G0826","G0826_03","inactive",7,4,7,7,6,6,4,12
"8254","G0826","G0826_04","inactive",6,3,13,7,5,4,3,6
"8255","G0826","G0826_05","inactive",3,2,14,5,4,4,2,6
"8256","G0826","G0826_06","inactive",3,11,19,8,9,23,12,21
"8257","G0826","G0826_07","inactive",6,10,13,5,12,5,5,13
"8258","G0826","G0826_08","inactive",3,2,20,11,6,12,2,4
"8259","G0826","G0826_09","inactive",9,5,20,13,6,17,5,26
"8260","G0826","G0826_10","inactive",8,8,12,5,17,9,3,12
"8261","G0827","G0827_01","inactive",11,14,27,20,25,34,7,30
"8262","G0827","G0827_02","inactive",7,14,18,26,7,12,4,19
"8263","G0827","G0827_03","inactive",20,17,18,11,16,19,6,25
"8264","G0827","G0827_04","inactive",4,12,9,9,8,9,2,15
"8265","G0827","G0827_05","inactive",3,11,18,11,8,4,3,6
"8266","G0827","G0827_06","inactive",1,3,4,2,1,1,0,4
"8267","G0827","G0827_07","inactive",7,10,15,12,12,19,2,3
"8268","G0827","G0827_08","inactive",9,13,12,6,10,20,1,6
"8269","G0827","G0827_09","inactive",22,41,42,28,23,52,12,44
"8270","G0827","G0827_10","inactive",3,7,16,20,7,17,5,19
"8271","G0828","G0828_01","inactive",6,14,23,27,7,25,4,39
"8272","G0828","G0828_02","inactive",3,8,7,4,12,12,3,10
"8273","G0828","G0828_03","inactive",5,12,11,14,16,26,6,17
"8274","G0828","G0828_04","inactive",2,3,6,5,4,11,2,2
"8275","G0828","G0828_05","inactive",2,2,10,8,4,8,2,12
"8276","G0828","G0828_06","inactive",4,5,1,2,4,7,0,7
"8277","G0828","G0828_07","inactive",16,14,33,14,21,23,5,23
"8278","G0828","G0828_08","inactive",17,9,28,8,13,22,7,22
"8279","G0828","G0828_09","inactive",5,5,6,9,7,4,1,14
"8280","G0828","G0828_10","inactive",5,4,5,4,3,3,3,2
"8281","G0829","G0829_01","inactive",2,5,9,5,5,4,0,8
"8282","G0829","G0829_02","inactive",18,26,29,18,19,40,11,31
"8283","G0829","G0829_03","inactive",3,4,5,4,6,5,1,9
"8284","G0829","G0829_04","inactive",0,1,2,1,5,2,4,3
"8285","G0829","G0829_05","inactive",8,19,21,4,7,12,6,13
"8286","G0829","G0829_06","inactive",4,2,12,11,6,4,1,14
"8287","G0829","G0829_07","inactive",6,9,10,7,9,9,2,3
"8288","G0829","G0829_08","inactive",5,2,9,7,8,9,6,8
"8289","G0829","G0829_09","inactive",17,44,47,31,26,63,20,34
"8290","G0829","G0829_10","inactive",1,8,11,4,3,17,4,11
"8291","G0830","G0830_01","inactive",11,5,11,5,8,10,0,5
"8292","G0830","G0830_02","inactive",10,8,14,6,11,10,3,2
"8293","G0830","G0830_03","inactive",7,7,9,4,8,14,4,12
"8294","G0830","G0830_04","inactive",9,10,11,19,13,19,9,21
"8295","G0830","G0830_05","inactive",3,7,6,5,2,9,2,6
"8296","G0830","G0830_06","inactive",3,17,13,6,9,23,4,20
"8297","G0830","G0830_07","inactive",9,23,13,7,7,27,3,16
"8298","G0830","G0830_08","inactive",5,19,17,5,3,20,7,9
"8299","G0830","G0830_09","inactive",3,9,10,5,10,6,2,8
"8300","G0830","G0830_10","inactive",1,8,2,2,1,6,3,2
"8301","G0831","G0831_01","inactive",8,6,3,6,9,8,1,17
"8302","G0831","G0831_02","inactive",7,10,20,13,9,15,8,15
"8303","G0831","G0831_03","inactive",6,6,4,3,4,17,1,2
"8304","G0831","G0831_04","inactive",9,8,21,15,8,6,5,22
"8305","G0831","G0831_05","inactive",15,25,40,24,31,34,21,25
"8306","G0831","G0831_06","inactive",0,2,2,5,4,4,2,2
"8307","G0831","G0831_07","inactive",28,39,50,31,37,43,13,42
"8308","G0831","G0831_08","inactive",3,15,13,9,10,30,7,15
"8309","G0831","G0831_09","inactive",1,0,3,0,0,0,0,0
"8310","G0831","G0831_10","inactive",9,5,15,15,7,18,8,8
"8311","G0832","G0832_01","negcontrol",6,8,30,11,9,18,11,18
"8312","G0832","G0832_02","negcontrol",7,13,26,28,12,34,9,17
"8313","G0832","G0832_03","negcontrol",4,4,10,5,4,9,4,8
"8314","G0832","G0832_04","negcontrol",0,2,6,0,0,0,2,2
"8315","G0832","G0832_05","negcontrol",17,16,36,19,16,42,9,26
"8316","G0832","G0832_06","negcontrol",0,9,8,0,4,9,4,2
"8317","G0832","G0832_07","negcontrol",2,2,12,3,5,13,0,10
"8318","G0832","G0832_08","negcontrol",12,16,30,16,16,33,9,25
"8319","G0832","G0832_09","negcontrol",9,2,7,6,9,3,2,3
"8320","G0832","G0832_10","negcontrol",2,2,6,4,3,2,1,4
"8321","G0833","G0833_01","inactive",19,30,58,42,26,54,16,51
"8322","G0833","G0833_02","inactive",16,10,12,6,14,12,2,9
"8323","G0833","G0833_03","inactive",2,12,17,12,16,24,9,12
"8324","G0833","G0833_04","inactive",5,1,10,8,4,5,3,4
"8325","G0833","G0833_05","inactive",1,13,12,9,5,23,7,9
"8326","G0833","G0833_06","inactive",9,13,15,8,8,34,12,12
"8327","G0833","G0833_07","inactive",13,20,11,22,16,38,4,26
"8328","G0833","G0833_08","inactive",16,22,16,17,17,24,0,14
"8329","G0833","G0833_09","inactive",6,10,8,12,9,13,8,13
"8330","G0833","G0833_10","inactive",8,11,17,16,9,23,6,19
"8331","G0834","G0834_01","inactive",8,10,16,14,12,16,4,10
"8332","G0834","G0834_02","inactive",9,6,13,9,17,9,6,7
"8333","G0834","G0834_03","inactive",7,8,19,15,13,13,3,13
"8334","G0834","G0834_04","inactive",9,7,14,15,10,8,7,5
"8335","G0834","G0834_05","inactive",9,5,11,4,14,10,5,5
"8336","G0834","G0834_06","inactive",5,10,9,8,7,12,2,13
"8337","G0834","G0834_07","inactive",3,7,6,1,1,10,2,0
"8338","G0834","G0834_08","inactive",20,28,42,26,18,38,15,37
"8339","G0834","G0834_09","inactive",6,7,11,2,5,10,4,8
"8340","G0834","G0834_10","inactive",0,0,0,1,0,0,1,0
"8341","G0835","G0835_01","inactive",6,8,6,6,8,13,3,8
"8342","G0835","G0835_02","inactive",5,13,13,4,9,10,3,14
"8343","G0835","G0835_03","inactive",6,4,5,4,9,8,4,1
"8344","G0835","G0835_04","inactive",2,6,6,9,2,4,0,7
"8345","G0835","G0835_05","inactive",20,20,38,26,31,43,12,32
"8346","G0835","G0835_06","inactive",19,12,20,9,20,24,8,13
"8347","G0835","G0835_07","inactive",4,4,14,7,3,9,7,10
"8348","G0835","G0835_08","inactive",12,15,33,17,30,28,13,38
"8349","G0835","G0835_09","inactive",1,6,2,4,2,7,2,3
"8350","G0835","G0835_10","inactive",1,7,3,4,3,12,1,8
"8351","G0836","G0836_01","inactive",6,8,18,6,15,12,7,10
"8352","G0836","G0836_02","inactive",9,14,18,17,21,20,5,18
"8353","G0836","G0836_03","inactive",3,2,2,7,1,7,3,4
"8354","G0836","G0836_04","inactive",5,4,19,9,11,18,4,11
"8355","G0836","G0836_05","inactive",13,19,44,21,26,41,13,28
"8356","G0836","G0836_06","inactive",8,8,18,13,11,15,7,18
"8357","G0836","G0836_07","inactive",15,22,17,11,13,21,7,33
"8358","G0836","G0836_08","inactive",9,14,16,9,23,17,4,10
"8359","G0836","G0836_09","inactive",4,8,12,4,11,11,0,12
"8360","G0836","G0836_10","inactive",5,9,16,4,2,16,9,5
"8361","G0837","G0837_01","inactive",3,4,6,3,6,7,3,2
"8362","G0837","G0837_02","inactive",3,3,9,10,7,10,6,4
"8363","G0837","G0837_03","inactive",3,4,2,7,6,5,2,4
"8364","G0837","G0837_04","inactive",1,1,3,1,0,4,0,5
"8365","G0837","G0837_05","inactive",3,1,6,2,1,10,5,2
"8366","G0837","G0837_06","inactive",19,22,32,30,24,47,12,36
"8367","G0837","G0837_07","inactive",4,9,15,4,4,9,2,7
"8368","G0837","G0837_08","inactive",7,11,21,2,4,10,2,12
"8369","G0837","G0837_09","inactive",4,1,14,5,5,6,2,8
"8370","G0837","G0837_10","inactive",4,6,11,1,4,10,3,6
"8371","G0838","G0838_01","inactive",5,11,7,6,7,13,4,12
"8372","G0838","G0838_02","inactive",7,3,25,13,16,17,3,13
"8373","G0838","G0838_03","inactive",8,20,26,11,17,22,12,13
"8374","G0838","G0838_04","inactive",7,14,35,15,11,25,6,25
"8375","G0838","G0838_05","inactive",3,7,13,11,7,5,7,13
"8376","G0838","G0838_06","inactive",26,28,52,32,35,46,21,53
"8377","G0838","G0838_07","inactive",5,1,1,1,3,0,2,3
"8378","G0838","G0838_08","inactive",3,5,4,3,2,1,2,6
"8379","G0838","G0838_09","inactive",18,26,28,12,22,25,11,17
"8380","G0838","G0838_10","inactive",9,9,14,7,6,14,1,16
"8381","G0839","G0839_01","inactive",32,20,48,25,27,36,19,24
"8382","G0839","G0839_02","inactive",4,11,17,7,6,11,6,2
"8383","G0839","G0839_03","inactive",1,4,12,5,4,4,2,13
"8384","G0839","G0839_04","inactive",18,11,21,17,14,16,8,19
"8385","G0839","G0839_05","inactive",5,4,7,8,12,4,2,14
"8386","G0839","G0839_06","inactive",18,16,22,28,16,18,7,35
"8387","G0839","G0839_07","inactive",1,2,1,1,2,7,0,1
"8388","G0839","G0839_08","inactive",13,21,17,4,13,19,8,13
"8389","G0839","G0839_09","inactive",33,34,33,57,33,49,16,49
"8390","G0839","G0839_10","inactive",7,9,12,6,8,5,4,7
"8391","G0840","G0840_01","increasing",1,4,5,3,7,9,4,11
"8392","G0840","G0840_02","increasing",2,3,6,2,5,5,0,4
"8393","G0840","G0840_03","increasing",10,12,16,6,9,17,8,16
"8394","G0840","G0840_04","increasing",14,29,20,10,21,32,7,15
"8395","G0840","G0840_05","increasing",2,1,7,1,2,6,0,4
"8396","G0840","G0840_06","increasing",0,1,9,6,4,1,6,1
"8397","G0840","G0840_07","increasing",15,9,20,10,16,20,5,12
"8398","G0840","G0840_08","increasing",4,17,21,18,5,29,4,14
"8399","G0840","G0840_09","increasing",3,12,24,7,11,11,6,15
"8400","G0840","G0840_10","increasing",17,24,25,9,24,21,10,16
"8401","G0841","G0841_01","increasing",17,25,38,30,29,45,15,47
"8402","G0841","G0841_02","increasing",0,1,5,1,0,1,0,0
"8403","G0841","G0841_03","increasing",6,21,16,16,18,23,7,31
"8404","G0841","G0841_04","increasing",0,2,4,4,2,5,2,4
"8405","G0841","G0841_05","increasing",5,7,8,6,8,17,2,10
"8406","G0841","G0841_06","increasing",2,12,14,8,14,21,6,18
"8407","G0841","G0841_07","increasing",8,11,14,12,15,14,6,17
"8408","G0841","G0841_08","increasing",0,2,1,7,4,3,0,7
"8409","G0841","G0841_09","increasing",2,9,7,3,5,13,1,3
"8410","G0841","G0841_10","increasing",0,3,6,1,2,5,2,3
"8411","G0842","G0842_01","inactive",3,6,8,11,3,11,8,16
"8412","G0842","G0842_02","inactive",2,0,6,8,1,1,0,6
"8413","G0842","G0842_03","inactive",6,11,25,12,11,28,2,18
"8414","G0842","G0842_04","inactive",9,21,27,6,14,30,17,22
"8415","G0842","G0842_05","inactive",3,3,9,5,4,3,2,2
"8416","G0842","G0842_06","inactive",2,4,5,5,2,4,2,4
"8417","G0842","G0842_07","inactive",11,15,39,12,20,27,8,31
"8418","G0842","G0842_08","inactive",5,1,9,7,2,3,5,5
"8419","G0842","G0842_09","inactive",11,15,21,10,14,17,9,16
"8420","G0842","G0842_10","inactive",11,21,31,16,15,35,9,14
"8421","G0843","G0843_01","inactive",6,8,7,7,6,14,6,8
"8422","G0843","G0843_02","inactive",10,19,12,7,14,16,2,15
"8423","G0843","G0843_03","inactive",1,2,6,3,3,6,0,5
"8424","G0843","G0843_04","inactive",7,6,11,10,11,10,4,5
"8425","G0843","G0843_05","inactive",0,1,4,1,3,5,0,1
"8426","G0843","G0843_06","inactive",3,4,5,8,7,10,5,16
"8427","G0843","G0843_07","inactive",2,14,18,9,5,11,6,5
"8428","G0843","G0843_08","inactive",6,12,13,6,5,20,3,8
"8429","G0843","G0843_09","inactive",5,10,17,9,10,23,4,16
"8430","G0843","G0843_10","inactive",11,5,15,6,16,11,6,9
"8431","G0844","G0844_01","decreasing",29,53,63,44,34,58,18,28
"8432","G0844","G0844_02","decreasing",0,5,6,5,3,3,1,6
"8433","G0844","G0844_03","decreasing",5,8,11,10,5,2,0,3
"8434","G0844","G0844_04","decreasing",1,8,5,8,3,14,0,12
"8435","G0844","G0844_05","decreasing",4,11,27,18,12,14,6,6
"8436","G0844","G0844_06","decreasing",1,12,9,3,3,17,2,2
"8437","G0844","G0844_07","decreasing",6,1,5,3,0,1,1,1
"8438","G0844","G0844_08","decreasing",10,17,24,19,16,15,2,7
"8439","G0844","G0844_09","decreasing",25,13,40,12,17,14,9,10
"8440","G0844","G0844_10","decreasing",2,1,9,2,1,1,4,2
"8441","G0845","G0845_01","inactive",3,7,9,1,7,12,0,4
"8442","G0845","G0845_02","inactive",1,6,6,9,8,14,2,12
"8443","G0845","G0845_03","inactive",3,4,2,4,9,5,0,4
"8444","G0845","G0845_04","inactive",29,20,48,27,30,28,10,25
"8445","G0845","G0845_05","inactive",3,2,11,7,7,7,1,13
"8446","G0845","G0845_06","inactive",11,11,15,12,20,14,8,16
"8447","G0845","G0845_07","inactive",3,0,10,0,1,4,0,3
"8448","G0845","G0845_08","inactive",6,10,13,14,10,10,8,22
"8449","G0845","G0845_09","inactive",0,11,11,5,2,15,2,8
"8450","G0845","G0845_10","inactive",10,11,16,8,17,22,9,8
"8451","G0846","G0846_01","inactive",7,5,23,8,4,18,8,20
"8452","G0846","G0846_02","inactive",22,42,67,47,45,72,29,61
"8453","G0846","G0846_03","inactive",8,13,33,17,16,25,10,28
"8454","G0846","G0846_04","inactive",14,15,20,19,16,34,4,15
"8455","G0846","G0846_05","inactive",9,8,17,17,13,13,7,22
"8456","G0846","G0846_06","inactive",4,7,11,5,5,4,5,5
"8457","G0846","G0846_07","inactive",8,13,20,16,16,20,17,19
"8458","G0846","G0846_08","inactive",2,0,2,2,1,8,1,2
"8459","G0846","G0846_09","inactive",2,5,3,4,3,11,1,4
"8460","G0846","G0846_10","inactive",10,12,11,3,13,10,2,19
"8461","G0847","G0847_01","inactive",8,10,37,22,13,11,9,6
"8462","G0847","G0847_02","inactive",3,3,7,2,3,10,5,1
"8463","G0847","G0847_03","inactive",17,40,31,28,25,45,8,25
"8464","G0847","G0847_04","inactive",0,4,8,7,2,8,1,11
"8465","G0847","G0847_05","inactive",1,4,1,8,3,9,1,2
"8466","G0847","G0847_06","inactive",12,18,26,16,15,23,7,22
"8467","G0847","G0847_07","inactive",3,0,2,1,2,0,0,0
"8468","G0847","G0847_08","inactive",14,21,21,21,17,46,13,27
"8469","G0847","G0847_09","inactive",11,18,19,18,9,23,9,17
"8470","G0847","G0847_10","inactive",2,6,1,6,4,11,0,3
"8471","G0848","G0848_01","inactive",10,11,24,20,8,13,5,18
"8472","G0848","G0848_02","inactive",3,9,7,11,4,13,7,23
"8473","G0848","G0848_03","inactive",4,7,12,10,10,10,4,28
"8474","G0848","G0848_04","inactive",38,59,76,49,47,71,23,60
"8475","G0848","G0848_05","inactive",10,7,11,6,12,12,10,11
"8476","G0848","G0848_06","inactive",2,7,2,4,5,3,0,6
"8477","G0848","G0848_07","inactive",9,12,15,8,6,16,6,14
"8478","G0848","G0848_08","inactive",6,11,20,21,6,25,7,24
"8479","G0848","G0848_09","inactive",2,12,12,10,7,18,6,13
"8480","G0848","G0848_10","inactive",0,0,0,0,0,0,0,0
"8481","G0849","G0849_01","inactive",1,0,0,1,1,0,0,2
"8482","G0849","G0849_02","inactive",7,4,9,13,5,11,2,8
"8483","G0849","G0849_03","inactive",9,6,9,6,19,7,5,11
"8484","G0849","G0849_04","inactive",0,2,6,2,2,6,2,4
"8485","G0849","G0849_05","inactive",2,2,0,0,0,4,1,5
"8486","G0849","G0849_06","inactive",2,5,5,6,6,5,1,14
"8487","G0849","G0849_07","inactive",2,15,6,9,4,15,3,9
"8488","G0849","G0849_08","inactive",2,3,11,5,11,9,3,12
"8489","G0849","G0849_09","inactive",1,3,2,0,1,4,7,0
"8490","G0849","G0849_10","inactive",3,1,9,2,5,11,3,4
"8491","G0850","G0850_01","decreasing",10,19,27,15,11,16,5,12
"8492","G0850","G0850_02","decreasing",3,9,14,9,4,9,1,3
"8493","G0850","G0850_03","decreasing",1,2,9,7,0,4,0,6
"8494","G0850","G0850_04","decreasing",18,23,23,38,17,19,13,32
"8495","G0850","G0850_05","decreasing",2,4,0,4,0,4,0,5
"8496","G0850","G0850_06","decreasing",4,9,25,8,6,18,5,3
"8497","G0850","G0850_07","decreasing",8,6,1,6,6,11,0,5
"8498","G0850","G0850_08","decreasing",19,25,30,13,16,29,5,21
"8499","G0850","G0850_09","decreasing",1,3,10,10,4,8,2,13
"8500","G0850","G0850_10","decreasing",5,7,3,5,4,12,1,11
"8501","G0851","G0851_01","inactive",4,7,8,0,2,6,3,3
"8502","G0851","G0851_02","inactive",3,2,9,6,5,3,0,13
"8503","G0851","G0851_03","inactive",5,3,7,5,7,4,2,5
"8504","G0851","G0851_04","inactive",4,12,13,9,10,8,1,4
"8505","G0851","G0851_05","inactive",5,17,25,16,7,20,7,25
"8506","G0851","G0851_06","inactive",8,6,11,11,10,6,2,11
"8507","G0851","G0851_07","inactive",17,30,39,27,20,32,13,34
"8508","G0851","G0851_08","inactive",3,1,8,8,10,9,8,8
"8509","G0851","G0851_09","inactive",3,8,18,10,8,16,3,13
"8510","G0851","G0851_10","inactive",5,1,2,4,4,2,0,3
"8511","G0852","G0852_01","inactive",9,0,14,9,12,4,5,15
"8512","G0852","G0852_02","inactive",1,4,4,0,2,2,0,8
"8513","G0852","G0852_03","inactive",5,1,7,1,5,2,0,6
"8514","G0852","G0852_04","inactive",3,3,9,2,5,10,1,3
"8515","G0852","G0852_05","inactive",5,3,15,8,1,6,5,10
"8516","G0852","G0852_06","inactive",7,7,13,5,17,9,4,6
"8517","G0852","G0852_07","inactive",4,6,11,12,3,6,0,9
"8518","G0852","G0852_08","inactive",1,1,5,1,1,0,1,2
"8519","G0852","G0852_09","inactive",5,5,10,1,10,12,1,5
"8520","G0852","G0852_10","inactive",4,4,10,3,5,8,0,3
"8521","G0853","G0853_01","decreasing",7,4,17,17,5,3,3,12
"8522","G0853","G0853_02","decreasing",6,1,3,8,3,1,1,5
"8523","G0853","G0853_03","decreasing",3,10,12,3,8,10,4,1
"8524","G0853","G0853_04","decreasing",6,12,20,14,14,23,3,9
"8525","G0853","G0853_05","decreasing",7,13,13,20,14,16,4,15
"8526","G0853","G0853_06","decreasing",10,16,28,14,13,28,8,17
"8527","G0853","G0853_07","decreasing",9,6,12,4,3,5,1,7
"8528","G0853","G0853_08","decreasing",13,18,19,33,22,16,4,25
"8529","G0853","G0853_09","decreasing",5,9,16,5,5,14,0,6
"8530","G0853","G0853_10","decreasing",44,57,96,57,57,62,21,67
"8531","G0854","G0854_01","inactive",0,3,10,5,1,2,2,5
"8532","G0854","G0854_02","inactive",3,14,24,14,13,22,9,21
"8533","G0854","G0854_03","inactive",4,4,12,9,15,10,6,18
"8534","G0854","G0854_04","inactive",5,7,7,7,4,13,3,8
"8535","G0854","G0854_05","inactive",4,1,6,4,15,1,1,9
"8536","G0854","G0854_06","inactive",1,3,4,3,5,12,4,4
"8537","G0854","G0854_07","inactive",5,4,10,14,13,10,5,15
"8538","G0854","G0854_08","inactive",5,1,5,3,10,3,1,4
"8539","G0854","G0854_09","inactive",4,5,15,4,3,4,7,6
"8540","G0854","G0854_10","inactive",4,0,5,7,7,9,1,2
"8541","G0855","G0855_01","inactive",0,1,0,0,0,0,1,0
"8542","G0855","G0855_02","inactive",12,29,33,13,21,23,13,26
"8543","G0855","G0855_03","inactive",3,8,18,9,3,13,7,16
"8544","G0855","G0855_04","inactive",4,1,2,6,2,2,1,7
"8545","G0855","G0855_05","inactive",5,5,7,2,5,6,0,4
"8546","G0855","G0855_06","inactive",7,10,8,4,15,13,3,12
"8547","G0855","G0855_07","inactive",3,5,5,3,2,5,3,2
"8548","G0855","G0855_08","inactive",16,26,35,22,22,23,17,31
"8549","G0855","G0855_09","inactive",16,23,25,12,16,26,5,22
"8550","G0855","G0855_10","inactive",2,4,1,2,1,3,0,3
"8551","G0856","G0856_01","increasing",10,14,24,12,12,39,11,42
"8552","G0856","G0856_02","increasing",1,8,7,5,7,18,3,15
"8553","G0856","G0856_03","increasing",15,8,8,3,8,27,1,9
"8554","G0856","G0856_04","increasing",13,10,17,16,21,35,12,32
"8555","G0856","G0856_05","increasing",9,5,12,14,13,21,4,24
"8556","G0856","G0856_06","increasing",4,4,17,10,11,13,13,16
"8557","G0856","G0856_07","increasing",1,3,3,1,0,7,1,0
"8558","G0856","G0856_08","increasing",1,7,10,6,4,25,9,8
"8559","G0856","G0856_09","increasing",12,14,25,14,10,18,6,30
"8560","G0856","G0856_10","increasing",3,15,23,15,24,29,12,48
"8561","G0857","G0857_01","increasing",14,20,33,33,33,56,18,53
"8562","G0857","G0857_02","increasing",5,14,18,12,23,27,4,20
"8563","G0857","G0857_03","increasing",2,6,3,8,10,6,5,13
"8564","G0857","G0857_04","increasing",2,5,4,8,9,17,7,10
"8565","G0857","G0857_05","increasing",5,13,39,13,15,17,8,15
"8566","G0857","G0857_06","increasing",3,6,11,3,4,10,3,3
"8567","G0857","G0857_07","increasing",2,2,5,3,4,5,2,4
"8568","G0857","G0857_08","increasing",20,23,58,25,29,46,17,42
"8569","G0857","G0857_09","increasing",3,7,21,3,9,13,9,13
"8570","G0857","G0857_10","increasing",11,12,36,13,28,26,9,30
"8571","G0858","G0858_01","inactive",9,5,16,6,13,14,6,9
"8572","G0858","G0858_02","inactive",8,7,4,6,9,10,2,4
"8573","G0858","G0858_03","inactive",3,3,4,5,4,2,0,4
"8574","G0858","G0858_04","inactive",0,4,4,4,0,6,0,2
"8575","G0858","G0858_05","inactive",0,0,1,2,0,3,0,2
"8576","G0858","G0858_06","inactive",2,2,4,2,1,9,1,2
"8577","G0858","G0858_07","inactive",5,5,6,8,7,7,3,4
"8578","G0858","G0858_08","inactive",11,13,34,22,17,16,5,41
"8579","G0858","G0858_09","inactive",3,7,13,4,6,12,5,7
"8580","G0858","G0858_10","inactive",8,6,16,13,10,11,6,17
"8581","G0859","G0859_01","inactive",5,9,13,17,5,10,0,22
"8582","G0859","G0859_02","inactive",0,13,8,9,0,6,0,3
"8583","G0859","G0859_03","inactive",0,10,10,3,2,15,5,6
"8584","G0859","G0859_04","inactive",9,10,6,2,10,15,4,14
"8585","G0859","G0859_05","inactive",6,20,19,20,14,31,6,25
"8586","G0859","G0859_06","inactive",5,11,29,19,20,22,9,28
"8587","G0859","G0859_07","inactive",14,26,33,16,19,33,11,21
"8588","G0859","G0859_08","inactive",2,2,4,2,2,4,4,6
"8589","G0859","G0859_09","inactive",10,11,35,16,24,24,13,21
"8590","G0859","G0859_10","inactive",9,9,39,13,18,22,10,17
"8591","G0860","G0860_01","decreasing",21,22,24,23,18,26,3,22
"8592","G0860","G0860_02","decreasing",2,9,8,14,1,7,0,8
"8593","G0860","G0860_03","decreasing",9,13,24,9,5,7,5,6
"8594","G0860","G0860_04","decreasing",20,23,23,17,18,27,2,13
"8595","G0860","G0860_05","decreasing",4,0,4,6,3,4,0,7
"8596","G0860","G0860_06","decreasing",3,11,9,11,5,6,4,6
"8597","G0860","G0860_07","decreasing",5,3,3,1,5,4,1,3
"8598","G0860","G0860_08","decreasing",1,1,0,3,1,0,0,2
"8599","G0860","G0860_09","decreasing",3,1,13,3,2,5,3,2
"8600","G0860","G0860_10","decreasing",8,14,9,15,10,15,4,6
"8601","G0861","G0861_01","inactive",3,6,10,3,5,9,0,10
"8602","G0861","G0861_02","inactive",14,17,43,24,15,30,8,21
"8603","G0861","G0861_03","inactive",3,10,7,6,5,7,3,5
"8604","G0861","G0861_04","inactive",9,10,14,9,10,13,6,16
"8605","G0861","G0861_05","inactive",0,4,3,0,2,6,0,7
"8606","G0861","G0861_06","inactive",5,9,24,3,11,11,3,12
"8607","G0861","G0861_07","inactive",2,2,2,4,2,1,1,6
"8608","G0861","G0861_08","inactive",2,3,1,6,5,3,2,10
"8609","G0861","G0861_09","inactive",6,3,11,9,3,16,8,17
"8610","G0861","G0861_10","inactive",8,17,21,19,2,21,5,19
"8611","G0862","G0862_01","decreasing",4,1,13,6,12,4,4,6
"8612","G0862","G0862_02","decreasing",11,24,26,12,5,21,7,16
"8613","G0862","G0862_03","decreasing",24,33,66,39,24,44,7,35
"8614","G0862","G0862_04","decreasing",13,10,24,10,4,8,5,5
"8615","G0862","G0862_05","decreasing",10,12,23,11,11,12,4,12
"8616","G0862","G0862_06","decreasing",7,6,19,5,4,9,2,5
"8617","G0862","G0862_07","decreasing",3,3,18,4,4,8,5,5
"8618","G0862","G0862_08","decreasing",5,4,14,3,7,5,4,3
"8619","G0862","G0862_09","decreasing",3,7,5,7,7,7,3,3
"8620","G0862","G0862_10","decreasing",18,23,24,15,14,17,2,15
"8621","G0863","G0863_01","inactive",7,10,23,8,13,19,2,21
"8622","G0863","G0863_02","inactive",3,17,10,3,10,13,5,6
"8623","G0863","G0863_03","inactive",4,4,2,3,1,4,4,6
"8624","G0863","G0863_04","inactive",21,17,31,21,24,33,12,32
"8625","G0863","G0863_05","inactive",5,4,8,7,5,8,1,10
"8626","G0863","G0863_06","inactive",0,4,0,6,0,7,0,6
"8627","G0863","G0863_07","inactive",3,11,1,10,1,10,2,11
"8628","G0863","G0863_08","inactive",14,13,32,25,12,23,22,24
"8629","G0863","G0863_09","inactive",14,14,21,14,33,29,5,19
"8630","G0863","G0863_10","inactive",8,10,26,15,16,13,10,14
"8631","G0864","G0864_01","increasing",7,9,25,3,15,17,11,17
"8632","G0864","G0864_02","increasing",5,1,4,2,5,7,3,1
"8633","G0864","G0864_03","increasing",0,5,7,5,7,14,3,6
"8634","G0864","G0864_04","increasing",11,5,8,9,13,17,9,25
"8635","G0864","G0864_05","increasing",2,1,2,6,4,1,1,3
"8636","G0864","G0864_06","increasing",8,9,16,2,14,18,7,22
"8637","G0864","G0864_07","increasing",3,5,10,9,12,16,3,25
"8638","G0864","G0864_08","increasing",2,8,8,2,3,13,8,8
"8639","G0864","G0864_09","increasing",1,0,5,1,3,6,4,8
"8640","G0864","G0864_10","increasing",2,10,11,8,16,18,6,19
"8641","G0865","G0865_01","inactive",5,12,7,8,7,16,2,15
"8642","G0865","G0865_02","inactive",29,26,33,31,32,47,6,29
"8643","G0865","G0865_03","inactive",3,6,8,5,5,13,6,12
"8644","G0865","G0865_04","inactive",7,5,9,3,6,10,2,11
"8645","G0865","G0865_05","inactive",6,7,21,15,11,17,6,17
"8646","G0865","G0865_06","inactive",6,14,14,11,5,12,3,13
"8647","G0865","G0865_07","inactive",12,21,23,11,13,24,8,18
"8648","G0865","G0865_08","inactive",13,9,25,7,30,11,7,14
"8649","G0865","G0865_09","inactive",2,0,5,2,0,6,2,6
"8650","G0865","G0865_10","inactive",3,6,5,5,8,12,3,3
"8651","G0866","G0866_01","inactive",32,50,59,50,58,83,24,50
"8652","G0866","G0866_02","inactive",3,2,7,4,7,4,2,7
"8653","G0866","G0866_03","inactive",13,6,24,15,8,17,6,16
"8654","G0866","G0866_04","inactive",8,11,11,10,14,21,2,12
"8655","G0866","G0866_05","inactive",39,52,87,64,60,69,32,82
"8656","G0866","G0866_06","inactive",5,4,18,14,6,2,9,14
"8657","G0866","G0866_07","inactive",10,3,14,9,11,7,6,13
"8658","G0866","G0866_08","inactive",5,3,5,3,0,3,3,2
"8659","G0866","G0866_09","inactive",4,3,12,6,6,3,4,4
"8660","G0866","G0866_10","inactive",6,10,19,8,3,12,2,4
"8661","G0867","G0867_01","inactive",4,10,7,7,6,19,1,7
"8662","G0867","G0867_02","inactive",2,5,5,5,4,10,1,6
"8663","G0867","G0867_03","inactive",13,25,24,14,17,30,10,19
"8664","G0867","G0867_04","inactive",3,5,5,7,7,7,3,7
"8665","G0867","G0867_05","inactive",7,5,24,7,14,15,9,5
"8666","G0867","G0867_06","inactive",6,4,15,7,7,13,0,5
"8667","G0867","G0867_07","inactive",5,20,18,7,12,18,4,27
"8668","G0867","G0867_08","inactive",8,13,15,3,16,9,5,7
"8669","G0867","G0867_09","inactive",8,7,32,22,13,27,7,25
"8670","G0867","G0867_10","inactive",2,1,4,1,3,6,1,2
"8671","G0868","G0868_01","negcontrol",15,34,33,24,22,33,7,44
"8672","G0868","G0868_02","negcontrol",1,1,0,2,3,3,0,4
"8673","G0868","G0868_03","negcontrol",4,7,7,5,2,14,4,4
"8674","G0868","G0868_04","negcontrol",0,5,5,3,3,12,1,4
"8675","G0868","G0868_05","negcontrol",3,3,6,1,1,3,4,3
"8676","G0868","G0868_06","negcontrol",0,4,7,5,5,5,3,4
"8677","G0868","G0868_07","negcontrol",4,2,6,7,4,2,2,10
"8678","G0868","G0868_08","negcontrol",4,13,15,5,4,10,7,10
"8679","G0868","G0868_09","negcontrol",5,12,19,13,9,24,6,14
"8680","G0868","G0868_10","negcontrol",4,5,8,6,4,10,1,13
"8681","G0869","G0869_01","negcontrol",12,21,42,27,25,31,17,35
"8682","G0869","G0869_02","negcontrol",2,4,9,12,7,8,3,11
"8683","G0869","G0869_03","negcontrol",10,8,16,13,14,10,10,21
"8684","G0869","G0869_04","negcontrol",3,2,6,0,2,6,2,7
"8685","G0869","G0869_05","negcontrol",3,4,4,3,5,2,1,1
"8686","G0869","G0869_06","negcontrol",1,3,10,6,3,6,3,7
"8687","G0869","G0869_07","negcontrol",15,37,34,29,24,37,12,35
"8688","G0869","G0869_08","negcontrol",9,8,14,4,10,16,1,6
"8689","G0869","G0869_09","negcontrol",10,11,11,4,18,9,5,14
"8690","G0869","G0869_10","negcontrol",4,3,16,13,6,9,4,6
"8691","G0870","G0870_01","inactive",1,1,4,2,5,3,4,7
"8692","G0870","G0870_02","inactive",5,2,2,0,2,5,0,2
"8693","G0870","G0870_03","inactive",3,4,3,5,3,14,0,8
"8694","G0870","G0870_04","inactive",9,5,15,4,8,12,11,9
"8695","G0870","G0870_05","inactive",3,2,11,2,7,7,3,6
"8696","G0870","G0870_06","inactive",9,4,10,3,4,5,2,5
"8697","G0870","G0870_07","inactive",7,13,15,6,7,14,4,21
"8698","G0870","G0870_08","inactive",9,9,14,6,19,15,5,26
"8699","G0870","G0870_09","inactive",3,6,6,4,5,6,1,9
"8700","G0870","G0870_10","inactive",7,7,16,5,10,12,6,7
"8701","G0871","G0871_01","inactive",9,17,15,12,8,17,6,18
"8702","G0871","G0871_02","inactive",3,2,12,6,17,6,2,3
"8703","G0871","G0871_03","inactive",9,8,8,12,9,14,4,16
"8704","G0871","G0871_04","inactive",2,1,1,1,4,2,1,1
"8705","G0871","G0871_05","inactive",2,9,3,0,3,17,0,2
"8706","G0871","G0871_06","inactive",7,14,6,5,8,18,1,10
"8707","G0871","G0871_07","inactive",2,11,5,8,9,16,2,10
"8708","G0871","G0871_08","inactive",5,12,2,2,4,6,0,2
"8709","G0871","G0871_09","inactive",0,5,2,4,1,3,2,4
"8710","G0871","G0871_10","inactive",4,6,12,2,8,14,3,2
"8711","G0872","G0872_01","inactive",6,13,9,10,15,21,4,25
"8712","G0872","G0872_02","inactive",2,0,6,8,2,1,1,10
"8713","G0872","G0872_03","inactive",2,11,7,7,1,16,1,12
"8714","G0872","G0872_04","inactive",16,7,32,17,21,6,9,16
"8715","G0872","G0872_05","inactive",6,12,12,2,11,6,6,12
"8716","G0872","G0872_06","inactive",13,22,23,15,17,34,10,13
"8717","G0872","G0872_07","inactive",3,1,4,13,3,3,5,16
"8718","G0872","G0872_08","inactive",4,9,21,16,4,14,1,14
"8719","G0872","G0872_09","inactive",2,2,15,2,10,8,4,6
"8720","G0872","G0872_10","inactive",7,8,1,9,6,12,3,6
"8721","G0873","G0873_01","inactive",8,10,7,6,12,5,1,9
"8722","G0873","G0873_02","inactive",17,16,21,17,15,32,12,24
"8723","G0873","G0873_03","inactive",10,5,16,12,16,14,7,11
"8724","G0873","G0873_04","inactive",9,16,15,20,17,33,12,14
"8725","G0873","G0873_05","inactive",1,6,21,16,6,9,1,21
"8726","G0873","G0873_06","inactive",1,4,4,0,6,10,4,2
"8727","G0873","G0873_07","inactive",15,11,14,12,19,12,4,22
"8728","G0873","G0873_08","inactive",2,1,3,3,0,5,1,3
"8729","G0873","G0873_09","inactive",4,3,2,3,3,4,5,6
"8730","G0873","G0873_10","inactive",4,7,17,4,8,17,6,9
"8731","G0874","G0874_01","inactive",9,15,27,12,22,16,6,19
"8732","G0874","G0874_02","inactive",2,14,17,10,6,23,3,13
"8733","G0874","G0874_03","inactive",1,9,11,8,1,12,1,9
"8734","G0874","G0874_04","inactive",4,13,19,6,9,14,4,16
"8735","G0874","G0874_05","inactive",7,16,20,7,9,13,4,5
"8736","G0874","G0874_06","inactive",0,1,2,3,1,6,1,4
"8737","G0874","G0874_07","inactive",12,13,30,21,23,15,11,24
"8738","G0874","G0874_08","inactive",5,2,3,6,10,3,1,15
"8739","G0874","G0874_09","inactive",2,0,6,1,1,3,2,9
"8740","G0874","G0874_10","inactive",20,13,21,11,22,21,3,18
"8741","G0875","G0875_01","increasing",1,2,8,6,5,5,4,9
"8742","G0875","G0875_02","increasing",2,1,3,5,14,3,3,6
"8743","G0875","G0875_03","increasing",4,4,4,7,7,6,1,5
"8744","G0875","G0875_04","increasing",7,11,13,11,15,21,8,16
"8745","G0875","G0875_05","increasing",4,7,20,9,16,19,8,14
"8746","G0875","G0875_06","increasing",1,4,9,5,12,8,5,8
"8747","G0875","G0875_07","increasing",4,10,11,6,3,21,1,17
"8748","G0875","G0875_08","increasing",4,6,8,11,6,13,3,21
"8749","G0875","G0875_09","increasing",23,11,26,9,22,33,6,21
"8750","G0875","G0875_10","increasing",2,13,13,12,15,30,5,19
"8751","G0876","G0876_01","inactive",8,3,11,4,14,25,3,16
"8752","G0876","G0876_02","inactive",8,13,20,7,18,23,3,8
"8753","G0876","G0876_03","inactive",15,16,30,9,15,34,7,30
"8754","G0876","G0876_04","inactive",11,15,23,16,20,15,12,20
"8755","G0876","G0876_05","inactive",6,3,6,4,5,10,1,5
"8756","G0876","G0876_06","inactive",22,17,42,18,27,54,22,36
"8757","G0876","G0876_07","inactive",11,27,25,9,13,16,10,17
"8758","G0876","G0876_08","inactive",3,3,7,1,3,6,1,0
"8759","G0876","G0876_09","inactive",12,3,17,2,9,6,5,6
"8760","G0876","G0876_10","inactive",6,5,19,6,12,6,11,8
"8761","G0877","G0877_01","inactive",4,2,5,2,9,7,2,9
"8762","G0877","G0877_02","inactive",8,14,24,22,8,27,5,35
"8763","G0877","G0877_03","inactive",12,14,28,8,22,17,6,16
"8764","G0877","G0877_04","inactive",3,0,7,6,3,3,3,3
"8765","G0877","G0877_05","inactive",3,1,5,4,3,1,0,6
"8766","G0877","G0877_06","inactive",4,4,10,7,4,5,5,7
"8767","G0877","G0877_07","inactive",0,1,5,2,0,4,0,4
"8768","G0877","G0877_08","inactive",47,68,110,69,82,88,40,92
"8769","G0877","G0877_09","inactive",11,20,24,12,19,25,7,20
"8770","G0877","G0877_10","inactive",9,13,18,3,11,14,4,6
"8771","G0878","G0878_01","increasing",2,1,5,5,5,4,3,3
"8772","G0878","G0878_02","increasing",4,8,2,3,15,9,3,4
"8773","G0878","G0878_03","increasing",15,18,32,19,22,28,7,30
"8774","G0878","G0878_04","increasing",3,20,23,13,16,24,6,16
"8775","G0878","G0878_05","increasing",0,8,8,2,3,11,6,7
"8776","G0878","G0878_06","increasing",3,0,5,8,3,6,0,10
"8777","G0878","G0878_07","increasing",8,12,28,10,18,19,10,16
"8778","G0878","G0878_08","increasing",4,3,15,9,1,13,3,17
"8779","G0878","G0878_09","increasing",11,10,23,19,25,25,7,17
"8780","G0878","G0878_10","increasing",8,10,18,12,10,7,8,14
"8781","G0879","G0879_01","inactive",12,7,23,10,13,20,6,19
"8782","G0879","G0879_02","inactive",4,1,4,7,2,7,2,7
"8783","G0879","G0879_03","inactive",6,3,9,8,5,10,3,8
"8784","G0879","G0879_04","inactive",7,8,4,7,1,19,1,10
"8785","G0879","G0879_05","inactive",2,11,15,5,16,16,3,8
"8786","G0879","G0879_06","inactive",3,13,15,7,10,12,12,16
"8787","G0879","G0879_07","inactive",7,3,4,8,8,8,2,4
"8788","G0879","G0879_08","inactive",6,9,9,7,11,11,2,7
"8789","G0879","G0879_09","inactive",6,12,20,10,9,16,5,17
"8790","G0879","G0879_10","inactive",3,7,7,9,5,5,0,4
"8791","G0880","G0880_01","inactive",18,29,39,30,31,56,13,15
"8792","G0880","G0880_02","inactive",4,22,12,6,4,20,3,9
"8793","G0880","G0880_03","inactive",10,12,24,19,14,18,7,26
"8794","G0880","G0880_04","inactive",2,7,6,10,5,10,0,12
"8795","G0880","G0880_05","inactive",3,2,3,1,1,5,0,0
"8796","G0880","G0880_06","inactive",4,2,9,11,5,8,7,10
"8797","G0880","G0880_07","inactive",0,5,11,3,7,7,3,2
"8798","G0880","G0880_08","inactive",4,7,5,5,4,12,2,2
"8799","G0880","G0880_09","inactive",1,7,8,13,6,10,5,7
"8800","G0880","G0880_10","inactive",2,2,5,2,3,10,0,6
"8801","G0881","G0881_01","increasing",0,0,2,3,0,2,1,2
"8802","G0881","G0881_02","increasing",1,2,5,4,2,6,2,3
"8803","G0881","G0881_03","increasing",16,21,27,29,36,42,22,31
"8804","G0881","G0881_04","increasing",2,9,24,21,8,21,9,28
"8805","G0881","G0881_05","increasing",6,7,11,6,6,10,8,10
"8806","G0881","G0881_06","increasing",8,9,18,10,10,14,4,13
"8807","G0881","G0881_07","increasing",0,1,6,2,2,3,1,1
"8808","G0881","G0881_08","increasing",0,8,7,7,9,8,5,8
"8809","G0881","G0881_09","increasing",2,9,7,8,8,17,1,14
"8810","G0881","G0881_10","increasing",2,0,2,1,2,0,1,4
"8811","G0882","G0882_01","inactive",9,11,46,21,16,38,14,16
"8812","G0882","G0882_02","inactive",9,14,10,14,10,10,0,9
"8813","G0882","G0882_03","inactive",2,2,11,2,5,6,2,5
"8814","G0882","G0882_04","inactive",10,16,16,18,19,14,8,16
"8815","G0882","G0882_05","inactive",3,11,7,9,4,7,6,11
"8816","G0882","G0882_06","inactive",1,0,3,0,1,2,0,0
"8817","G0882","G0882_07","inactive",2,3,12,11,6,1,4,4
"8818","G0882","G0882_08","inactive",1,4,2,8,1,6,1,7
"8819","G0882","G0882_09","inactive",4,8,21,8,8,10,3,10
"8820","G0882","G0882_10","inactive",7,9,9,13,13,15,3,13
"8821","G0883","G0883_01","inactive",9,15,20,12,8,21,10,12
"8822","G0883","G0883_02","inactive",0,2,3,6,4,1,2,5
"8823","G0883","G0883_03","inactive",0,5,2,0,1,0,2,1
"8824","G0883","G0883_04","inactive",5,20,16,20,9,26,11,24
"8825","G0883","G0883_05","inactive",1,0,4,1,0,0,0,0
"8826","G0883","G0883_06","inactive",15,26,28,27,15,48,7,38
"8827","G0883","G0883_07","inactive",15,15,30,9,15,26,13,31
"8828","G0883","G0883_08","inactive",13,13,24,10,21,17,2,21
"8829","G0883","G0883_09","inactive",1,4,10,1,2,7,1,13
"8830","G0883","G0883_10","inactive",11,3,11,15,10,10,5,10
"8831","G0884","G0884_01","inactive",1,0,1,3,3,5,0,7
"8832","G0884","G0884_02","inactive",2,4,3,4,4,7,1,8
"8833","G0884","G0884_03","inactive",6,9,15,1,6,21,4,9
"8834","G0884","G0884_04","inactive",26,26,56,40,37,35,11,39
"8835","G0884","G0884_05","inactive",8,10,24,9,15,9,8,7
"8836","G0884","G0884_06","inactive",3,5,11,8,7,9,3,11
"8837","G0884","G0884_07","inactive",2,4,2,0,7,8,0,4
"8838","G0884","G0884_08","inactive",12,6,18,9,15,13,8,16
"8839","G0884","G0884_09","inactive",3,10,7,6,10,13,2,4
"8840","G0884","G0884_10","inactive",2,4,4,2,1,3,1,2
"8841","G0885","G0885_01","inactive",2,7,1,2,4,6,1,6
"8842","G0885","G0885_02","inactive",5,8,4,8,10,24,8,7
"8843","G0885","G0885_03","inactive",0,7,4,3,2,6,1,2
"8844","G0885","G0885_04","inactive",11,13,18,10,15,16,5,23
"8845","G0885","G0885_05","inactive",5,10,4,1,7,7,1,3
"8846","G0885","G0885_06","inactive",17,13,25,10,15,29,11,19
"8847","G0885","G0885_07","inactive",4,5,4,2,2,9,0,8
"8848","G0885","G0885_08","inactive",2,2,2,4,1,6,2,6
"8849","G0885","G0885_09","inactive",3,4,0,2,4,8,1,6
"8850","G0885","G0885_10","inactive",2,4,5,5,4,10,5,6
"8851","G0886","G0886_01","negcontrol",3,3,4,0,3,2,1,0
"8852","G0886","G0886_02","negcontrol",2,6,9,6,5,9,2,20
"8853","G0886","G0886_03","negcontrol",8,22,17,5,14,20,4,8
"8854","G0886","G0886_04","negcontrol",10,9,4,4,6,10,4,7
"8855","G0886","G0886_05","negcontrol",2,6,6,3,3,9,1,5
"8856","G0886","G0886_06","negcontrol",13,14,26,14,13,26,5,9
"8857","G0886","G0886_07","negcontrol",0,6,9,2,5,7,2,3
"8858","G0886","G0886_08","negcontrol",0,0,2,3,3,1,0,2
"8859","G0886","G0886_09","negcontrol",10,10,12,12,11,12,6,7
"8860","G0886","G0886_10","negcontrol",2,7,10,9,7,4,1,5
"8861","G0887","G0887_01","inactive",8,2,15,13,12,7,0,26
"8862","G0887","G0887_02","inactive",19,8,35,21,17,13,15,24
"8863","G0887","G0887_03","inactive",3,5,6,1,0,3,3,2
"8864","G0887","G0887_04","inactive",3,15,12,5,11,15,5,9
"8865","G0887","G0887_05","inactive",4,8,9,6,7,23,3,10
"8866","G0887","G0887_06","inactive",10,6,17,16,12,13,9,14
"8867","G0887","G0887_07","inactive",4,1,8,4,1,5,1,7
"8868","G0887","G0887_08","inactive",10,11,25,13,24,12,5,12
"8869","G0887","G0887_09","inactive",7,3,7,10,7,12,3,18
"8870","G0887","G0887_10","inactive",0,3,8,1,0,12,2,2
"8871","G0888","G0888_01","inactive",2,3,9,7,4,12,4,7
"8872","G0888","G0888_02","inactive",9,2,5,4,8,6,0,7
"8873","G0888","G0888_03","inactive",3,3,3,3,11,3,0,2
"8874","G0888","G0888_04","inactive",14,14,29,22,21,31,8,21
"8875","G0888","G0888_05","inactive",1,4,6,8,5,12,1,12
"8876","G0888","G0888_06","inactive",4,10,11,5,10,23,6,12
"8877","G0888","G0888_07","inactive",5,3,6,1,10,5,3,6
"8878","G0888","G0888_08","inactive",6,16,10,8,7,15,5,6
"8879","G0888","G0888_09","inactive",4,4,9,11,15,12,1,16
"8880","G0888","G0888_10","inactive",5,14,12,7,8,21,2,12
"8881","G0889","G0889_01","inactive",12,9,19,7,15,17,7,10
"8882","G0889","G0889_02","inactive",0,6,4,2,3,13,1,5
"8883","G0889","G0889_03","inactive",2,5,1,10,5,15,2,9
"8884","G0889","G0889_04","inactive",4,9,7,7,4,16,0,7
"8885","G0889","G0889_05","inactive",6,7,12,4,9,16,3,7
"8886","G0889","G0889_06","inactive",1,8,10,1,6,11,5,11
"8887","G0889","G0889_07","inactive",4,12,20,13,7,20,13,14
"8888","G0889","G0889_08","inactive",19,11,18,16,28,24,2,15
"8889","G0889","G0889_09","inactive",6,6,3,2,1,8,0,3
"8890","G0889","G0889_10","inactive",4,14,9,17,14,19,4,13
"8891","G0890","G0890_01","inactive",12,13,28,16,20,21,7,23
"8892","G0890","G0890_02","inactive",5,0,9,9,3,4,2,6
"8893","G0890","G0890_03","inactive",15,20,14,19,25,21,4,14
"8894","G0890","G0890_04","inactive",3,4,4,6,8,9,1,4
"8895","G0890","G0890_05","inactive",1,8,11,8,1,8,0,5
"8896","G0890","G0890_06","inactive",4,9,5,4,5,12,1,2
"8897","G0890","G0890_07","inactive",3,3,5,5,3,8,1,3
"8898","G0890","G0890_08","inactive",10,7,10,7,7,15,3,10
"8899","G0890","G0890_09","inactive",0,6,2,2,3,7,3,1
"8900","G0890","G0890_10","inactive",11,16,37,23,22,46,13,21
"8901","G0891","G0891_01","decreasing",2,7,17,4,4,6,2,4
"8902","G0891","G0891_02","decreasing",0,1,3,5,2,9,1,7
"8903","G0891","G0891_03","decreasing",11,7,12,9,7,4,0,4
"8904","G0891","G0891_04","decreasing",2,3,3,6,1,2,2,7
"8905","G0891","G0891_05","decreasing",4,11,15,7,3,8,3,10
"8906","G0891","G0891_06","decreasing",7,17,28,21,15,18,8,10
"8907","G0891","G0891_07","decreasing",20,27,55,43,16,20,8,40
"8908","G0891","G0891_08","decreasing",9,16,34,15,16,16,10,10
"8909","G0891","G0891_09","decreasing",1,1,9,2,3,1,0,4
"8910","G0891","G0891_10","decreasing",8,13,24,17,13,15,5,13
"8911","G0892","G0892_01","inactive",12,18,22,14,21,25,9,22
"8912","G0892","G0892_02","inactive",4,9,8,3,4,14,2,4
"8913","G0892","G0892_03","inactive",3,6,19,5,4,9,6,5
"8914","G0892","G0892_04","inactive",6,16,12,9,7,17,6,13
"8915","G0892","G0892_05","inactive",6,4,13,4,4,11,6,7
"8916","G0892","G0892_06","inactive",1,5,4,6,3,3,0,5
"8917","G0892","G0892_07","inactive",2,6,1,2,6,8,2,1
"8918","G0892","G0892_08","inactive",5,8,7,2,10,8,2,3
"8919","G0892","G0892_09","inactive",28,30,38,22,24,55,14,37
"8920","G0892","G0892_10","inactive",2,0,5,0,5,7,0,1
"8921","G0893","G0893_01","increasing",0,0,3,0,2,0,0,1
"8922","G0893","G0893_02","increasing",20,24,32,22,39,54,17,44
"8923","G0893","G0893_03","increasing",2,9,6,3,8,21,2,3
"8924","G0893","G0893_04","increasing",15,17,35,27,44,40,15,54
"8925","G0893","G0893_05","increasing",4,7,8,1,4,14,4,2
"8926","G0893","G0893_06","increasing",5,3,12,12,6,7,6,13
"8927","G0893","G0893_07","increasing",6,12,6,5,9,14,3,7
"8928","G0893","G0893_08","increasing",0,5,6,0,3,17,1,5
"8929","G0893","G0893_09","increasing",10,14,17,16,3,22,5,10
"8930","G0893","G0893_10","increasing",6,2,4,5,9,15,2,6
"8931","G0894","G0894_01","inactive",13,35,37,22,21,28,9,34
"8932","G0894","G0894_02","inactive",36,52,75,33,33,79,24,46
"8933","G0894","G0894_03","inactive",2,4,8,8,13,2,7,6
"8934","G0894","G0894_04","inactive",2,5,7,3,4,5,2,2
"8935","G0894","G0894_05","inactive",5,4,5,5,7,7,6,8
"8936","G0894","G0894_06","inactive",7,19,19,13,7,18,6,9
"8937","G0894","G0894_07","inactive",2,7,9,8,4,14,3,9
"8938","G0894","G0894_08","inactive",5,9,22,9,13,14,10,14
"8939","G0894","G0894_09","inactive",6,8,11,11,8,14,2,8
"8940","G0894","G0894_10","inactive",6,14,24,11,13,12,8,16
"8941","G0895","G0895_01","inactive",10,3,8,3,2,9,9,6
"8942","G0895","G0895_02","inactive",2,6,17,5,7,12,4,12
"8943","G0895","G0895_03","inactive",1,2,3,3,2,5,1,3
"8944","G0895","G0895_04","inactive",12,28,38,22,25,46,9,50
"8945","G0895","G0895_05","inactive",6,3,15,15,7,12,1,10
"8946","G0895","G0895_06","inactive",8,11,7,4,10,19,3,16
"8947","G0895","G0895_07","inactive",10,19,23,20,22,21,16,18
"8948","G0895","G0895_08","inactive",5,1,5,4,4,6,2,11
"8949","G0895","G0895_09","inactive",1,4,8,4,3,10,2,5
"8950","G0895","G0895_10","inactive",5,8,18,15,7,20,6,11
"8951","G0896","G0896_01","inactive",5,4,7,9,9,13,1,13
"8952","G0896","G0896_02","inactive",2,1,4,4,1,3,0,1
"8953","G0896","G0896_03","inactive",17,28,75,31,27,48,17,41
"8954","G0896","G0896_04","inactive",10,6,10,5,9,4,5,9
"8955","G0896","G0896_05","inactive",3,6,11,10,6,17,8,11
"8956","G0896","G0896_06","inactive",6,15,26,4,10,33,4,13
"8957","G0896","G0896_07","inactive",6,7,7,3,6,4,2,3
"8958","G0896","G0896_08","inactive",9,18,26,27,16,34,6,22
"8959","G0896","G0896_09","inactive",15,32,57,24,26,39,10,27
"8960","G0896","G0896_10","inactive",12,26,17,9,13,26,4,28
"8961","G0897","G0897_01","negcontrol",7,7,17,5,11,6,4,13
"8962","G0897","G0897_02","negcontrol",11,15,34,18,24,32,14,23
"8963","G0897","G0897_03","negcontrol",7,11,21,4,7,13,0,4
"8964","G0897","G0897_04","negcontrol",4,4,15,10,7,3,3,11
"8965","G0897","G0897_05","negcontrol",6,13,13,4,9,8,5,8
"8966","G0897","G0897_06","negcontrol",0,3,5,1,4,5,2,1
"8967","G0897","G0897_07","negcontrol",6,5,8,13,6,15,7,22
"8968","G0897","G0897_08","negcontrol",1,3,8,2,2,11,1,2
"8969","G0897","G0897_09","negcontrol",4,11,12,5,6,22,6,6
"8970","G0897","G0897_10","negcontrol",6,11,33,6,18,18,12,15
"8971","G0898","G0898_01","inactive",0,5,10,7,4,6,3,4
"8972","G0898","G0898_02","inactive",3,9,11,6,3,7,4,10
"8973","G0898","G0898_03","inactive",8,3,29,10,10,3,7,15
"8974","G0898","G0898_04","inactive",17,11,10,11,22,20,1,32
"8975","G0898","G0898_05","inactive",5,2,14,4,1,16,5,3
"8976","G0898","G0898_06","inactive",7,5,20,12,11,18,6,11
"8977","G0898","G0898_07","inactive",10,13,19,12,7,21,4,12
"8978","G0898","G0898_08","inactive",4,5,8,4,8,6,3,5
"8979","G0898","G0898_09","inactive",1,3,3,1,4,9,1,5
"8980","G0898","G0898_10","inactive",6,9,20,4,6,14,9,9
"8981","G0899","G0899_01","increasing",8,7,10,6,24,32,4,26
"8982","G0899","G0899_02","increasing",0,1,0,2,1,3,0,0
"8983","G0899","G0899_03","increasing",0,5,1,4,1,7,1,6
"8984","G0899","G0899_04","increasing",6,4,3,4,4,6,1,6
"8985","G0899","G0899_05","increasing",1,8,5,7,9,13,1,15
"8986","G0899","G0899_06","increasing",12,18,29,11,11,33,8,22
"8987","G0899","G0899_07","increasing",16,16,28,29,22,24,10,40
"8988","G0899","G0899_08","increasing",8,4,7,16,10,11,3,13
"8989","G0899","G0899_09","increasing",2,3,5,8,3,9,3,13
"8990","G0899","G0899_10","increasing",2,8,15,8,11,22,8,15
"8991","G0900","G0900_01","decreasing",4,7,9,4,7,10,3,13
"8992","G0900","G0900_02","decreasing",9,19,27,26,12,21,12,21
"8993","G0900","G0900_03","decreasing",4,10,12,7,3,3,2,4
"8994","G0900","G0900_04","decreasing",9,3,17,5,6,1,3,8
"8995","G0900","G0900_05","decreasing",3,14,10,10,7,19,2,8
"8996","G0900","G0900_06","decreasing",6,2,6,1,7,5,0,0
"8997","G0900","G0900_07","decreasing",5,13,25,8,10,14,2,8
"8998","G0900","G0900_08","decreasing",3,3,3,0,2,1,1,1
"8999","G0900","G0900_09","decreasing",15,21,22,19,19,26,3,10
"9000","G0900","G0900_10","decreasing",4,4,2,3,3,3,0,5
"9001","G0901","G0901_01","inactive",5,9,18,6,5,12,6,16
"9002","G0901","G0901_02","inactive",4,6,7,7,8,11,5,7
"9003","G0901","G0901_03","inactive",1,2,1,1,2,8,2,5
"9004","G0901","G0901_04","inactive",3,4,9,13,7,6,1,17
"9005","G0901","G0901_05","inactive",3,18,6,22,9,15,2,10
"9006","G0901","G0901_06","inactive",9,9,15,6,9,19,0,12
"9007","G0901","G0901_07","inactive",0,1,3,4,0,4,2,4
"9008","G0901","G0901_08","inactive",3,5,15,13,7,7,5,21
"9009","G0901","G0901_09","inactive",12,10,13,3,10,15,5,14
"9010","G0901","G0901_10","inactive",2,5,21,12,14,18,7,15
"9011","G0902","G0902_01","inactive",4,4,16,8,4,9,5,10
"9012","G0902","G0902_02","inactive",0,8,13,6,0,4,5,5
"9013","G0902","G0902_03","inactive",1,9,20,2,9,18,4,14
"9014","G0902","G0902_04","inactive",5,8,9,6,8,8,1,6
"9015","G0902","G0902_05","inactive",2,2,1,1,3,1,1,1
"9016","G0902","G0902_06","inactive",4,11,17,21,15,20,11,25
"9017","G0902","G0902_07","inactive",17,32,52,17,22,47,12,31
"9018","G0902","G0902_08","inactive",8,7,14,5,5,5,0,6
"9019","G0902","G0902_09","inactive",16,16,30,11,16,23,7,19
"9020","G0902","G0902_10","inactive",3,7,6,3,4,5,8,10
"9021","G0903","G0903_01","inactive",6,7,15,7,9,13,5,8
"9022","G0903","G0903_02","inactive",1,1,6,3,2,1,2,5
"9023","G0903","G0903_03","inactive",8,1,10,2,10,6,2,3
"9024","G0903","G0903_04","inactive",5,7,14,6,5,11,4,11
"9025","G0903","G0903_05","inactive",4,4,22,8,5,20,7,13
"9026","G0903","G0903_06","inactive",5,5,12,19,7,11,3,13
"9027","G0903","G0903_07","inactive",7,17,20,11,14,17,8,16
"9028","G0903","G0903_08","inactive",8,6,20,8,11,33,5,13
"9029","G0903","G0903_09","inactive",2,0,9,9,9,3,1,19
"9030","G0903","G0903_10","inactive",4,5,1,1,1,11,2,6
"9031","G0904","G0904_01","inactive",1,3,3,8,2,2,3,3
"9032","G0904","G0904_02","inactive",8,13,11,6,14,17,1,16
"9033","G0904","G0904_03","inactive",6,7,3,5,9,4,1,4
"9034","G0904","G0904_04","inactive",3,2,3,1,1,3,3,5
"9035","G0904","G0904_05","inactive",0,0,5,3,2,1,2,3
"9036","G0904","G0904_06","inactive",4,12,5,12,8,17,6,8
"9037","G0904","G0904_07","inactive",3,3,4,3,4,5,1,3
"9038","G0904","G0904_08","inactive",13,1,10,6,9,5,5,8
"9039","G0904","G0904_09","inactive",4,8,11,11,8,12,5,14
"9040","G0904","G0904_10","inactive",21,11,19,11,18,17,8,23
"9041","G0905","G0905_01","inactive",8,6,28,10,12,19,6,18
"9042","G0905","G0905_02","inactive",5,2,8,7,3,11,3,13
"9043","G0905","G0905_03","inactive",0,4,9,2,6,8,1,2
"9044","G0905","G0905_04","inactive",3,2,5,4,2,1,1,9
"9045","G0905","G0905_05","inactive",18,17,15,2,12,24,5,9
"9046","G0905","G0905_06","inactive",9,15,16,11,20,30,6,17
"9047","G0905","G0905_07","inactive",0,2,3,0,1,0,1,2
"9048","G0905","G0905_08","inactive",9,6,19,17,12,13,7,18
"9049","G0905","G0905_09","inactive",3,2,9,14,11,2,3,6
"9050","G0905","G0905_10","inactive",7,8,2,3,3,4,1,3
"9051","G0906","G0906_01","inactive",12,10,21,10,10,12,6,13
"9052","G0906","G0906_02","inactive",0,1,2,4,2,4,3,2
"9053","G0906","G0906_03","inactive",6,11,18,18,15,8,9,10
"9054","G0906","G0906_04","inactive",5,5,15,7,8,5,2,5
"9055","G0906","G0906_05","inactive",14,13,19,22,11,19,6,28
"9056","G0906","G0906_06","inactive",7,5,26,12,6,12,3,6
"9057","G0906","G0906_07","inactive",0,1,3,0,0,1,1,2
"9058","G0906","G0906_08","inactive",1,3,3,8,3,7,1,4
"9059","G0906","G0906_09","inactive",27,24,41,33,28,19,12,51
"9060","G0906","G0906_10","inactive",10,25,43,32,26,45,13,31
"9061","G0907","G0907_01","inactive",6,10,23,17,12,13,2,10
"9062","G0907","G0907_02","inactive",4,4,6,6,4,12,1,1
"9063","G0907","G0907_03","inactive",1,1,2,2,1,2,1,0
"9064","G0907","G0907_04","inactive",1,4,9,7,4,2,2,12
"9065","G0907","G0907_05","inactive",1,5,12,4,0,7,4,14
"9066","G0907","G0907_06","inactive",37,39,66,51,53,67,26,74
"9067","G0907","G0907_07","inactive",12,15,17,14,16,21,6,23
"9068","G0907","G0907_08","inactive",11,6,10,7,6,8,6,4
"9069","G0907","G0907_09","inactive",14,14,25,12,18,22,7,12
"9070","G0907","G0907_10","inactive",15,3,21,17,17,15,9,19
"9071","G0908","G0908_01","decreasing",3,6,8,4,4,13,2,1
"9072","G0908","G0908_02","decreasing",5,14,23,12,8,14,6,15
"9073","G0908","G0908_03","decreasing",11,9,19,7,9,6,4,2
"9074","G0908","G0908_04","decreasing",10,11,11,11,8,14,2,15
"9075","G0908","G0908_05","decreasing",0,6,5,1,0,10,2,1
"9076","G0908","G0908_06","decreasing",0,1,2,3,0,3,0,5
"9077","G0908","G0908_07","decreasing",2,9,3,3,1,6,0,5
"9078","G0908","G0908_08","decreasing",7,18,11,8,1,9,3,8
"9079","G0908","G0908_09","decreasing",3,5,14,5,6,9,0,2
"9080","G0908","G0908_10","decreasing",12,11,41,29,15,13,9,19
"9081","G0909","G0909_01","inactive",18,38,61,25,27,67,13,38
"9082","G0909","G0909_02","inactive",4,2,10,4,6,1,2,3
"9083","G0909","G0909_03","inactive",11,15,25,14,5,28,3,16
"9084","G0909","G0909_04","inactive",13,34,33,32,20,39,10,30
"9085","G0909","G0909_05","inactive",2,10,7,6,10,11,4,9
"9086","G0909","G0909_06","inactive",1,7,1,6,5,7,1,17
"9087","G0909","G0909_07","inactive",5,6,7,4,5,5,3,1
"9088","G0909","G0909_08","inactive",3,6,3,2,6,7,0,5
"9089","G0909","G0909_09","inactive",52,72,136,58,84,108,44,106
"9090","G0909","G0909_10","inactive",7,14,12,14,12,11,3,19
"9091","G0910","G0910_01","inactive",3,12,23,6,6,22,10,10
"9092","G0910","G0910_02","inactive",0,3,3,0,1,9,0,1
"9093","G0910","G0910_03","inactive",2,1,1,2,0,7,2,1
"9094","G0910","G0910_04","inactive",10,8,18,5,10,9,8,15
"9095","G0910","G0910_05","inactive",7,4,13,9,6,6,5,10
"9096","G0910","G0910_06","inactive",19,10,28,17,23,17,4,16
"9097","G0910","G0910_07","inactive",6,14,16,10,10,14,5,18
"9098","G0910","G0910_08","inactive",18,26,43,25,30,36,15,40
"9099","G0910","G0910_09","inactive",22,19,37,22,26,23,13,27
"9100","G0910","G0910_10","inactive",5,2,9,3,6,11,7,5
"9101","G0911","G0911_01","inactive",3,6,12,8,9,7,4,10
"9102","G0911","G0911_02","inactive",4,9,17,9,5,15,4,3
"9103","G0911","G0911_03","inactive",5,5,11,9,8,15,0,10
"9104","G0911","G0911_04","inactive",1,10,21,5,5,8,4,14
"9105","G0911","G0911_05","inactive",2,2,4,5,9,9,4,7
"9106","G0911","G0911_06","inactive",5,3,4,2,5,7,0,7
"9107","G0911","G0911_07","inactive",2,7,7,7,3,6,1,7
"9108","G0911","G0911_08","inactive",0,0,1,3,0,0,0,2
"9109","G0911","G0911_09","inactive",4,9,11,1,3,1,2,7
"9110","G0911","G0911_10","inactive",1,3,8,1,4,5,0,2
"9111","G0912","G0912_01","inactive",6,7,17,4,19,7,3,14
"9112","G0912","G0912_02","inactive",5,5,12,8,10,24,6,8
"9113","G0912","G0912_03","inactive",11,26,20,24,20,35,6,30
"9114","G0912","G0912_04","inactive",1,5,1,7,3,11,2,9
"9115","G0912","G0912_05","inactive",2,11,5,14,3,17,4,9
"9116","G0912","G0912_06","inactive",8,16,21,9,17,26,7,25
"9117","G0912","G0912_07","inactive",3,4,3,4,4,6,0,3
"9118","G0912","G0912_08","inactive",0,5,8,5,3,8,2,6
"9119","G0912","G0912_09","inactive",16,19,25,20,29,24,3,17
"9120","G0912","G0912_10","inactive",0,4,9,2,4,3,1,8
"9121","G0913","G0913_01","inactive",9,12,7,13,6,7,6,15
"9122","G0913","G0913_02","inactive",19,15,31,26,30,31,13,29
"9123","G0913","G0913_03","inactive",4,4,13,8,5,10,0,13
"9124","G0913","G0913_04","inactive",14,22,31,19,16,29,8,17
"9125","G0913","G0913_05","inactive",5,8,5,4,5,6,1,3
"9126","G0913","G0913_06","inactive",7,4,3,1,5,9,0,1
"9127","G0913","G0913_07","inactive",7,3,12,2,6,7,6,6
"9128","G0913","G0913_08","inactive",0,0,4,1,0,2,4,3
"9129","G0913","G0913_09","inactive",3,12,6,6,4,11,1,7
"9130","G0913","G0913_10","inactive",9,13,21,19,7,16,10,24
"9131","G0914","G0914_01","inactive",8,15,48,20,17,24,10,26
"9132","G0914","G0914_02","inactive",1,7,3,6,3,10,0,13
"9133","G0914","G0914_03","inactive",7,13,3,14,2,21,2,11
"9134","G0914","G0914_04","inactive",3,8,15,11,5,16,3,13
"9135","G0914","G0914_05","inactive",4,5,11,4,7,13,2,4
"9136","G0914","G0914_06","inactive",3,6,0,6,7,5,0,7
"9137","G0914","G0914_07","inactive",2,9,6,10,4,12,2,8
"9138","G0914","G0914_08","inactive",22,38,30,33,28,40,12,39
"9139","G0914","G0914_09","inactive",0,2,1,4,0,5,0,4
"9140","G0914","G0914_10","inactive",9,16,31,7,15,9,15,27
"9141","G0915","G0915_01","inactive",13,11,19,17,11,28,5,24
"9142","G0915","G0915_02","inactive",11,34,22,16,18,40,6,22
"9143","G0915","G0915_03","inactive",3,11,14,11,9,21,4,23
"9144","G0915","G0915_04","inactive",1,4,10,3,6,5,4,0
"9145","G0915","G0915_05","inactive",17,15,21,20,14,35,4,25
"9146","G0915","G0915_06","inactive",8,25,28,20,9,26,6,23
"9147","G0915","G0915_07","inactive",3,4,13,17,14,9,2,12
"9148","G0915","G0915_08","inactive",2,3,10,7,5,4,4,7
"9149","G0915","G0915_09","inactive",7,9,20,15,12,15,10,8
"9150","G0915","G0915_10","inactive",4,9,16,6,9,16,5,12
"9151","G0916","G0916_01","inactive",2,5,15,9,3,13,8,11
"9152","G0916","G0916_02","inactive",12,32,46,19,22,34,12,37
"9153","G0916","G0916_03","inactive",2,1,3,8,3,9,0,4
"9154","G0916","G0916_04","inactive",7,15,14,12,9,19,5,12
"9155","G0916","G0916_05","inactive",0,1,5,3,2,2,2,1
"9156","G0916","G0916_06","inactive",3,8,9,10,6,10,3,12
"9157","G0916","G0916_07","inactive",4,5,5,10,14,11,3,12
"9158","G0916","G0916_08","inactive",17,22,38,23,28,52,15,32
"9159","G0916","G0916_09","inactive",13,31,69,16,17,40,18,38
"9160","G0916","G0916_10","inactive",8,22,31,22,21,28,11,28
"9161","G0917","G0917_01","inactive",10,31,24,23,21,38,9,22
"9162","G0917","G0917_02","inactive",4,1,3,1,2,7,2,2
"9163","G0917","G0917_03","inactive",4,6,19,5,8,15,4,10
"9164","G0917","G0917_04","inactive",8,4,15,4,15,9,2,8
"9165","G0917","G0917_05","inactive",5,4,10,7,1,10,1,5
"9166","G0917","G0917_06","inactive",4,11,11,10,7,24,1,18
"9167","G0917","G0917_07","inactive",7,16,26,11,19,19,9,22
"9168","G0917","G0917_08","inactive",4,4,3,7,1,2,3,11
"9169","G0917","G0917_09","inactive",8,17,30,24,18,18,9,30
"9170","G0917","G0917_10","inactive",3,1,13,3,2,5,1,7
"9171","G0918","G0918_01","inactive",4,6,9,7,7,9,4,10
"9172","G0918","G0918_02","inactive",2,8,7,2,2,10,1,0
"9173","G0918","G0918_03","inactive",16,8,16,10,17,18,4,20
"9174","G0918","G0918_04","inactive",4,3,7,6,8,6,2,13
"9175","G0918","G0918_05","inactive",1,5,7,6,3,8,2,6
"9176","G0918","G0918_06","inactive",1,3,5,8,1,9,4,4
"9177","G0918","G0918_07","inactive",7,10,14,11,11,11,7,8
"9178","G0918","G0918_08","inactive",10,11,17,12,10,27,4,13
"9179","G0918","G0918_09","inactive",8,10,21,6,18,8,4,8
"9180","G0918","G0918_10","inactive",2,3,5,10,1,8,3,5
"9181","G0919","G0919_01","inactive",6,17,31,12,18,18,15,19
"9182","G0919","G0919_02","inactive",1,14,8,12,4,15,2,10
"9183","G0919","G0919_03","inactive",3,9,5,8,5,8,1,12
"9184","G0919","G0919_04","inactive",3,4,4,5,2,6,2,9
"9185","G0919","G0919_05","inactive",7,7,7,0,8,10,4,6
"9186","G0919","G0919_06","inactive",5,2,4,2,3,6,1,5
"9187","G0919","G0919_07","inactive",6,11,5,7,18,23,1,10
"9188","G0919","G0919_08","inactive",2,11,3,4,2,8,0,5
"9189","G0919","G0919_09","inactive",5,2,4,1,12,6,2,3
"9190","G0919","G0919_10","inactive",15,12,21,14,17,26,5,17
"9191","G0920","G0920_01","decreasing",16,6,25,11,16,15,6,16
"9192","G0920","G0920_02","decreasing",3,3,2,5,6,2,2,3
"9193","G0920","G0920_03","decreasing",3,12,32,16,13,26,11,16
"9194","G0920","G0920_04","decreasing",4,4,7,2,2,2,3,5
"9195","G0920","G0920_05","decreasing",4,9,17,4,8,12,3,5
"9196","G0920","G0920_06","decreasing",13,28,37,16,11,19,10,17
"9197","G0920","G0920_07","decreasing",9,9,11,12,4,13,3,10
"9198","G0920","G0920_08","decreasing",10,21,33,9,16,25,6,21
"9199","G0920","G0920_09","decreasing",12,21,23,20,19,26,11,31
"9200","G0920","G0920_10","decreasing",12,9,9,12,13,5,4,13
"9201","G0921","G0921_01","inactive",1,2,1,0,0,1,0,0
"9202","G0921","G0921_02","inactive",23,24,56,26,27,29,19,42
"9203","G0921","G0921_03","inactive",8,14,17,8,3,25,6,5
"9204","G0921","G0921_04","inactive",10,8,13,9,20,17,4,10
"9205","G0921","G0921_05","inactive",3,7,1,4,1,3,3,3
"9206","G0921","G0921_06","inactive",1,4,4,4,4,4,4,1
"9207","G0921","G0921_07","inactive",8,7,21,8,16,17,9,21
"9208","G0921","G0921_08","inactive",8,9,14,6,17,20,7,16
"9209","G0921","G0921_09","inactive",11,8,22,7,7,7,11,8
"9210","G0921","G0921_10","inactive",2,5,5,6,1,1,1,7
"9211","G0922","G0922_01","inactive",7,10,15,8,10,16,4,7
"9212","G0922","G0922_02","inactive",7,6,19,8,4,19,1,6
"9213","G0922","G0922_03","inactive",4,4,15,5,8,5,3,2
"9214","G0922","G0922_04","inactive",7,15,9,5,7,13,4,11
"9215","G0922","G0922_05","inactive",5,7,10,11,8,6,0,10
"9216","G0922","G0922_06","inactive",7,7,9,7,5,1,1,4
"9217","G0922","G0922_07","inactive",7,17,28,16,25,19,13,15
"9218","G0922","G0922_08","inactive",3,14,8,9,4,17,5,4
"9219","G0922","G0922_09","inactive",3,3,6,8,4,9,2,18
"9220","G0922","G0922_10","inactive",3,4,9,2,8,7,10,4
"9221","G0923","G0923_01","increasing",34,40,67,35,41,61,24,41
"9222","G0923","G0923_02","increasing",1,4,4,3,3,6,1,11
"9223","G0923","G0923_03","increasing",15,15,13,10,10,13,3,5
"9224","G0923","G0923_04","increasing",1,4,7,6,6,2,2,5
"9225","G0923","G0923_05","increasing",4,2,4,3,16,9,1,5
"9226","G0923","G0923_06","increasing",1,3,7,5,4,10,2,6
"9227","G0923","G0923_07","increasing",3,8,10,7,10,16,4,7
"9228","G0923","G0923_08","increasing",8,6,8,3,14,18,6,9
"9229","G0923","G0923_09","increasing",0,1,2,4,6,3,0,8
"9230","G0923","G0923_10","increasing",5,9,2,4,8,2,1,12
"9231","G0924","G0924_01","inactive",1,2,10,4,3,3,2,3
"9232","G0924","G0924_02","inactive",2,12,10,10,8,20,2,7
"9233","G0924","G0924_03","inactive",2,10,12,11,4,5,2,15
"9234","G0924","G0924_04","inactive",14,12,38,21,22,20,14,40
"9235","G0924","G0924_05","inactive",10,11,28,18,18,13,8,17
"9236","G0924","G0924_06","inactive",10,10,37,15,12,23,8,23
"9237","G0924","G0924_07","inactive",4,11,12,7,2,14,1,11
"9238","G0924","G0924_08","inactive",2,5,11,7,9,10,8,7
"9239","G0924","G0924_09","inactive",1,4,5,2,7,4,3,0
"9240","G0924","G0924_10","inactive",2,8,7,4,2,13,5,16
"9241","G0925","G0925_01","decreasing",14,11,16,4,10,7,4,9
"9242","G0925","G0925_02","decreasing",17,10,42,15,20,13,2,27
"9243","G0925","G0925_03","decreasing",15,28,56,52,28,57,11,42
"9244","G0925","G0925_04","decreasing",2,10,28,14,7,9,5,19
"9245","G0925","G0925_05","decreasing",9,8,25,10,8,16,7,7
"9246","G0925","G0925_06","decreasing",6,10,18,10,8,11,3,12
"9247","G0925","G0925_07","decreasing",3,8,10,3,2,7,0,1
"9248","G0925","G0925_08","decreasing",3,1,5,8,6,5,3,6
"9249","G0925","G0925_09","decreasing",4,16,16,16,7,7,3,10
"9250","G0925","G0925_10","decreasing",10,10,13,5,7,2,3,5
"9251","G0926","G0926_01","inactive",5,5,15,11,3,10,6,10
"9252","G0926","G0926_02","inactive",9,11,12,10,9,7,5,6
"9253","G0926","G0926_03","inactive",3,6,8,8,10,12,1,21
"9254","G0926","G0926_04","inactive",7,10,2,7,6,9,3,9
"9255","G0926","G0926_05","inactive",8,13,26,15,17,20,4,32
"9256","G0926","G0926_06","inactive",4,6,1,1,4,0,0,3
"9257","G0926","G0926_07","inactive",17,13,12,14,19,16,8,24
"9258","G0926","G0926_08","inactive",3,3,12,12,9,12,4,9
"9259","G0926","G0926_09","inactive",3,5,13,16,12,10,10,13
"9260","G0926","G0926_10","inactive",5,9,4,2,8,20,1,6
"9261","G0927","G0927_01","decreasing",20,19,29,19,12,21,6,22
"9262","G0927","G0927_02","decreasing",20,18,33,10,11,14,5,4
"9263","G0927","G0927_03","decreasing",12,8,12,10,10,12,6,4
"9264","G0927","G0927_04","decreasing",13,22,18,15,8,27,6,18
"9265","G0927","G0927_05","decreasing",7,13,14,10,7,12,7,10
"9266","G0927","G0927_06","decreasing",19,17,40,32,27,11,9,24
"9267","G0927","G0927_07","decreasing",9,15,20,18,21,12,9,18
"9268","G0927","G0927_08","decreasing",12,17,34,21,12,8,10,24
"9269","G0927","G0927_09","decreasing",1,2,13,6,6,5,5,12
"9270","G0927","G0927_10","decreasing",6,7,13,15,8,11,4,13
"9271","G0928","G0928_01","inactive",7,17,28,16,17,20,14,22
"9272","G0928","G0928_02","inactive",7,7,14,6,7,8,6,13
"9273","G0928","G0928_03","inactive",1,1,4,3,1,4,1,4
"9274","G0928","G0928_04","inactive",14,29,56,33,28,56,9,28
"9275","G0928","G0928_05","inactive",0,1,2,3,2,5,3,7
"9276","G0928","G0928_06","inactive",4,6,12,7,9,9,4,12
"9277","G0928","G0928_07","inactive",11,19,40,19,15,29,8,25
"9278","G0928","G0928_08","inactive",2,11,8,8,4,15,4,7
"9279","G0928","G0928_09","inactive",2,1,7,4,0,7,2,4
"9280","G0928","G0928_10","inactive",7,14,22,8,8,8,7,7
"9281","G0929","G0929_01","inactive",6,20,15,10,5,16,2,14
"9282","G0929","G0929_02","inactive",15,32,32,40,22,43,18,44
"9283","G0929","G0929_03","inactive",19,17,60,23,22,36,24,46
"9284","G0929","G0929_04","inactive",5,13,12,10,12,14,4,14
"9285","G0929","G0929_05","inactive",1,2,7,7,3,3,1,10
"9286","G0929","G0929_06","inactive",2,1,4,2,9,4,1,7
"9287","G0929","G0929_07","inactive",3,3,2,3,1,4,1,3
"9288","G0929","G0929_08","inactive",15,11,23,14,17,21,10,25
"9289","G0929","G0929_09","inactive",6,11,20,10,12,10,6,14
"9290","G0929","G0929_10","inactive",1,3,2,0,4,4,1,1
"9291","G0930","G0930_01","inactive",10,8,11,6,11,10,4,6
"9292","G0930","G0930_02","inactive",0,0,4,3,2,5,2,4
"9293","G0930","G0930_03","inactive",16,20,39,38,29,34,7,46
"9294","G0930","G0930_04","inactive",7,5,14,12,10,12,2,15
"9295","G0930","G0930_05","inactive",1,1,19,8,5,6,5,12
"9296","G0930","G0930_06","inactive",24,17,35,25,18,25,13,32
"9297","G0930","G0930_07","inactive",5,18,20,15,12,33,6,25
"9298","G0930","G0930_08","inactive",10,13,20,9,9,14,8,28
"9299","G0930","G0930_09","inactive",5,1,11,7,7,3,2,4
"9300","G0930","G0930_10","inactive",7,3,8,6,8,4,1,6
"9301","G0931","G0931_01","decreasing",10,18,25,16,14,12,5,21
"9302","G0931","G0931_02","decreasing",34,32,54,40,28,51,21,52
"9303","G0931","G0931_03","decreasing",4,11,11,3,1,5,2,3
"9304","G0931","G0931_04","decreasing",0,0,0,3,0,0,0,0
"9305","G0931","G0931_05","decreasing",21,22,27,8,15,24,9,14
"9306","G0931","G0931_06","decreasing",8,15,9,14,7,14,1,15
"9307","G0931","G0931_07","decreasing",8,4,10,10,4,10,4,5
"9308","G0931","G0931_08","decreasing",4,3,3,10,4,0,1,4
"9309","G0931","G0931_09","decreasing",13,6,15,9,13,8,4,5
"9310","G0931","G0931_10","decreasing",8,7,24,9,15,6,7,11
"9311","G0932","G0932_01","inactive",11,7,11,12,10,20,7,12
"9312","G0932","G0932_02","inactive",5,5,11,6,11,22,3,9
"9313","G0932","G0932_03","inactive",12,14,8,5,14,14,7,10
"9314","G0932","G0932_04","inactive",5,5,9,2,10,6,2,7
"9315","G0932","G0932_05","inactive",6,13,7,6,6,15,3,19
"9316","G0932","G0932_06","inactive",4,2,2,1,3,3,0,1
"9317","G0932","G0932_07","inactive",8,15,16,12,5,25,4,15
"9318","G0932","G0932_08","inactive",3,11,11,7,7,8,2,6
"9319","G0932","G0932_09","inactive",4,3,7,6,6,7,1,5
"9320","G0932","G0932_10","inactive",1,2,8,0,0,3,3,4
"9321","G0933","G0933_01","inactive",8,9,29,11,7,10,5,16
"9322","G0933","G0933_02","inactive",2,11,13,3,6,16,2,11
"9323","G0933","G0933_03","inactive",0,0,1,1,2,0,0,4
"9324","G0933","G0933_04","inactive",2,6,3,4,5,1,2,6
"9325","G0933","G0933_05","inactive",2,6,13,5,1,11,2,14
"9326","G0933","G0933_06","inactive",3,8,13,7,12,9,3,9
"9327","G0933","G0933_07","inactive",6,18,19,12,9,16,7,22
"9328","G0933","G0933_08","inactive",11,17,10,15,18,19,10,31
"9329","G0933","G0933_09","inactive",4,11,17,10,13,4,4,7
"9330","G0933","G0933_10","inactive",2,1,6,4,4,6,0,3
"9331","G0934","G0934_01","decreasing",13,22,15,7,22,20,6,14
"9332","G0934","G0934_02","decreasing",9,13,32,14,20,24,5,19
"9333","G0934","G0934_03","decreasing",7,10,10,8,6,10,1,8
"9334","G0934","G0934_04","decreasing",11,15,41,16,19,29,8,30
"9335","G0934","G0934_05","decreasing",9,15,11,28,9,13,4,13
"9336","G0934","G0934_06","decreasing",3,7,14,6,2,17,2,8
"9337","G0934","G0934_07","decreasing",4,2,2,3,2,2,1,4
"9338","G0934","G0934_08","decreasing",13,23,19,24,8,23,5,19
"9339","G0934","G0934_09","decreasing",4,5,13,3,6,7,2,1
"9340","G0934","G0934_10","decreasing",10,16,36,17,15,15,11,14
"9341","G0935","G0935_01","inactive",11,5,7,7,9,5,6,11
"9342","G0935","G0935_02","inactive",6,6,2,5,3,10,3,15
"9343","G0935","G0935_03","inactive",3,7,17,13,8,21,2,10
"9344","G0935","G0935_04","inactive",6,11,13,4,3,10,5,7
"9345","G0935","G0935_05","inactive",5,14,7,3,7,9,5,8
"9346","G0935","G0935_06","inactive",6,6,5,8,1,8,2,10
"9347","G0935","G0935_07","inactive",0,2,2,12,5,5,0,2
"9348","G0935","G0935_08","inactive",11,9,15,12,4,13,6,10
"9349","G0935","G0935_09","inactive",0,3,6,1,1,6,0,4
"9350","G0935","G0935_10","inactive",9,12,13,15,12,24,2,20
"9351","G0936","G0936_01","inactive",21,29,43,21,17,39,14,39
"9352","G0936","G0936_02","inactive",0,3,3,3,0,1,1,1
"9353","G0936","G0936_03","inactive",12,17,25,14,16,21,8,21
"9354","G0936","G0936_04","inactive",6,6,8,2,8,14,1,3
"9355","G0936","G0936_05","inactive",4,12,16,13,2,8,6,7
"9356","G0936","G0936_06","inactive",4,9,25,13,15,14,8,22
"9357","G0936","G0936_07","inactive",2,4,8,3,8,9,0,6
"9358","G0936","G0936_08","inactive",8,10,11,7,15,13,4,14
"9359","G0936","G0936_09","inactive",9,20,25,21,15,44,4,33
"9360","G0936","G0936_10","inactive",6,6,9,2,9,8,2,2
"9361","G0937","G0937_01","inactive",4,12,15,15,12,14,3,5
"9362","G0937","G0937_02","inactive",20,36,61,42,35,43,17,35
"9363","G0937","G0937_03","inactive",6,15,29,11,7,24,8,18
"9364","G0937","G0937_04","inactive",8,6,10,5,7,10,4,19
"9365","G0937","G0937_05","inactive",0,2,7,2,1,1,2,4
"9366","G0937","G0937_06","inactive",8,10,16,13,14,22,3,19
"9367","G0937","G0937_07","inactive",15,22,53,24,28,29,19,25
"9368","G0937","G0937_08","inactive",5,15,12,5,6,17,4,12
"9369","G0937","G0937_09","inactive",2,2,7,3,3,3,2,3
"9370","G0937","G0937_10","inactive",5,1,9,9,7,3,4,11
"9371","G0938","G0938_01","inactive",4,5,10,7,6,14,6,10
"9372","G0938","G0938_02","inactive",5,1,11,3,10,4,2,2
"9373","G0938","G0938_03","inactive",8,7,8,5,10,13,1,20
"9374","G0938","G0938_04","inactive",6,11,4,3,2,8,1,5
"9375","G0938","G0938_05","inactive",2,0,4,3,2,0,5,1
"9376","G0938","G0938_06","inactive",11,16,22,14,18,23,13,19
"9377","G0938","G0938_07","inactive",3,6,1,6,0,18,0,4
"9378","G0938","G0938_08","inactive",5,15,7,8,7,19,3,10
"9379","G0938","G0938_09","inactive",4,4,8,8,7,8,1,11
"9380","G0938","G0938_10","inactive",5,11,25,19,9,25,5,15
"9381","G0939","G0939_01","decreasing",14,14,23,19,5,7,2,12
"9382","G0939","G0939_02","decreasing",2,2,1,2,2,1,0,4
"9383","G0939","G0939_03","decreasing",3,0,13,11,4,7,6,4
"9384","G0939","G0939_04","decreasing",8,10,4,8,4,3,1,5
"9385","G0939","G0939_05","decreasing",9,8,10,4,5,10,3,12
"9386","G0939","G0939_06","decreasing",10,14,23,14,4,5,1,14
"9387","G0939","G0939_07","decreasing",23,24,46,23,10,19,9,25
"9388","G0939","G0939_08","decreasing",2,2,3,3,0,1,1,1
"9389","G0939","G0939_09","decreasing",4,8,16,13,9,7,4,8
"9390","G0939","G0939_10","decreasing",16,8,39,25,7,10,4,17
"9391","G0940","G0940_01","inactive",2,7,8,2,8,7,3,4
"9392","G0940","G0940_02","inactive",12,8,24,14,18,26,5,22
"9393","G0940","G0940_03","inactive",8,2,2,4,9,2,3,4
"9394","G0940","G0940_04","inactive",1,5,20,9,3,8,5,14
"9395","G0940","G0940_05","inactive",4,9,6,3,8,14,1,4
"9396","G0940","G0940_06","inactive",4,1,13,3,4,4,1,6
"9397","G0940","G0940_07","inactive",4,6,17,6,7,19,1,9
"9398","G0940","G0940_08","inactive",7,2,6,9,6,16,3,13
"9399","G0940","G0940_09","inactive",2,2,9,5,8,12,6,4
"9400","G0940","G0940_10","inactive",1,3,7,5,3,11,3,6
"9401","G0941","G0941_01","inactive",10,17,19,28,15,17,3,16
"9402","G0941","G0941_02","inactive",1,4,8,6,9,10,2,6
"9403","G0941","G0941_03","inactive",4,9,21,14,10,14,4,14
"9404","G0941","G0941_04","inactive",1,3,5,1,1,4,2,2
"9405","G0941","G0941_05","inactive",5,7,7,14,3,8,5,7
"9406","G0941","G0941_06","inactive",6,8,9,13,12,13,3,26
"9407","G0941","G0941_07","inactive",5,7,22,8,11,7,7,13
"9408","G0941","G0941_08","inactive",4,7,12,5,3,12,6,6
"9409","G0941","G0941_09","inactive",4,9,12,9,11,15,3,6
"9410","G0941","G0941_10","inactive",12,22,37,22,25,43,16,31
"9411","G0942","G0942_01","inactive",11,24,35,19,21,27,11,29
"9412","G0942","G0942_02","inactive",3,1,8,0,11,4,2,3
"9413","G0942","G0942_03","inactive",5,10,14,12,9,23,4,30
"9414","G0942","G0942_04","inactive",5,10,22,16,22,11,6,30
"9415","G0942","G0942_05","inactive",14,31,24,18,19,26,11,29
"9416","G0942","G0942_06","inactive",6,7,7,8,2,5,0,10
"9417","G0942","G0942_07","inactive",10,11,16,7,16,23,11,16
"9418","G0942","G0942_08","inactive",7,9,4,10,3,6,0,3
"9419","G0942","G0942_09","inactive",12,7,19,6,10,8,4,18
"9420","G0942","G0942_10","inactive",10,6,30,13,14,16,12,15
"9421","G0943","G0943_01","inactive",2,3,7,0,0,4,1,8
"9422","G0943","G0943_02","inactive",6,5,9,7,4,9,4,5
"9423","G0943","G0943_03","inactive",0,6,3,3,2,12,0,5
"9424","G0943","G0943_04","inactive",3,6,7,4,2,5,1,9
"9425","G0943","G0943_05","inactive",8,4,11,7,9,16,5,15
"9426","G0943","G0943_06","inactive",7,8,18,9,8,14,7,17
"9427","G0943","G0943_07","inactive",17,17,27,19,16,27,6,16
"9428","G0943","G0943_08","inactive",9,4,9,4,5,6,1,2
"9429","G0943","G0943_09","inactive",1,8,8,3,6,4,4,12
"9430","G0943","G0943_10","inactive",17,34,37,23,17,38,14,33
"9431","G0944","G0944_01","inactive",0,2,5,0,3,3,3,4
"9432","G0944","G0944_02","inactive",12,23,24,14,8,25,11,18
"9433","G0944","G0944_03","inactive",0,6,2,5,6,10,3,5
"9434","G0944","G0944_04","inactive",9,14,44,15,10,18,14,21
"9435","G0944","G0944_05","inactive",3,8,9,9,5,7,3,10
"9436","G0944","G0944_06","inactive",5,10,3,3,8,11,1,9
"9437","G0944","G0944_07","inactive",17,29,62,25,25,45,22,46
"9438","G0944","G0944_08","inactive",14,18,48,16,25,33,9,25
"9439","G0944","G0944_09","inactive",25,31,45,29,30,43,15,37
"9440","G0944","G0944_10","inactive",2,2,12,7,0,7,1,4
"9441","G0945","G0945_01","inactive",8,13,6,16,11,20,1,11
"9442","G0945","G0945_02","inactive",18,24,33,23,21,42,9,26
"9443","G0945","G0945_03","inactive",5,4,7,5,4,10,0,4
"9444","G0945","G0945_04","inactive",4,5,10,9,4,15,1,14
"9445","G0945","G0945_05","inactive",0,3,4,1,4,2,1,7
"9446","G0945","G0945_06","inactive",0,2,4,3,1,1,3,3
"9447","G0945","G0945_07","inactive",2,2,2,4,3,4,2,3
"9448","G0945","G0945_08","inactive",8,8,5,4,7,11,3,9
"9449","G0945","G0945_09","inactive",14,13,22,13,11,27,18,17
"9450","G0945","G0945_10","inactive",7,10,18,10,9,13,6,15
"9451","G0946","G0946_01","inactive",14,20,24,15,11,26,7,29
"9452","G0946","G0946_02","inactive",10,11,17,17,18,20,11,15
"9453","G0946","G0946_03","inactive",9,8,28,16,21,30,3,18
"9454","G0946","G0946_04","inactive",6,20,25,15,9,30,6,12
"9455","G0946","G0946_05","inactive",10,6,27,20,10,11,12,32
"9456","G0946","G0946_06","inactive",5,5,4,4,5,7,0,12
"9457","G0946","G0946_07","inactive",1,4,3,7,6,8,3,2
"9458","G0946","G0946_08","inactive",1,12,3,14,2,5,0,15
"9459","G0946","G0946_09","inactive",3,6,4,3,6,7,6,4
"9460","G0946","G0946_10","inactive",4,14,19,1,7,14,1,8
"9461","G0947","G0947_01","inactive",3,2,0,3,1,4,0,2
"9462","G0947","G0947_02","inactive",5,5,4,3,7,10,2,4
"9463","G0947","G0947_03","inactive",9,16,19,9,3,9,6,20
"9464","G0947","G0947_04","inactive",7,10,14,12,10,16,5,19
"9465","G0947","G0947_05","inactive",14,14,36,26,34,29,8,36
"9466","G0947","G0947_06","inactive",3,3,3,2,2,8,2,0
"9467","G0947","G0947_07","inactive",13,23,21,19,27,30,14,23
"9468","G0947","G0947_08","inactive",0,5,5,4,0,4,3,2
"9469","G0947","G0947_09","inactive",1,7,16,14,1,0,4,8
"9470","G0947","G0947_10","inactive",10,21,22,16,18,21,9,20
"9471","G0948","G0948_01","inactive",5,4,8,5,7,9,6,6
"9472","G0948","G0948_02","inactive",5,6,12,8,8,15,3,5
"9473","G0948","G0948_03","inactive",1,3,7,10,4,13,2,4
"9474","G0948","G0948_04","inactive",6,8,7,5,4,5,4,2
"9475","G0948","G0948_05","inactive",0,4,2,2,1,0,2,2
"9476","G0948","G0948_06","inactive",1,1,6,2,5,1,3,1
"9477","G0948","G0948_07","inactive",5,9,10,4,13,7,7,6
"9478","G0948","G0948_08","inactive",6,16,12,13,14,15,10,20
"9479","G0948","G0948_09","inactive",4,2,5,3,4,5,1,4
"9480","G0948","G0948_10","inactive",1,4,4,0,6,2,1,1
"9481","G0949","G0949_01","inactive",3,5,7,7,7,7,0,10
"9482","G0949","G0949_02","inactive",13,23,20,12,12,25,6,30
"9483","G0949","G0949_03","inactive",2,3,14,5,4,11,2,3
"9484","G0949","G0949_04","inactive",6,9,15,9,5,13,4,10
"9485","G0949","G0949_05","inactive",1,2,3,1,6,3,0,5
"9486","G0949","G0949_06","inactive",4,2,4,8,4,2,1,10
"9487","G0949","G0949_07","inactive",26,29,40,30,23,48,18,38
"9488","G0949","G0949_08","inactive",9,17,12,9,12,18,2,15
"9489","G0949","G0949_09","inactive",0,4,2,1,1,6,1,3
"9490","G0949","G0949_10","inactive",0,3,6,3,2,5,3,3
"9491","G0950","G0950_01","inactive",4,6,13,5,8,7,3,10
"9492","G0950","G0950_02","inactive",5,6,7,14,8,10,3,8
"9493","G0950","G0950_03","inactive",4,4,28,10,9,9,4,7
"9494","G0950","G0950_04","inactive",4,5,6,8,2,7,3,6
"9495","G0950","G0950_05","inactive",7,12,6,9,8,18,3,11
"9496","G0950","G0950_06","inactive",4,6,11,7,4,11,1,5
"9497","G0950","G0950_07","inactive",9,9,14,16,19,15,12,14
"9498","G0950","G0950_08","inactive",2,0,10,12,4,2,1,13
"9499","G0950","G0950_09","inactive",1,13,16,7,8,26,3,8
"9500","G0950","G0950_10","inactive",3,5,6,2,5,5,3,2
"9501","G0951","G0951_01","decreasing",1,4,6,4,2,9,1,2
"9502","G0951","G0951_02","decreasing",6,13,20,27,22,21,6,21
"9503","G0951","G0951_03","decreasing",5,2,2,0,2,4,1,3
"9504","G0951","G0951_04","decreasing",6,11,30,9,5,9,8,4
"9505","G0951","G0951_05","decreasing",1,7,13,9,3,13,4,3
"9506","G0951","G0951_06","decreasing",8,3,2,1,5,5,0,3
"9507","G0951","G0951_07","decreasing",3,7,3,2,5,16,0,8
"9508","G0951","G0951_08","decreasing",2,4,4,7,7,9,2,17
"9509","G0951","G0951_09","decreasing",6,20,18,18,12,21,4,12
"9510","G0951","G0951_10","decreasing",3,9,4,8,5,11,1,8
"9511","G0952","G0952_01","inactive",15,27,27,45,20,40,4,38
"9512","G0952","G0952_02","inactive",0,1,4,1,4,4,2,4
"9513","G0952","G0952_03","inactive",4,3,2,6,1,4,0,10
"9514","G0952","G0952_04","inactive",3,5,13,1,5,10,6,2
"9515","G0952","G0952_05","inactive",1,5,4,1,6,5,2,0
"9516","G0952","G0952_06","inactive",5,13,4,2,5,13,3,13
"9517","G0952","G0952_07","inactive",19,14,30,23,21,24,11,19
"9518","G0952","G0952_08","inactive",4,7,14,8,7,5,8,14
"9519","G0952","G0952_09","inactive",3,11,8,8,2,17,5,5
"9520","G0952","G0952_10","inactive",5,7,9,9,11,20,3,17
"9521","G0953","G0953_01","decreasing",2,6,2,5,9,3,3,3
"9522","G0953","G0953_02","decreasing",10,7,30,15,12,23,7,21
"9523","G0953","G0953_03","decreasing",5,9,10,13,19,14,2,8
"9524","G0953","G0953_04","decreasing",1,6,13,10,2,8,0,17
"9525","G0953","G0953_05","decreasing",3,9,15,3,9,11,8,8
"9526","G0953","G0953_06","decreasing",2,7,17,11,8,14,5,8
"9527","G0953","G0953_07","decreasing",8,3,19,11,16,7,5,12
"9528","G0953","G0953_08","decreasing",12,9,19,13,10,20,4,17
"9529","G0953","G0953_09","decreasing",6,6,12,8,9,12,3,9
"9530","G0953","G0953_10","decreasing",0,8,3,0,1,5,1,1
"9531","G0954","G0954_01","inactive",5,6,5,6,2,7,2,3
"9532","G0954","G0954_02","inactive",2,8,7,6,0,12,7,10
"9533","G0954","G0954_03","inactive",2,0,4,0,1,1,0,0
"9534","G0954","G0954_04","inactive",6,11,16,10,6,23,2,14
"9535","G0954","G0954_05","inactive",10,12,12,3,6,11,3,7
"9536","G0954","G0954_06","inactive",1,10,9,5,5,16,2,5
"9537","G0954","G0954_07","inactive",26,22,39,34,31,31,11,31
"9538","G0954","G0954_08","inactive",0,2,3,1,2,0,2,3
"9539","G0954","G0954_09","inactive",10,6,15,9,20,15,4,5
"9540","G0954","G0954_10","inactive",2,4,11,2,4,6,4,5
"9541","G0955","G0955_01","inactive",2,3,2,3,4,5,5,3
"9542","G0955","G0955_02","inactive",11,7,7,11,6,11,5,7
"9543","G0955","G0955_03","inactive",6,9,31,13,10,16,3,11
"9544","G0955","G0955_04","inactive",4,1,8,4,6,5,4,6
"9545","G0955","G0955_05","inactive",2,6,5,5,3,10,1,9
"9546","G0955","G0955_06","inactive",7,4,7,6,10,17,3,7
"9547","G0955","G0955_07","inactive",51,53,91,38,51,69,29,64
"9548","G0955","G0955_08","inactive",14,29,28,19,27,32,11,29
"9549","G0955","G0955_09","inactive",3,9,15,8,9,17,4,14
"9550","G0955","G0955_10","inactive",13,18,10,14,14,15,10,25
"9551","G0956","G0956_01","inactive",3,11,8,2,4,23,6,3
"9552","G0956","G0956_02","inactive",3,8,4,11,11,19,3,7
"9553","G0956","G0956_03","inactive",4,3,4,2,6,7,1,2
"9554","G0956","G0956_04","inactive",6,25,14,13,20,30,5,16
"9555","G0956","G0956_05","inactive",5,5,7,4,5,7,3,2
"9556","G0956","G0956_06","inactive",9,24,21,8,11,33,5,11
"9557","G0956","G0956_07","inactive",0,5,7,0,0,0,0,7
"9558","G0956","G0956_08","inactive",4,7,10,3,6,12,2,6
"9559","G0956","G0956_09","inactive",2,1,13,7,3,3,1,10
"9560","G0956","G0956_10","inactive",2,8,12,7,6,14,2,9
"9561","G0957","G0957_01","inactive",4,2,4,3,4,6,3,4
"9562","G0957","G0957_02","inactive",9,6,19,9,8,18,8,9
"9563","G0957","G0957_03","inactive",3,3,3,4,2,5,3,8
"9564","G0957","G0957_04","inactive",4,12,16,3,5,18,4,9
"9565","G0957","G0957_05","inactive",7,10,8,2,4,13,1,14
"9566","G0957","G0957_06","inactive",15,9,8,6,15,13,10,9
"9567","G0957","G0957_07","inactive",6,13,25,7,16,17,6,24
"9568","G0957","G0957_08","inactive",20,14,29,14,22,32,4,16
"9569","G0957","G0957_09","inactive",10,4,20,7,7,10,6,8
"9570","G0957","G0957_10","inactive",1,4,9,4,5,11,3,9
"9571","G0958","G0958_01","inactive",4,9,7,15,11,14,8,18
"9572","G0958","G0958_02","inactive",4,5,1,7,1,4,0,3
"9573","G0958","G0958_03","inactive",3,14,11,10,6,15,4,9
"9574","G0958","G0958_04","inactive",7,5,5,3,6,15,2,11
"9575","G0958","G0958_05","inactive",4,13,10,4,2,29,3,1
"9576","G0958","G0958_06","inactive",9,17,24,12,13,19,9,20
"9577","G0958","G0958_07","inactive",9,8,21,4,10,8,2,10
"9578","G0958","G0958_08","inactive",23,32,43,22,30,50,15,31
"9579","G0958","G0958_09","inactive",7,9,17,5,9,15,4,9
"9580","G0958","G0958_10","inactive",4,13,9,7,11,13,4,3
"9581","G0959","G0959_01","inactive",5,10,11,11,17,20,5,15
"9582","G0959","G0959_02","inactive",22,36,47,36,41,38,16,42
"9583","G0959","G0959_03","inactive",2,6,5,2,3,12,0,7
"9584","G0959","G0959_04","inactive",1,2,2,4,1,3,0,3
"9585","G0959","G0959_05","inactive",9,27,20,22,26,21,6,14
"9586","G0959","G0959_06","inactive",1,14,12,7,3,17,3,19
"9587","G0959","G0959_07","inactive",6,13,6,11,5,17,3,14
"9588","G0959","G0959_08","inactive",14,13,17,11,15,26,5,21
"9589","G0959","G0959_09","inactive",8,12,12,5,5,13,6,7
"9590","G0959","G0959_10","inactive",6,5,13,2,5,8,3,8
"9591","G0960","G0960_01","inactive",3,6,12,9,7,12,7,9
"9592","G0960","G0960_02","inactive",2,5,4,3,2,4,1,8
"9593","G0960","G0960_03","inactive",4,9,12,6,4,19,6,8
"9594","G0960","G0960_04","inactive",3,6,13,4,4,5,2,7
"9595","G0960","G0960_05","inactive",9,9,10,13,12,12,3,11
"9596","G0960","G0960_06","inactive",1,5,8,4,7,11,2,6
"9597","G0960","G0960_07","inactive",2,1,1,0,2,4,0,0
"9598","G0960","G0960_08","inactive",1,0,7,0,2,1,0,1
"9599","G0960","G0960_09","inactive",6,8,14,12,11,15,1,7
"9600","G0960","G0960_10","inactive",4,5,11,5,16,11,6,6
"9601","G0961","G0961_01","inactive",4,9,3,11,11,8,3,15
"9602","G0961","G0961_02","inactive",5,14,23,12,5,22,2,13
"9603","G0961","G0961_03","inactive",0,5,2,2,5,6,4,2
"9604","G0961","G0961_04","inactive",8,10,16,9,6,16,3,8
"9605","G0961","G0961_05","inactive",5,9,13,7,5,11,1,18
"9606","G0961","G0961_06","inactive",3,3,6,4,6,6,3,4
"9607","G0961","G0961_07","inactive",4,13,15,6,8,11,7,4
"9608","G0961","G0961_08","inactive",2,2,10,4,4,7,2,3
"9609","G0961","G0961_09","inactive",3,3,0,1,3,3,0,2
"9610","G0961","G0961_10","inactive",7,8,22,18,17,22,5,10
"9611","G0962","G0962_01","inactive",4,3,14,5,8,12,3,4
"9612","G0962","G0962_02","inactive",23,28,47,30,40,46,16,52
"9613","G0962","G0962_03","inactive",10,11,24,18,20,17,7,21
"9614","G0962","G0962_04","inactive",1,10,12,10,8,14,2,4
"9615","G0962","G0962_05","inactive",19,10,33,12,27,21,9,18
"9616","G0962","G0962_06","inactive",17,37,45,29,23,68,12,42
"9617","G0962","G0962_07","inactive",1,6,10,4,3,5,3,2
"9618","G0962","G0962_08","inactive",2,4,6,1,0,4,2,0
"9619","G0962","G0962_09","inactive",3,5,10,8,4,8,2,9
"9620","G0962","G0962_10","inactive",21,13,44,29,33,39,16,33
"9621","G0963","G0963_01","inactive",8,13,17,12,13,11,5,14
"9622","G0963","G0963_02","inactive",3,2,7,3,6,7,0,6
"9623","G0963","G0963_03","inactive",7,13,18,12,10,26,1,9
"9624","G0963","G0963_04","inactive",1,3,9,6,8,18,6,4
"9625","G0963","G0963_05","inactive",0,1,15,8,3,11,6,5
"9626","G0963","G0963_06","inactive",0,2,0,2,0,5,0,0
"9627","G0963","G0963_07","inactive",7,21,14,16,22,32,10,16
"9628","G0963","G0963_08","inactive",0,1,1,0,2,3,1,2
"9629","G0963","G0963_09","inactive",3,3,8,4,3,10,2,8
"9630","G0963","G0963_10","inactive",7,17,17,15,10,22,4,24
"9631","G0964","G0964_01","inactive",6,5,8,6,8,7,1,8
"9632","G0964","G0964_02","inactive",6,9,33,4,10,13,7,7
"9633","G0964","G0964_03","inactive",10,9,18,13,10,15,6,16
"9634","G0964","G0964_04","inactive",3,8,2,7,5,15,1,8
"9635","G0964","G0964_05","inactive",8,14,24,13,14,17,1,17
"9636","G0964","G0964_06","inactive",1,1,5,0,3,6,2,3
"9637","G0964","G0964_07","inactive",21,24,43,20,28,39,5,28
"9638","G0964","G0964_08","inactive",2,1,4,6,11,1,4,4
"9639","G0964","G0964_09","inactive",1,1,9,0,4,6,2,2
"9640","G0964","G0964_10","inactive",12,23,26,18,12,34,15,21
"9641","G0965","G0965_01","inactive",3,3,5,7,5,9,3,5
"9642","G0965","G0965_02","inactive",5,5,10,18,16,7,4,18
"9643","G0965","G0965_03","inactive",8,20,35,9,8,26,8,14
"9644","G0965","G0965_04","inactive",4,14,9,7,11,6,4,4
"9645","G0965","G0965_05","inactive",7,2,8,5,5,12,2,10
"9646","G0965","G0965_06","inactive",19,20,51,20,21,43,13,34
"9647","G0965","G0965_07","inactive",3,10,16,13,8,11,3,18
"9648","G0965","G0965_08","inactive",4,2,3,3,7,9,1,4
"9649","G0965","G0965_09","inactive",9,8,15,11,12,30,7,21
"9650","G0965","G0965_10","inactive",1,5,7,2,0,4,0,4
"9651","G0966","G0966_01","inactive",2,4,8,1,8,6,1,2
"9652","G0966","G0966_02","inactive",5,9,7,6,3,17,2,5
"9653","G0966","G0966_03","inactive",1,0,6,0,1,0,1,1
"9654","G0966","G0966_04","inactive",11,7,18,18,13,13,3,19
"9655","G0966","G0966_05","inactive",7,14,22,10,17,27,3,17
"9656","G0966","G0966_06","inactive",5,11,12,6,6,22,3,14
"9657","G0966","G0966_07","inactive",10,16,24,15,11,27,8,13
"9658","G0966","G0966_08","inactive",11,16,15,11,12,16,4,16
"9659","G0966","G0966_09","inactive",0,4,8,5,4,12,0,9
"9660","G0966","G0966_10","inactive",3,8,19,18,8,14,5,14
"9661","G0967","G0967_01","inactive",3,4,4,7,5,3,3,14
"9662","G0967","G0967_02","inactive",17,25,48,35,33,44,12,39
"9663","G0967","G0967_03","inactive",2,9,11,7,3,14,4,12
"9664","G0967","G0967_04","inactive",11,16,22,5,7,21,6,13
"9665","G0967","G0967_05","inactive",1,8,14,13,8,8,5,11
"9666","G0967","G0967_06","inactive",2,5,11,6,5,9,0,14
"9667","G0967","G0967_07","inactive",6,7,10,4,5,10,3,7
"9668","G0967","G0967_08","inactive",12,10,16,19,11,13,0,18
"9669","G0967","G0967_09","inactive",6,18,21,7,15,14,2,16
"9670","G0967","G0967_10","inactive",3,1,3,4,5,0,2,2
"9671","G0968","G0968_01","inactive",1,2,0,2,3,2,2,6
"9672","G0968","G0968_02","inactive",24,29,51,25,31,45,19,32
"9673","G0968","G0968_03","inactive",0,7,12,3,2,15,2,13
"9674","G0968","G0968_04","inactive",3,13,11,4,5,22,5,7
"9675","G0968","G0968_05","inactive",2,3,5,1,3,7,6,2
"9676","G0968","G0968_06","inactive",2,5,7,14,9,6,1,14
"9677","G0968","G0968_07","inactive",4,12,10,6,9,22,6,7
"9678","G0968","G0968_08","inactive",14,18,11,9,12,21,9,15
"9679","G0968","G0968_09","inactive",8,12,31,21,10,23,11,23
"9680","G0968","G0968_10","inactive",2,3,7,7,6,6,3,9
"9681","G0969","G0969_01","inactive",1,1,4,0,4,2,3,3
"9682","G0969","G0969_02","inactive",8,13,19,12,18,12,3,11
"9683","G0969","G0969_03","inactive",6,3,7,6,7,14,2,7
"9684","G0969","G0969_04","inactive",4,16,19,10,11,23,5,14
"9685","G0969","G0969_05","inactive",4,6,4,5,5,18,3,13
"9686","G0969","G0969_06","inactive",11,16,9,15,12,33,3,8
"9687","G0969","G0969_07","inactive",15,11,12,9,15,20,2,2
"9688","G0969","G0969_08","inactive",1,6,10,4,4,8,5,4
"9689","G0969","G0969_09","inactive",11,2,9,5,4,6,1,8
"9690","G0969","G0969_10","inactive",7,3,6,2,6,8,4,4
"9691","G0970","G0970_01","inactive",2,0,16,9,7,10,13,21
"9692","G0970","G0970_02","inactive",0,1,1,0,0,1,0,0
"9693","G0970","G0970_03","inactive",0,8,2,4,7,14,0,7
"9694","G0970","G0970_04","inactive",3,8,20,4,12,23,9,1
"9695","G0970","G0970_05","inactive",12,13,14,12,8,10,7,21
"9696","G0970","G0970_06","inactive",1,1,11,3,2,0,3,4
"9697","G0970","G0970_07","inactive",3,0,1,1,3,7,0,0
"9698","G0970","G0970_08","inactive",3,13,10,8,7,16,5,26
"9699","G0970","G0970_09","inactive",4,2,2,4,10,5,0,4
"9700","G0970","G0970_10","inactive",2,1,7,4,4,1,3,2
"9701","G0971","G0971_01","decreasing",17,6,25,23,19,21,5,14
"9702","G0971","G0971_02","decreasing",1,2,8,8,0,0,3,6
"9703","G0971","G0971_03","decreasing",6,19,35,25,15,18,8,24
"9704","G0971","G0971_04","decreasing",2,4,10,2,6,7,4,4
"9705","G0971","G0971_05","decreasing",16,19,40,33,29,27,12,34
"9706","G0971","G0971_06","decreasing",17,22,27,27,16,23,8,25
"9707","G0971","G0971_07","decreasing",0,3,10,1,1,2,0,2
"9708","G0971","G0971_08","decreasing",0,8,7,3,5,6,4,8
"9709","G0971","G0971_09","decreasing",18,12,28,35,20,31,12,40
"9710","G0971","G0971_10","decreasing",39,49,80,64,46,54,15,73
"9711","G0972","G0972_01","inactive",29,40,79,36,51,48,21,56
"9712","G0972","G0972_02","inactive",2,21,14,6,12,13,5,9
"9713","G0972","G0972_03","inactive",1,13,7,6,3,14,5,5
"9714","G0972","G0972_04","inactive",54,95,100,95,75,127,43,107
"9715","G0972","G0972_05","inactive",14,37,48,40,37,68,20,64
"9716","G0972","G0972_06","inactive",1,3,15,9,3,4,6,7
"9717","G0972","G0972_07","inactive",2,3,2,2,5,9,1,2
"9718","G0972","G0972_08","inactive",2,3,5,1,2,8,2,4
"9719","G0972","G0972_09","inactive",4,2,10,6,4,4,3,1
"9720","G0972","G0972_10","inactive",3,6,2,9,6,10,3,11
"9721","G0973","G0973_01","inactive",2,14,21,13,12,17,6,12
"9722","G0973","G0973_02","inactive",5,5,7,4,4,6,2,7
"9723","G0973","G0973_03","inactive",3,6,9,5,9,7,10,8
"9724","G0973","G0973_04","inactive",51,40,106,76,47,66,36,74
"9725","G0973","G0973_05","inactive",2,1,1,6,2,0,0,4
"9726","G0973","G0973_06","inactive",4,16,26,17,17,23,13,29
"9727","G0973","G0973_07","inactive",9,18,21,26,16,27,6,24
"9728","G0973","G0973_08","inactive",8,11,13,11,8,8,4,8
"9729","G0973","G0973_09","inactive",4,6,14,8,10,5,6,10
"9730","G0973","G0973_10","inactive",5,11,6,6,6,2,6,7
"9731","G0974","G0974_01","inactive",11,8,10,5,8,9,0,5
"9732","G0974","G0974_02","inactive",1,9,8,7,7,10,4,6
"9733","G0974","G0974_03","inactive",0,6,4,3,3,8,1,3
"9734","G0974","G0974_04","inactive",3,8,6,4,7,14,2,10
"9735","G0974","G0974_05","inactive",15,19,35,15,18,20,8,31
"9736","G0974","G0974_06","inactive",12,10,24,22,19,24,9,20
"9737","G0974","G0974_07","inactive",9,13,16,9,10,17,7,24
"9738","G0974","G0974_08","inactive",9,6,4,10,11,6,1,15
"9739","G0974","G0974_09","inactive",11,13,22,10,18,26,2,14
"9740","G0974","G0974_10","inactive",2,9,7,11,5,9,3,10
"9741","G0975","G0975_01","increasing",9,10,17,12,17,27,9,29
"9742","G0975","G0975_02","increasing",17,18,29,25,28,31,6,31
"9743","G0975","G0975_03","increasing",3,6,9,8,13,10,3,13
"9744","G0975","G0975_04","increasing",1,5,1,3,4,0,1,5
"9745","G0975","G0975_05","increasing",1,8,3,2,4,16,2,3
"9746","G0975","G0975_06","increasing",4,3,2,10,16,10,2,9
"9747","G0975","G0975_07","increasing",5,11,12,5,10,14,8,9
"9748","G0975","G0975_08","increasing",9,11,17,18,13,29,8,19
"9749","G0975","G0975_09","increasing",8,12,19,9,11,20,4,12
"9750","G0975","G0975_10","increasing",3,8,13,6,10,15,6,8
"9751","G0976","G0976_01","inactive",2,5,5,8,5,2,2,19
"9752","G0976","G0976_02","inactive",8,13,30,12,9,17,10,21
"9753","G0976","G0976_03","inactive",17,28,60,23,25,31,15,40
"9754","G0976","G0976_04","inactive",9,20,36,14,11,30,10,28
"9755","G0976","G0976_05","inactive",6,14,12,11,9,29,2,10
"9756","G0976","G0976_06","inactive",5,4,5,0,8,10,1,8
"9757","G0976","G0976_07","inactive",7,10,17,11,6,9,8,23
"9758","G0976","G0976_08","inactive",7,4,13,2,10,8,2,6
"9759","G0976","G0976_09","inactive",2,10,6,7,3,6,1,2
"9760","G0976","G0976_10","inactive",0,4,0,11,3,6,1,6
"9761","G0977","G0977_01","inactive",15,18,28,20,23,18,8,27
"9762","G0977","G0977_02","inactive",4,14,15,9,15,19,4,15
"9763","G0977","G0977_03","inactive",7,11,12,11,8,12,7,9
"9764","G0977","G0977_04","inactive",11,7,21,12,10,18,4,3
"9765","G0977","G0977_05","inactive",8,10,14,3,5,4,1,4
"9766","G0977","G0977_06","inactive",2,10,9,0,5,30,0,1
"9767","G0977","G0977_07","inactive",6,6,15,13,12,12,5,18
"9768","G0977","G0977_08","inactive",6,4,13,4,7,6,7,19
"9769","G0977","G0977_09","inactive",6,4,5,2,5,9,1,7
"9770","G0977","G0977_10","inactive",2,1,4,10,6,2,4,4
"9771","G0978","G0978_01","decreasing",42,66,52,56,34,61,18,50
"9772","G0978","G0978_02","decreasing",2,5,6,1,5,2,0,8
"9773","G0978","G0978_03","decreasing",6,8,26,8,2,11,6,6
"9774","G0978","G0978_04","decreasing",3,21,8,5,1,15,1,3
"9775","G0978","G0978_05","decreasing",2,8,3,9,3,6,0,3
"9776","G0978","G0978_06","decreasing",3,15,15,4,5,21,1,2
"9777","G0978","G0978_07","decreasing",3,15,9,6,10,21,5,7
"9778","G0978","G0978_08","decreasing",17,16,17,13,18,32,8,24
"9779","G0978","G0978_09","decreasing",3,4,1,4,4,6,0,5
"9780","G0978","G0978_10","decreasing",1,1,1,7,3,4,0,3
"9781","G0979","G0979_01","decreasing",6,3,12,9,8,6,1,11
"9782","G0979","G0979_02","decreasing",4,12,17,8,4,11,4,15
"9783","G0979","G0979_03","decreasing",12,16,25,22,10,19,7,31
"9784","G0979","G0979_04","decreasing",5,3,8,2,2,5,2,4
"9785","G0979","G0979_05","decreasing",10,27,56,42,17,48,17,41
"9786","G0979","G0979_06","decreasing",0,6,4,1,3,9,0,4
"9787","G0979","G0979_07","decreasing",3,14,12,4,5,9,5,2
"9788","G0979","G0979_08","decreasing",7,5,22,6,2,18,2,6
"9789","G0979","G0979_09","decreasing",7,14,11,10,4,22,5,7
"9790","G0979","G0979_10","decreasing",7,20,41,20,18,30,10,27
"9791","G0980","G0980_01","inactive",2,7,8,1,3,10,4,3
"9792","G0980","G0980_02","inactive",3,4,11,2,6,3,6,4
"9793","G0980","G0980_03","inactive",1,2,7,5,0,4,3,0
"9794","G0980","G0980_04","inactive",8,4,14,3,19,4,3,6
"9795","G0980","G0980_05","inactive",2,1,5,4,4,6,2,3
"9796","G0980","G0980_06","inactive",13,19,17,13,21,29,12,23
"9797","G0980","G0980_07","inactive",2,1,6,1,7,7,5,1
"9798","G0980","G0980_08","inactive",6,16,4,4,6,7,3,5
"9799","G0980","G0980_09","inactive",2,4,20,7,5,4,5,11
"9800","G0980","G0980_10","inactive",3,4,16,6,11,12,1,2
"9801","G0981","G0981_01","inactive",18,31,33,20,28,46,6,40
"9802","G0981","G0981_02","inactive",7,10,20,6,11,5,6,13
"9803","G0981","G0981_03","inactive",6,6,5,1,5,5,4,3
"9804","G0981","G0981_04","inactive",10,20,17,9,9,32,6,13
"9805","G0981","G0981_05","inactive",11,13,38,26,22,25,19,20
"9806","G0981","G0981_06","inactive",6,21,19,11,8,23,2,23
"9807","G0981","G0981_07","inactive",11,15,12,10,5,17,8,20
"9808","G0981","G0981_08","inactive",10,17,17,12,6,21,6,16
"9809","G0981","G0981_09","inactive",2,5,1,5,8,12,3,6
"9810","G0981","G0981_10","inactive",10,3,8,4,4,4,3,7
"9811","G0982","G0982_01","inactive",6,14,15,13,10,24,7,15
"9812","G0982","G0982_02","inactive",10,22,31,21,24,43,13,21
"9813","G0982","G0982_03","inactive",6,8,4,7,7,10,2,7
"9814","G0982","G0982_04","inactive",1,5,1,9,1,5,4,12
"9815","G0982","G0982_05","inactive",1,7,6,7,4,9,0,2
"9816","G0982","G0982_06","inactive",8,5,13,8,15,16,7,11
"9817","G0982","G0982_07","inactive",10,10,21,11,12,12,5,20
"9818","G0982","G0982_08","inactive",14,15,23,19,10,27,13,21
"9819","G0982","G0982_09","inactive",17,17,18,19,12,26,2,23
"9820","G0982","G0982_10","inactive",16,15,41,16,16,24,6,28
"9821","G0983","G0983_01","inactive",6,7,14,19,5,20,4,14
"9822","G0983","G0983_02","inactive",1,3,8,4,1,10,6,14
"9823","G0983","G0983_03","inactive",5,7,8,2,0,12,5,2
"9824","G0983","G0983_04","inactive",5,4,22,10,8,12,9,12
"9825","G0983","G0983_05","inactive",6,6,1,5,11,11,2,13
"9826","G0983","G0983_06","inactive",4,5,21,8,9,10,9,8
"9827","G0983","G0983_07","inactive",6,2,4,3,8,7,3,10
"9828","G0983","G0983_08","inactive",6,5,12,9,6,12,2,4
"9829","G0983","G0983_09","inactive",9,6,9,9,6,13,3,9
"9830","G0983","G0983_10","inactive",16,15,10,16,14,23,4,24
"9831","G0984","G0984_01","inactive",9,8,11,6,9,20,2,7
"9832","G0984","G0984_02","inactive",9,25,24,11,16,39,11,20
"9833","G0984","G0984_03","inactive",4,4,4,2,1,6,2,3
"9834","G0984","G0984_04","inactive",4,5,7,6,6,9,3,9
"9835","G0984","G0984_05","inactive",7,10,25,6,8,6,3,2
"9836","G0984","G0984_06","inactive",1,7,12,4,1,12,1,17
"9837","G0984","G0984_07","inactive",9,6,16,11,7,17,7,8
"9838","G0984","G0984_08","inactive",51,65,80,49,59,100,37,65
"9839","G0984","G0984_09","inactive",2,10,11,7,8,9,1,17
"9840","G0984","G0984_10","inactive",2,5,12,4,6,9,5,9
"9841","G0985","G0985_01","negcontrol",4,0,2,1,6,2,0,3
"9842","G0985","G0985_02","negcontrol",4,1,8,4,3,3,1,9
"9843","G0985","G0985_03","negcontrol",36,20,35,32,18,39,8,29
"9844","G0985","G0985_04","negcontrol",5,1,14,1,8,8,5,7
"9845","G0985","G0985_05","negcontrol",6,4,11,4,8,9,0,4
"9846","G0985","G0985_06","negcontrol",4,2,10,4,4,5,3,3
"9847","G0985","G0985_07","negcontrol",2,9,9,3,3,8,1,2
"9848","G0985","G0985_08","negcontrol",1,3,14,7,3,5,6,8
"9849","G0985","G0985_09","negcontrol",4,9,10,9,11,12,3,11
"9850","G0985","G0985_10","negcontrol",14,16,23,9,10,10,11,10
"9851","G0986","G0986_01","inactive",10,12,10,14,13,11,6,16
"9852","G0986","G0986_02","inactive",5,8,6,15,9,25,3,21
"9853","G0986","G0986_03","inactive",3,7,5,2,2,5,0,7
"9854","G0986","G0986_04","inactive",2,3,8,6,7,3,4,11
"9855","G0986","G0986_05","inactive",27,14,44,20,27,39,10,35
"9856","G0986","G0986_06","inactive",8,1,3,1,4,2,0,3
"9857","G0986","G0986_07","inactive",5,6,26,18,18,10,3,18
"9858","G0986","G0986_08","inactive",6,5,10,8,9,5,7,14
"9859","G0986","G0986_09","inactive",6,11,10,7,10,12,7,18
"9860","G0986","G0986_10","inactive",1,0,3,3,2,0,0,3
"9861","G0987","G0987_01","decreasing",4,6,8,13,7,2,0,6
"9862","G0987","G0987_02","decreasing",12,16,20,4,10,19,4,4
"9863","G0987","G0987_03","decreasing",1,4,1,4,3,4,0,3
"9864","G0987","G0987_04","decreasing",0,1,5,2,1,5,4,1
"9865","G0987","G0987_05","decreasing",9,14,20,5,12,16,4,11
"9866","G0987","G0987_06","decreasing",4,16,9,9,7,13,1,6
"9867","G0987","G0987_07","decreasing",10,19,10,12,13,20,3,22
"9868","G0987","G0987_08","decreasing",27,23,72,52,44,41,18,47
"9869","G0987","G0987_09","decreasing",7,5,5,14,10,12,2,9
"9870","G0987","G0987_10","decreasing",5,6,4,1,5,6,1,2
"9871","G0988","G0988_01","inactive",5,13,21,9,6,14,11,15
"9872","G0988","G0988_02","inactive",19,10,35,25,17,20,9,15
"9873","G0988","G0988_03","inactive",13,17,26,33,26,20,7,29
"9874","G0988","G0988_04","inactive",10,10,12,9,17,14,2,8
"9875","G0988","G0988_05","inactive",7,11,16,12,9,12,11,25
"9876","G0988","G0988_06","inactive",15,8,13,16,18,14,8,23
"9877","G0988","G0988_07","inactive",14,14,41,22,25,31,15,34
"9878","G0988","G0988_08","inactive",2,15,10,10,9,8,4,9
"9879","G0988","G0988_09","inactive",14,13,18,13,10,16,5,19
"9880","G0988","G0988_10","inactive",1,3,5,1,3,7,3,7
"9881","G0989","G0989_01","inactive",2,8,7,5,7,7,6,12
"9882","G0989","G0989_02","inactive",8,4,17,5,2,3,4,13
"9883","G0989","G0989_03","inactive",4,5,1,5,4,10,0,5
"9884","G0989","G0989_04","inactive",4,6,20,8,2,15,8,12
"9885","G0989","G0989_05","inactive",5,20,28,7,9,30,9,25
"9886","G0989","G0989_06","inactive",5,3,2,8,4,5,2,1
"9887","G0989","G0989_07","inactive",4,4,5,3,2,7,3,9
"9888","G0989","G0989_08","inactive",3,12,28,16,12,18,7,15
"9889","G0989","G0989_09","inactive",0,7,8,2,5,5,1,4
"9890","G0989","G0989_10","inactive",2,3,9,0,7,5,3,3
"9891","G0990","G0990_01","inactive",3,5,5,4,4,6,3,5
"9892","G0990","G0990_02","inactive",11,6,22,15,16,23,3,15
"9893","G0990","G0990_03","inactive",6,10,20,14,11,10,2,23
"9894","G0990","G0990_04","inactive",3,6,7,5,6,5,6,10
"9895","G0990","G0990_05","inactive",3,1,12,3,2,3,4,5
"9896","G0990","G0990_06","inactive",19,30,43,27,21,54,12,26
"9897","G0990","G0990_07","inactive",2,3,4,0,4,6,1,2
"9898","G0990","G0990_08","inactive",7,4,4,10,12,10,2,13
"9899","G0990","G0990_09","inactive",7,12,20,1,13,19,6,3
"9900","G0990","G0990_10","inactive",0,2,7,1,0,7,2,4
"9901","G0991","G0991_01","increasing",9,12,33,12,14,25,5,14
"9902","G0991","G0991_02","increasing",6,8,12,11,7,11,6,13
"9903","G0991","G0991_03","increasing",2,3,6,0,6,2,3,4
"9904","G0991","G0991_04","increasing",1,8,14,3,5,4,3,7
"9905","G0991","G0991_05","increasing",11,25,23,14,15,27,13,17
"9906","G0991","G0991_06","increasing",16,21,26,11,36,55,22,35
"9907","G0991","G0991_07","increasing",3,5,10,13,4,18,7,6
"9908","G0991","G0991_08","increasing",1,3,6,0,5,1,1,2
"9909","G0991","G0991_09","increasing",1,2,3,0,2,4,1,3
"9910","G0991","G0991_10","increasing",1,13,3,11,9,18,0,10
"9911","G0992","G0992_01","decreasing",7,16,28,13,5,5,5,11
"9912","G0992","G0992_02","decreasing",6,4,15,9,2,4,1,8
"9913","G0992","G0992_03","decreasing",7,9,19,10,8,20,6,7
"9914","G0992","G0992_04","decreasing",8,14,20,11,9,7,8,13
"9915","G0992","G0992_05","decreasing",18,23,30,41,19,33,8,20
"9916","G0992","G0992_06","decreasing",1,5,8,3,5,2,1,8
"9917","G0992","G0992_07","decreasing",12,16,27,18,22,20,6,28
"9918","G0992","G0992_08","decreasing",6,18,22,24,10,11,3,14
"9919","G0992","G0992_09","decreasing",21,40,59,30,24,33,16,33
"9920","G0992","G0992_10","decreasing",7,12,26,2,8,14,4,2
"9921","G0993","G0993_01","inactive",12,14,27,13,15,28,7,27
"9922","G0993","G0993_02","inactive",18,22,43,15,27,46,11,30
"9923","G0993","G0993_03","inactive",3,1,10,4,3,7,4,11
"9924","G0993","G0993_04","inactive",6,13,23,20,13,18,7,8
"9925","G0993","G0993_05","inactive",1,2,13,6,5,9,4,12
"9926","G0993","G0993_06","inactive",17,18,54,25,31,46,6,35
"9927","G0993","G0993_07","inactive",9,8,17,15,9,16,5,21
"9928","G0993","G0993_08","inactive",3,4,4,6,4,7,0,9
"9929","G0993","G0993_09","inactive",10,9,17,10,9,5,3,10
"9930","G0993","G0993_10","inactive",4,5,9,13,6,23,1,11
"9931","G0994","G0994_01","inactive",19,23,21,24,29,24,13,26
"9932","G0994","G0994_02","inactive",10,3,4,4,6,13,3,8
"9933","G0994","G0994_03","inactive",12,32,47,19,17,44,13,29
"9934","G0994","G0994_04","inactive",2,5,6,10,3,4,1,6
"9935","G0994","G0994_05","inactive",5,2,5,3,2,8,3,8
"9936","G0994","G0994_06","inactive",4,2,4,4,9,4,1,2
"9937","G0994","G0994_07","inactive",9,17,14,8,9,17,9,17
"9938","G0994","G0994_08","inactive",5,4,2,4,0,4,1,0
"9939","G0994","G0994_09","inactive",6,5,19,3,11,10,3,7
"9940","G0994","G0994_10","inactive",46,62,102,71,85,110,33,97
"9941","G0995","G0995_01","increasing",2,4,5,10,3,5,5,7
"9942","G0995","G0995_02","increasing",3,3,0,4,2,8,4,5
"9943","G0995","G0995_03","increasing",3,9,9,12,9,11,1,24
"9944","G0995","G0995_04","increasing",0,1,0,1,4,1,1,5
"9945","G0995","G0995_05","increasing",6,13,2,4,10,31,1,12
"9946","G0995","G0995_06","increasing",8,12,17,10,27,36,6,17
"9947","G0995","G0995_07","increasing",1,0,16,8,1,10,1,14
"9948","G0995","G0995_08","increasing",9,4,21,7,8,11,2,18
"9949","G0995","G0995_09","increasing",3,8,9,3,8,13,2,21
"9950","G0995","G0995_10","increasing",4,10,10,9,4,21,3,10
"9951","G0996","G0996_01","inactive",1,1,12,1,7,5,9,2
"9952","G0996","G0996_02","inactive",7,6,16,5,9,20,5,10
"9953","G0996","G0996_03","inactive",9,12,13,9,4,15,3,13
"9954","G0996","G0996_04","inactive",2,1,10,1,7,5,1,7
"9955","G0996","G0996_05","inactive",10,6,13,17,12,17,5,21
"9956","G0996","G0996_06","inactive",1,11,11,8,4,21,4,14
"9957","G0996","G0996_07","inactive",5,12,14,12,10,14,7,11
"9958","G0996","G0996_08","inactive",8,13,13,14,11,20,8,11
"9959","G0996","G0996_09","inactive",2,7,8,1,5,10,2,7
"9960","G0996","G0996_10","inactive",5,0,6,2,6,0,2,0
"9961","G0997","G0997_01","negcontrol",2,8,7,4,2,12,3,2
"9962","G0997","G0997_02","negcontrol",2,6,2,9,5,3,0,5
"9963","G0997","G0997_03","negcontrol",1,10,5,6,6,7,2,9
"9964","G0997","G0997_04","negcontrol",4,4,8,15,8,7,2,11
"9965","G0997","G0997_05","negcontrol",3,4,11,14,3,8,4,10
"9966","G0997","G0997_06","negcontrol",16,29,39,23,24,24,17,26
"9967","G0997","G0997_07","negcontrol",9,8,18,9,11,18,5,10
"9968","G0997","G0997_08","negcontrol",15,7,13,9,11,15,2,6
"9969","G0997","G0997_09","negcontrol",2,0,1,8,2,2,1,6
"9970","G0997","G0997_10","negcontrol",13,30,20,23,28,28,9,26
"9971","G0998","G0998_01","inactive",4,4,10,7,0,10,1,5
"9972","G0998","G0998_02","inactive",13,25,38,34,23,52,11,34
"9973","G0998","G0998_03","inactive",1,6,0,0,2,3,2,5
"9974","G0998","G0998_04","inactive",7,9,7,5,9,12,1,6
"9975","G0998","G0998_05","inactive",2,6,10,6,1,1,1,3
"9976","G0998","G0998_06","inactive",6,2,5,5,12,11,3,3
"9977","G0998","G0998_07","inactive",8,13,12,21,13,23,7,20
"9978","G0998","G0998_08","inactive",2,5,5,8,4,6,1,4
"9979","G0998","G0998_09","inactive",16,21,19,21,11,22,5,36
"9980","G0998","G0998_10","inactive",18,21,24,18,17,20,5,23
"9981","G0999","G0999_01","inactive",4,4,2,9,8,4,1,3
"9982","G0999","G0999_02","inactive",6,4,11,9,12,14,3,9
"9983","G0999","G0999_03","inactive",5,8,14,9,7,16,3,10
"9984","G0999","G0999_04","inactive",3,7,9,3,6,14,3,5
"9985","G0999","G0999_05","inactive",2,8,6,4,1,10,3,9
"9986","G0999","G0999_06","inactive",4,6,3,2,8,12,1,7
"9987","G0999","G0999_07","inactive",7,3,4,7,6,3,0,8
"9988","G0999","G0999_08","inactive",2,4,1,2,1,12,1,6
"9989","G0999","G0999_09","inactive",4,9,18,24,7,23,5,13
"9990","G0999","G0999_10","inactive",5,3,4,9,5,4,1,12
"9991","G1000","G1000_01","inactive",9,23,17,19,13,30,7,15
"9992","G1000","G1000_02","inactive",3,8,10,9,2,7,3,2
"9993","G1000","G1000_03","inactive",0,6,11,9,6,13,2,9
"9994","G1000","G1000_04","inactive",8,13,13,10,10,12,4,17
"9995","G1000","G1000_05","inactive",14,21,19,22,15,22,7,21
"9996","G1000","G1000_06","inactive",2,0,8,6,8,0,1,7
"9997","G1000","G1000_07","inactive",9,11,22,10,14,21,16,11
"9998","G1000","G1000_08","inactive",1,1,2,8,4,5,1,7
"9999","G1000","G1000_09","inactive",1,1,3,2,2,2,0,1
"10000","G1000","G1000_10","inactive",5,10,8,5,5,9,6,1
